Aluminum, Weaver and Frederikse [124-1770nm]
123.980	-1.385748	0.103664
130.505	-1.651395	0.126028
137.756	-1.962468	0.157024
145.859	-2.32776	0.192402
154.975	-2.760385	0.239472
165.307	-3.283872	0.297496
177.114	-3.923264	0.37677
190.738	-4.709829	0.47806
206.633	-5.699981	0.62166
247.960	-8.619264	1.11796
258.292	-9.419751	1.26116
269.522	-10.331555	1.437012
281.773	-11.364864	1.64944
295.190	-12.545415	1.896768
309.950 -13.901164	2.19912
326.263	-15.46464	2.572792
344.389	-17.290507	3.030324
364.647	-19.423827	3.602764
387.438	-21.953664	4.33136
413.267	-24.967047	5.255104
442.786	-28.640621	6.44046
476.846	-33.156975	8.062
516.583	-38.793813	10.379516
563.545	-45.831392	13.938456
619.900	-54.235025	19.505232
652.526	-58.953897	23.275296
688.778	-64.290944	28.56981
729.294	-68.90388	36.743878
774.875	-67.017784	45.13425
826.533	-61.504456	45.61641
885.571	-62.432775	36.740488
953.692	-77.929577	26.274264
1033.17	-98.6125	25.2252
1127.09	-123.57236	26.856762
1239.80	-153.882352	30.212736
1377.56 -194.990745	35.445088
1549.75	-252.476889	46.07804
1771.14 -332.782684	64.88112
