200	3.6584	0
205	3.6202	0
210	3.586	0
215	3.5553	0
220	3.5275	0
225	3.5023	0
230	3.4793	0
235	3.4583	0
240	3.439	0
245	3.4213	0
250	3.4049	0
255	3.3897	0
260	3.3756	0
265	3.3625	0
270	3.3504	0
275	3.339	0
280	3.3283	0
285	3.3183	0
290	3.309	0
295	3.3002	0
300	3.2919	0
305	3.2841	0
310	3.2767	0
315	3.2697	0
320	3.2631	0
325	3.2568	0
330	3.2509	0
335	3.2452	0
340	3.2399	0
345	3.2348	0
350	3.2299	0
355	3.2253	0
360	3.2208	0
365	3.2166	0
370	3.2126	0
375	3.2087	0
380	3.205	0
385	3.2015	0
390	3.1981	0
395	3.1948	0
400	3.1917	0
405	3.1886	0
410	3.1857	0
415	3.183	0
420	3.1803	0
425	3.1777	0
430	3.1752	0
435	3.1728	0
440	3.1705	0
445	3.1682	0
450	3.1661	0
455	3.164	0
460	3.162	0
465	3.16	0
470	3.1581	0
475	3.1563	0
480	3.1545	0
485	3.1528	0
490	3.1511	0
495	3.1495	0
500	3.148	0
505	3.1464	0
510	3.1449	0
515	3.1435	0
520	3.1421	0
525	3.1408	0
530	3.1394	0
535	3.1381	0
540	3.1369	0
545	3.1357	0
550	3.1345	0
555	3.1333	0
560	3.1322	0
565	3.1311	0
570	3.13	0
575	3.129	0
580	3.1279	0
585	3.1269	0
590	3.126	0
595	3.125	0
600	3.1241	0
605	3.1232	0
610	3.1223	0
615	3.1214	0
620	3.1205	0
625	3.1197	0
630	3.1189	0
635	3.1181	0
640	3.1173	0
645	3.1165	0
650	3.1157	0
655	3.115	0
660	3.1143	0
665	3.1136	0
670	3.1129	0
675	3.1122	0
680	3.1115	0
685	3.1108	0
690	3.1102	0
695	3.1095	0
700	3.1089	0
705	3.1083	0
710	3.1077	0
715	3.1071	0
720	3.1065	0
725	3.1059	0
730	3.1053	0
735	3.1047	0
740	3.1042	0
745	3.1036	0
750	3.1031	0
755	3.1026	0
760	3.102	0
765	3.1015	0
770	3.101	0
775	3.1005	0
780	3.1	0
785	3.0995	0
790	3.099	0
795	3.0985	0
800	3.0981	0
805	3.0976	0
810	3.0971	0
815	3.0967	0
820	3.0962	0
825	3.0958	0
830	3.0953	0
835	3.0949	0
840	3.0945	0
845	3.094	0
850	3.0936	0
855	3.0932	0
860	3.0928	0
865	3.0924	0
870	3.092	0
875	3.0916	0
880	3.0912	0
885	3.0908	0
890	3.0904	0
895	3.09	0
900	3.0896	0
905	3.0892	0
910	3.0888	0
915	3.0884	0
920	3.0881	0
925	3.0877	0
930	3.0873	0
935	3.087	0
940	3.0866	0
945	3.0862	0
950	3.0859	0
955	3.0855	0
960	3.0852	0
965	3.0848	0
970	3.0845	0
975	3.0841	0
980	3.0838	0
985	3.0834	0
990	3.0831	0
995	3.0827	0
1000	3.0824	0
1005	3.0821	0
1010	3.0817	0
1015	3.0814	0
1020	3.0811	0
1025	3.0807	0
1030	3.0804	0
1035	3.0801	0
1040	3.0798	0
1045	3.0794	0
1050	3.0791	0
1055	3.0788	0
1060	3.0785	0
1065	3.0782	0
1070	3.0778	0
1075	3.0775	0
1080	3.0772	0
1085	3.0769	0
1090	3.0766	0
1095	3.0763	0
1100	3.076	0
1105	3.0756	0
1110	3.0753	0
1115	3.075	0
1120	3.0747	0
1125	3.0744	0
1130	3.0741	0
1135	3.0738	0
1140	3.0735	0
1145	3.0732	0
1150	3.0729	0
1155	3.0726	0
1160	3.0723	0
1165	3.072	0
1170	3.0717	0
1175	3.0714	0
1180	3.0711	0
1185	3.0708	0
1190	3.0705	0
1195	3.0702	0
1200	3.0699	0
1205	3.0696	0
1210	3.0693	0
1215	3.069	0
1220	3.0687	0
1225	3.0684	0
1230	3.0681	0
1235	3.0678	0
1240	3.0675	0
1245	3.0672	0
1250	3.0669	0
1255	3.0666	0
1260	3.0663	0
1265	3.066	0
1270	3.0658	0
1275	3.0655	0
1280	3.0652	0
1285	3.0649	0
1290	3.0646	0
1295	3.0643	0
1300	3.064	0
1305	3.0637	0
1310	3.0634	0
1315	3.0631	0
1320	3.0628	0
1325	3.0625	0
1330	3.0622	0
1335	3.0619	0
1340	3.0616	0
1345	3.0614	0
1350	3.0611	0
1355	3.0608	0
1360	3.0605	0
1365	3.0602	0
1370	3.0599	0
1375	3.0596	0
1380	3.0593	0
1385	3.059	0
1390	3.0587	0
1395	3.0584	0
1400	3.0581	0
1405	3.0578	0
1410	3.0575	0
1415	3.0572	0
1420	3.0569	0
1425	3.0566	0
1430	3.0563	0
1435	3.056	0
1440	3.0558	0
1445	3.0555	0
1450	3.0552	0
1455	3.0549	0
1460	3.0546	0
1465	3.0543	0
1470	3.054	0
1475	3.0537	0
1480	3.0534	0
1485	3.0531	0
1490	3.0528	0
1495	3.0525	0
1500	3.0522	0
1505	3.0519	0
1510	3.0516	0
1515	3.0513	0
1520	3.051	0
1525	3.0507	0
1530	3.0504	0
1535	3.0501	0
1540	3.0498	0
1545	3.0495	0
1550	3.0492	0
1555	3.0488	0
1560	3.0485	0
1565	3.0482	0
1570	3.0479	0
1575	3.0476	0
1580	3.0473	0
1585	3.047	0
1590	3.0467	0
1595	3.0464	0
1600	3.0461	0
1605	3.0458	0
1610	3.0455	0
1615	3.0452	0
1620	3.0448	0
1625	3.0445	0
1630	3.0442	0
1635	3.0439	0
1640	3.0436	0
1645	3.0433	0
1650	3.043	0
1655	3.0427	0
1660	3.0423	0
1665	3.042	0
1670	3.0417	0
1675	3.0414	0
1680	3.0411	0
1685	3.0408	0
1690	3.0405	0
1695	3.0401	0
1700	3.0398	0
1705	3.0395	0
1710	3.0392	0
1715	3.0389	0
1720	3.0385	0
1725	3.0382	0
1730	3.0379	0
1735	3.0376	0
1740	3.0372	0
1745	3.0369	0
1750	3.0366	0
1755	3.0363	0
1760	3.0359	0
1765	3.0356	0
1770	3.0353	0
1775	3.035	0
1780	3.0346	0
1785	3.0343	0
1790	3.034	0
1795	3.0337	0
1800	3.0333	0
1805	3.033	0
1810	3.0327	0
1815	3.0323	0
1820	3.032	0
1825	3.0317	0
1830	3.0313	0
1835	3.031	0
1840	3.0307	0
1845	3.0303	0
1850	3.03	0
1855	3.0296	0
1860	3.0293	0
1865	3.029	0
1870	3.0286	0
1875	3.0283	0
1880	3.0279	0
1885	3.0276	0
1890	3.0273	0
1895	3.0269	0
1900	3.0266	0
1905	3.0262	0
1910	3.0259	0
1915	3.0255	0
1920	3.0252	0
1925	3.0248	0
1930	3.0245	0
1935	3.0242	0
1940	3.0238	0
1945	3.0235	0
1950	3.0231	0
1955	3.0227	0
1960	3.0224	0
1965	3.022	0
1970	3.0217	0
1975	3.0213	0
1980	3.021	0
1985	3.0206	0
1990	3.0203	0
1995	3.0199	0
2000	3.0196	0
2005	3.0192	0
2010	3.0188	0
2015	3.0185	0
2020	3.0181	0
2025	3.0178	0
2030	3.0174	0
2035	3.017	0
2040	3.0167	0
2045	3.0163	0
2050	3.0159	0
2055	3.0156	0
2060	3.0152	0
2065	3.0148	0
2070	3.0145	0
2075	3.0141	0
2080	3.0137	0
2085	3.0134	0
2090	3.013	0
2095	3.0126	0
2100	3.0122	0
2105	3.0119	0
2110	3.0115	0
2115	3.0111	0
2120	3.0107	0
2125	3.0104	0
2130	3.01	0
2135	3.0096	0
2140	3.0092	0
2145	3.0089	0
2150	3.0085	0
2155	3.0081	0
2160	3.0077	0
2165	3.0073	0
2170	3.007	0
2175	3.0066	0
2180	3.0062	0
2185	3.0058	0
2190	3.0054	0
2195	3.005	0
2200	3.0046	0
2205	3.0042	0
2210	3.0039	0
2215	3.0035	0
2220	3.0031	0
2225	3.0027	0
2230	3.0023	0
2235	3.0019	0
2240	3.0015	0
2245	3.0011	0
2250	3.0007	0
2255	3.0003	0
2260	2.9999	0
2265	2.9995	0
2270	2.9991	0
2275	2.9987	0
2280	2.9983	0
2285	2.9979	0
2290	2.9975	0
2295	2.9971	0
2300	2.9967	0
2305	2.9963	0
2310	2.9959	0
2315	2.9955	0
2320	2.9951	0
2325	2.9947	0
2330	2.9943	0
2335	2.9939	0
2340	2.9934	0
2345	2.993	0
2350	2.9926	0
2355	2.9922	0
2360	2.9918	0
2365	2.9914	0
2370	2.991	0
2375	2.9905	0
2380	2.9901	0
2385	2.9897	0
2390	2.9893	0
2395	2.9889	0
2400	2.9885	0
2405	2.988	0
2410	2.9876	0
2415	2.9872	0
2420	2.9868	0
2425	2.9863	0
2430	2.9859	0
2435	2.9855	0
2440	2.9851	0
2445	2.9846	0
2450	2.9842	0
2455	2.9838	0
2460	2.9833	0
2465	2.9829	0
2470	2.9825	0
2475	2.982	0
2480	2.9816	0
2485	2.9812	0
2490	2.9807	0
2495	2.9803	0
2500	2.9799	0
2505	2.9794	0
2510	2.979	0
2515	2.9785	0
2520	2.9781	0
2525	2.9777	0
2530	2.9772	0
2535	2.9768	0
2540	2.9763	0
2545	2.9759	0
2550	2.9754	0
2555	2.975	0
2560	2.9745	0
2565	2.9741	0
2570	2.9736	0
2575	2.9732	0
2580	2.9727	0
2585	2.9723	0
2590	2.9718	0
2595	2.9714	0
2600	2.9709	0
2605	2.9705	0
2610	2.97	0
2615	2.9696	0
2620	2.9691	0
2625	2.9686	0
2630	2.9682	0
2635	2.9677	0
2640	2.9673	0
2645	2.9668	0
2650	2.9663	0
2655	2.9659	0
2660	2.9654	0
2665	2.9649	0
2670	2.9645	0
2675	2.964	0
2680	2.9635	0
2685	2.9631	0
2690	2.9626	0
2695	2.9621	0
2700	2.9617	0
2705	2.9612	0
2710	2.9607	0
2715	2.9602	0
2720	2.9598	0
2725	2.9593	0
2730	2.9588	0
2735	2.9583	0
2740	2.9578	0
2745	2.9574	0
2750	2.9569	0
2755	2.9564	0
2760	2.9559	0
2765	2.9554	0
2770	2.9549	0
2775	2.9545	0
2780	2.954	0
2785	2.9535	0
2790	2.953	0
2795	2.9525	0
2800	2.952	0
2805	2.9515	0
2810	2.951	0
2815	2.9505	0
2820	2.95	0
2825	2.9496	0
2830	2.9491	0
2835	2.9486	0
2840	2.9481	0
2845	2.9476	0
2850	2.9471	0
2855	2.9466	0
2860	2.9461	0
2865	2.9456	0
2870	2.9451	0
2875	2.9446	0
2880	2.944	0
2885	2.9435	0
2890	2.943	0
2895	2.9425	0
2900	2.942	0
2905	2.9415	0
2910	2.941	0
2915	2.9405	0
2920	2.94	0
2925	2.9395	0
2930	2.9389	0
2935	2.9384	0
2940	2.9379	0
2945	2.9374	0
2950	2.9369	0
2955	2.9364	0
2960	2.9358	0
2965	2.9353	0
2970	2.9348	0
2975	2.9343	0
2980	2.9338	0
2985	2.9332	0
2990	2.9327	0
2995	2.9322	0
3000	2.9316	0
3005	2.9311	0
3010	2.9306	0
3015	2.9301	0
3020	2.9295	0
3025	2.929	0
3030	2.9285	0
3035	2.9279	0
3040	2.9274	0
3045	2.9269	0
3050	2.9263	0
3055	2.9258	0
3060	2.9252	0
3065	2.9247	0
3070	2.9242	0
3075	2.9236	0
3080	2.9231	0
3085	2.9225	0
3090	2.922	0
3095	2.9215	0
3100	2.9209	0
3105	2.9204	0
3110	2.9198	0
3115	2.9193	0
3120	2.9187	0
3125	2.9182	0
3130	2.9176	0
3135	2.9171	0
3140	2.9165	0
3145	2.9159	0
3150	2.9154	0
3155	2.9148	0
3160	2.9143	0
3165	2.9137	0
3170	2.9132	0
3175	2.9126	0
3180	2.912	0
3185	2.9115	0
3190	2.9109	0
3195	2.9103	0
3200	2.9098	0
3205	2.9092	0
3210	2.9086	0
3215	2.9081	0
3220	2.9075	0
3225	2.9069	0
3230	2.9064	0
3235	2.9058	0
3240	2.9052	0
3245	2.9046	0
3250	2.9041	0
3255	2.9035	0
3260	2.9029	0
3265	2.9023	0
3270	2.9018	0
3275	2.9012	0
3280	2.9006	0
3285	2.9	0
3290	2.8994	0
3295	2.8989	0
3300	2.8983	0
3305	2.8977	0
3310	2.8971	0
3315	2.8965	0
3320	2.8959	0
3325	2.8953	0
3330	2.8947	0
3335	2.8941	0
3340	2.8936	0
3345	2.893	0
3350	2.8924	0
3355	2.8918	0
3360	2.8912	0
3365	2.8906	0
3370	2.89	0
3375	2.8894	0
3380	2.8888	0
3385	2.8882	0
3390	2.8876	0
3395	2.887	0
3400	2.8864	0
3405	2.8858	0
3410	2.8852	0
3415	2.8845	0
3420	2.8839	0
3425	2.8833	0
3430	2.8827	0
3435	2.8821	0
3440	2.8815	0
3445	2.8809	0
3450	2.8803	0
3455	2.8797	0
3460	2.879	0
3465	2.8784	0
3470	2.8778	0
3475	2.8772	0
3480	2.8766	0
3485	2.8759	0
3490	2.8753	0
3495	2.8747	0
3500	2.8741	0
3505	2.8734	0
3510	2.8728	0
3515	2.8722	0
3520	2.8716	0
3525	2.8709	0
3530	2.8703	0
3535	2.8697	0
3540	2.869	0
3545	2.8684	0
3550	2.8678	0
3555	2.8671	0
3560	2.8665	0
3565	2.8659	0
3570	2.8652	0
3575	2.8646	0
3580	2.8639	0
3585	2.8633	0
3590	2.8627	0
3595	2.862	0
3600	2.8614	0
3605	2.8607	0
3610	2.8601	0
3615	2.8594	0
3620	2.8588	0
3625	2.8581	0
3630	2.8575	0
3635	2.8568	0
3640	2.8562	0
3645	2.8555	0
3650	2.8549	0
3655	2.8542	0
3660	2.8535	0
3665	2.8529	0
3670	2.8522	0
3675	2.8516	0
3680	2.8509	0
3685	2.8502	0
3690	2.8496	0
3695	2.8489	0
3700	2.8482	0
3705	2.8476	0
3710	2.8469	0
3715	2.8462	0
3720	2.8456	0
3725	2.8449	0
3730	2.8442	0
3735	2.8436	0
3740	2.8429	0
3745	2.8422	0
3750	2.8415	0
3755	2.8409	0
3760	2.8402	0
3765	2.8395	0
3770	2.8388	0
3775	2.8381	0
3780	2.8375	0
3785	2.8368	0
3790	2.8361	0
3795	2.8354	0
3800	2.8347	0
3805	2.834	0
3810	2.8333	0
3815	2.8327	0
3820	2.832	0
3825	2.8313	0
3830	2.8306	0
3835	2.8299	0
3840	2.8292	0
3845	2.8285	0
3850	2.8278	0
3855	2.8271	0
3860	2.8264	0
3865	2.8257	0
3870	2.825	0
3875	2.8243	0
3880	2.8236	0
3885	2.8229	0
3890	2.8222	0
3895	2.8215	0
3900	2.8208	0
3905	2.8201	0
3910	2.8193	0
3915	2.8186	0
3920	2.8179	0
3925	2.8172	0
3930	2.8165	0
3935	2.8158	0
3940	2.8151	0
3945	2.8143	0
3950	2.8136	0
3955	2.8129	0
3960	2.8122	0
3965	2.8115	0
3970	2.8107	0
3975	2.81	0
3980	2.8093	0
3985	2.8086	0
3990	2.8078	0
3995	2.8071	0
4000	2.8064	0
4005	2.8057	0
4010	2.8049	0
4015	2.8042	0
4020	2.8035	0
4025	2.8027	0
4030	2.802	0
4035	2.8013	0
4040	2.8005	0
4045	2.7998	0
4050	2.799	0
4055	2.7983	0
4060	2.7976	0
4065	2.7968	0
4070	2.7961	0
4075	2.7953	0
4080	2.7946	0
4085	2.7938	0
4090	2.7931	0
4095	2.7923	0
4100	2.7916	0
4105	2.7908	0
4110	2.7901	0
4115	2.7893	0
4120	2.7886	0
4125	2.7878	0
4130	2.787	0
4135	2.7863	0
4140	2.7855	0
4145	2.7848	0
4150	2.784	0
4155	2.7832	0
4160	2.7825	0
4165	2.7817	0
4170	2.7809	0
4175	2.7802	0
4180	2.7794	0
4185	2.7786	0
4190	2.7779	0
4195	2.7771	0
4200	2.7763	0
4205	2.7755	0
4210	2.7748	0
4215	2.774	0
4220	2.7732	0
4225	2.7724	0
4230	2.7717	0
4235	2.7709	0
4240	2.7701	0
4245	2.7693	0
4250	2.7685	0
4255	2.7677	0
4260	2.7669	0
4265	2.7662	0
4270	2.7654	0
4275	2.7646	0
4280	2.7638	0
4285	2.763	0
4290	2.7622	0
4295	2.7614	0
4300	2.7606	0
4305	2.7598	0
4310	2.759	0
4315	2.7582	0
4320	2.7574	0
4325	2.7566	0
4330	2.7558	0
4335	2.755	0
4340	2.7542	0
4345	2.7534	0
4350	2.7526	0
4355	2.7518	0
4360	2.751	0
4365	2.7502	0
4370	2.7493	0
4375	2.7485	0
4380	2.7477	0
4385	2.7469	0
4390	2.7461	0
4395	2.7453	0
4400	2.7444	0
4405	2.7436	0
4410	2.7428	0
4415	2.742	0
4420	2.7412	0
4425	2.7403	0
4430	2.7395	0
4435	2.7387	0
4440	2.7379	0
4445	2.737	0
4450	2.7362	0
4455	2.7354	0
4460	2.7345	0
4465	2.7337	0
4470	2.7329	0
4475	2.732	0
4480	2.7312	0
4485	2.7303	0
4490	2.7295	0
4495	2.7287	0
4500	2.7278	0
4505	2.727	0
4510	2.7261	0
4515	2.7253	0
4520	2.7244	0
4525	2.7236	0
4530	2.7227	0
4535	2.7219	0
4540	2.721	0
4545	2.7202	0
4550	2.7193	0
4555	2.7185	0
4560	2.7176	0
4565	2.7168	0
4570	2.7159	0
4575	2.715	0
4580	2.7142	0
4585	2.7133	0
4590	2.7125	0
4595	2.7116	0
4600	2.7107	0
4605	2.7099	0
4610	2.709	0
4615	2.7081	0
4620	2.7073	0
4625	2.7064	0
4630	2.7055	0
4635	2.7046	0
4640	2.7038	0
4645	2.7029	0
4650	2.702	0
4655	2.7011	0
4660	2.7002	0
4665	2.6994	0
4670	2.6985	0
4675	2.6976	0
4680	2.6967	0
4685	2.6958	0
4690	2.6949	0
4695	2.694	0
4700	2.6932	0
4705	2.6923	0
4710	2.6914	0
4715	2.6905	0
4720	2.6896	0
4725	2.6887	0
4730	2.6878	0
4735	2.6869	0
4740	2.686	0
4745	2.6851	0
4750	2.6842	0
4755	2.6833	0
4760	2.6824	0
4765	2.6815	0
4770	2.6806	0
4775	2.6797	0
4780	2.6787	0
4785	2.6778	0
4790	2.6769	0
4795	2.676	0
4800	2.6751	0
4805	2.6742	0
4810	2.6733	0
4815	2.6723	0
4820	2.6714	0
4825	2.6705	0
4830	2.6696	0
4835	2.6687	0
4840	2.6677	0
4845	2.6668	0
4850	2.6659	0
4855	2.665	0
4860	2.664	0
4865	2.6631	0
4870	2.6622	0
4875	2.6612	0
4880	2.6603	0
4885	2.6594	0
4890	2.6584	0
4895	2.6575	0
4900	2.6565	0
4905	2.6556	0
4910	2.6547	0
4915	2.6537	0
4920	2.6528	0
4925	2.6518	0
4930	2.6509	0
4935	2.6499	0
4940	2.649	0
4945	2.648	0
4950	2.6471	0
4955	2.6461	0
4960	2.6452	0
4965	2.6442	0
4970	2.6433	0
4975	2.6423	0
4980	2.6413	0
4985	2.6404	0
4990	2.6394	0
4995	2.6384	0
5000	2.6375	0
5005	2.6365	0
5010	2.6355	0
5015	2.6346	0
5020	2.6336	0
5025	2.6326	0
5030	2.6317	0
5035	2.6307	0
5040	2.6297	0
5045	2.6287	0
5050	2.6278	0
5055	2.6268	0
5060	2.6258	0
5065	2.6248	0
5070	2.6238	0
5075	2.6228	0
5080	2.6219	0
5085	2.6209	0
5090	2.6199	0
5095	2.6189	0
5100	2.6179	0
5105	2.6169	0
5110	2.6159	0
5115	2.6149	0
5120	2.6139	0
5125	2.6129	0
5130	2.6119	0
5135	2.6109	0
5140	2.6099	0
5145	2.6089	0
5150	2.6079	0
5155	2.6069	0
5160	2.6059	0
5165	2.6049	0
5170	2.6039	0
5175	2.6029	0
5180	2.6019	0
5185	2.6009	0
5190	2.5998	0
5195	2.5988	0
5200	2.5978	0
5205	2.5968	0
5210	2.5958	0
5215	2.5948	0
5220	2.5937	0
5225	2.5927	0
5230	2.5917	0
5235	2.5907	0
5240	2.5896	0
5245	2.5886	0
5250	2.5876	0
5255	2.5865	0
5260	2.5855	0
5265	2.5845	0
5270	2.5834	0
5275	2.5824	0
5280	2.5814	0
5285	2.5803	0
5290	2.5793	0
5295	2.5782	0
5300	2.5772	0
5305	2.5761	0
5310	2.5751	0
5315	2.574	0
5320	2.573	0
5325	2.5719	0
5330	2.5709	0
5335	2.5698	0
5340	2.5688	0
5345	2.5677	0
5350	2.5667	0
5355	2.5656	0
5360	2.5646	0
5365	2.5635	0
5370	2.5624	0
5375	2.5614	0
5380	2.5603	0
5385	2.5592	0
5390	2.5582	0
5395	2.5571	0
5400	2.556	0
5405	2.5549	0
5410	2.5539	0
5415	2.5528	0
5420	2.5517	0
5425	2.5506	0
5430	2.5496	0
5435	2.5485	0
5440	2.5474	0
5445	2.5463	0
5450	2.5452	0
5455	2.5441	0
5460	2.5431	0
5465	2.542	0
5470	2.5409	0
5475	2.5398	0
5480	2.5387	0
5485	2.5376	0
5490	2.5365	0
5495	2.5354	0
5500	2.5343	0
5505	2.5332	0
5510	2.5321	0
5515	2.531	0
5520	2.5299	0
5525	2.5288	0
5530	2.5277	0
5535	2.5266	0
5540	2.5255	0
5545	2.5243	0
5550	2.5232	0
5555	2.5221	0
5560	2.521	0
5565	2.5199	0
5570	2.5188	0
5575	2.5176	0
5580	2.5165	0
5585	2.5154	0
5590	2.5143	0
5595	2.5131	0
5600	2.512	0
5605	2.5109	0
5610	2.5098	0
5615	2.5086	0
5620	2.5075	0
5625	2.5064	0
5630	2.5052	0
5635	2.5041	0
5640	2.5029	0
5645	2.5018	0
5650	2.5007	0
5655	2.4995	0
5660	2.4984	0
5665	2.4972	0
5670	2.4961	0
5675	2.4949	0
5680	2.4938	0
5685	2.4926	0
5690	2.4915	0
5695	2.4903	0
5700	2.4892	0
5705	2.488	0
5710	2.4868	0
5715	2.4857	0
5720	2.4845	0
5725	2.4834	0
5730	2.4822	0
5735	2.481	0
5740	2.4799	0
5745	2.4787	0
5750	2.4775	0
5755	2.4763	0
5760	2.4752	0
5765	2.474	0
5770	2.4728	0
5775	2.4716	0
5780	2.4705	0
5785	2.4693	0
5790	2.4681	0
5795	2.4669	0
5800	2.4657	0
5805	2.4645	0
5810	2.4633	0
5815	2.4622	0
5820	2.461	0
5825	2.4598	0
5830	2.4586	0
5835	2.4574	0
5840	2.4562	0
5845	2.455	0
5850	2.4538	0
5855	2.4526	0
5860	2.4514	0
5865	2.4502	0
5870	2.449	0
5875	2.4478	0
5880	2.4465	0
5885	2.4453	0
5890	2.4441	0
5895	2.4429	0
5900	2.4417	0
5905	2.4405	0
5910	2.4392	0
5915	2.438	0
5920	2.4368	0
5925	2.4356	0
5930	2.4344	0
5935	2.4331	0
5940	2.4319	0
5945	2.4307	0
5950	2.4294	0
5955	2.4282	0
5960	2.427	0
5965	2.4257	0
5970	2.4245	0
5975	2.4233	0
5980	2.422	0
5985	2.4208	0
5990	2.4195	0
5995	2.4183	0
6000	2.417	0
6005	2.4158	0
6010	2.4145	0
6015	2.4133	0
6020	2.412	0
6025	2.4108	0
6030	2.4095	0
6035	2.4083	0
6040	2.407	0
6045	2.4057	0
6050	2.4045	0
6055	2.4032	0
6060	2.402	0
6065	2.4007	0
6070	2.3994	0
6075	2.3981	0
6080	2.3969	0
6085	2.3956	0
6090	2.3943	0
6095	2.393	0
6100	2.3918	0
6105	2.3905	0
6110	2.3892	0
6115	2.3879	0
6120	2.3866	0
6125	2.3854	0
6130	2.3841	0
6135	2.3828	0
6140	2.3815	0
6145	2.3802	0
6150	2.3789	0
6155	2.3776	0
6160	2.3763	0
6165	2.375	0
6170	2.3737	0
6175	2.3724	0
6180	2.3711	0
6185	2.3698	0
6190	2.3685	0
6195	2.3672	0
6200	2.3659	0
6205	2.3646	0
6210	2.3632	0
6215	2.3619	0
6220	2.3606	0
6225	2.3593	0
6230	2.358	0
6235	2.3566	0
6240	2.3553	0
6245	2.354	0
6250	2.3527	0
6255	2.3513	0
6260	2.35	0
6265	2.3487	0
6270	2.3473	0
6275	2.346	0
6280	2.3447	0
6285	2.3433	0
6290	2.342	0
6295	2.3407	0
6300	2.3393	0
6305	2.338	0
6310	2.3366	0
6315	2.3353	0
6320	2.3339	0
6325	2.3326	0
6330	2.3312	0
6335	2.3299	0
6340	2.3285	0
6345	2.3272	0
6350	2.3258	0
6355	2.3244	0
6360	2.3231	0
6365	2.3217	0
6370	2.3203	0
6375	2.319	0
6380	2.3176	0
6385	2.3162	0
6390	2.3149	0
6395	2.3135	0
6400	2.3121	0
6405	2.3107	0
6410	2.3093	0
6415	2.308	0
6420	2.3066	0
6425	2.3052	0
6430	2.3038	0
6435	2.3024	0
6440	2.301	0
6445	2.2996	0
6450	2.2982	0
6455	2.2968	0
6460	2.2954	0
6465	2.294	0
6470	2.2926	0
6475	2.2912	0
6480	2.2898	0
6485	2.2884	0
6490	2.287	0
6495	2.2856	0
6500	2.2842	0
6505	2.2828	0
6510	2.2814	0
6515	2.28	0
6520	2.2785	0
6525	2.2771	0
6530	2.2757	0
6535	2.2743	0
6540	2.2729	0
6545	2.2714	0
6550	2.27	0
6555	2.2686	0
6560	2.2671	0
6565	2.2657	0
6570	2.2643	0
6575	2.2628	0
6580	2.2614	0
6585	2.26	0
6590	2.2585	0
6595	2.2571	0
6600	2.2556	0
6605	2.2542	0
6610	2.2527	0
6615	2.2513	0
6620	2.2498	0
6625	2.2484	0
6630	2.2469	0
6635	2.2454	0
6640	2.244	0
6645	2.2425	0
6650	2.2411	0
6655	2.2396	0
6660	2.2381	0
6665	2.2367	0
6670	2.2352	0
6675	2.2337	0
6680	2.2322	0
6685	2.2308	0
6690	2.2293	0
6695	2.2278	0
6700	2.2263	0
6705	2.2248	0
6710	2.2234	0
6715	2.2219	0
6720	2.2204	0
6725	2.2189	0
6730	2.2174	0
6735	2.2159	0
6740	2.2144	0
6745	2.2129	0
6750	2.2114	0
6755	2.2099	0
6760	2.2084	0
6765	2.2069	0
6770	2.2054	0
6775	2.2039	0
6780	2.2024	0
6785	2.2008	0
6790	2.1993	0
6795	2.1978	0
6800	2.1963	0
6805	2.1948	0
6810	2.1933	0
6815	2.1917	0
6820	2.1902	0
6825	2.1887	0
6830	2.1871	0
6835	2.1856	0
6840	2.1841	0
6845	2.1825	0
6850	2.181	0
6855	2.1795	0
6860	2.1779	0
6865	2.1764	0
6870	2.1748	0
6875	2.1733	0
6880	2.1717	0
6885	2.1702	0
6890	2.1686	0
6895	2.1671	0
6900	2.1655	0
6905	2.164	0
6910	2.1624	0
6915	2.1609	0
6920	2.1593	0
6925	2.1577	0
6930	2.1562	0
6935	2.1546	0
6940	2.153	0
6945	2.1514	0
6950	2.1499	0
6955	2.1483	0
6960	2.1467	0
6965	2.1451	0
6970	2.1435	0
6975	2.142	0
6980	2.1404	0
6985	2.1388	0
6990	2.1372	0
6995	2.1356	0
7000	2.134	0
7005	2.1324	0
7010	2.1308	0
7015	2.1292	0
7020	2.1276	0
7025	2.126	0
7030	2.1244	0
7035	2.1228	0
7040	2.1212	0
7045	2.1196	0
7050	2.118	0
7055	2.1163	0
7060	2.1147	0
7065	2.1131	0
7070	2.1115	0
7075	2.1099	0
7080	2.1082	0
7085	2.1066	0
7090	2.105	0
7095	2.1033	0
7100	2.1017	0
7105	2.1001	0
7110	2.0984	0
7115	2.0968	0
7120	2.0951	0
7125	2.0935	0
7130	2.0919	0
7135	2.0902	0
7140	2.0886	0
7145	2.0869	0
7150	2.0853	0
7155	2.0836	0
7160	2.0819	0
7165	2.0803	0
7170	2.0786	0
7175	2.077	0
7180	2.0753	0
7185	2.0736	0
7190	2.0719	0
7195	2.0703	0
7200	2.0686	0
7205	2.0669	0
7210	2.0652	0
7215	2.0636	0
7220	2.0619	0
7225	2.0602	0
7230	2.0585	0
7235	2.0568	0
7240	2.0551	0
7245	2.0534	0
7250	2.0517	0
7255	2.05	0
7260	2.0483	0
7265	2.0466	0
7270	2.0449	0
7275	2.0432	0
7280	2.0415	0
7285	2.0398	0
7290	2.0381	0
7295	2.0364	0
7300	2.0347	0
7305	2.033	0
7310	2.0312	0
7315	2.0295	0
7320	2.0278	0
7325	2.0261	0
7330	2.0243	0
7335	2.0226	0
7340	2.0209	0
7345	2.0191	0
7350	2.0174	0
7355	2.0157	0
7360	2.0139	0
7365	2.0122	0
7370	2.0104	0
7375	2.0087	0
7380	2.0069	0
7385	2.0052	0
7390	2.0034	0
7395	2.0017	0
7400	1.9999	0
7405	1.9982	0
7410	1.9964	0
7415	1.9946	0
7420	1.9929	0
7425	1.9911	0
7430	1.9893	0
7435	1.9876	0
7440	1.9858	0
7445	1.984	0
7450	1.9822	0
7455	1.9804	0
7460	1.9787	0
7465	1.9769	0
7470	1.9751	0
7475	1.9733	0
7480	1.9715	0
7485	1.9697	0
7490	1.9679	0
7495	1.9661	0
7500	1.9643	0
7505	1.9625	0
7510	1.9607	0
7515	1.9589	0
7520	1.9571	0
7525	1.9553	0
7530	1.9534	0
7535	1.9516	0
7540	1.9498	0
7545	1.948	0
7550	1.9462	0
7555	1.9443	0
7560	1.9425	0
7565	1.9407	0
7570	1.9388	0
7575	1.937	0
7580	1.9352	0
7585	1.9333	0
7590	1.9315	0
7595	1.9296	0
7600	1.9278	0
7605	1.926	0
7610	1.9241	0
7615	1.9222	0
7620	1.9204	0
7625	1.9185	0
7630	1.9167	0
7635	1.9148	0
7640	1.9129	0
7645	1.9111	0
7650	1.9092	0
7655	1.9073	0
7660	1.9055	0
7665	1.9036	0
7670	1.9017	0
7675	1.8998	0
7680	1.8979	0
7685	1.8961	0
7690	1.8942	0
7695	1.8923	0
7700	1.8904	0
7705	1.8885	0
7710	1.8866	0
7715	1.8847	0
7720	1.8828	0
7725	1.8809	0
7730	1.879	0
7735	1.8771	0
7740	1.8752	0
7745	1.8733	0
7750	1.8713	0
7755	1.8694	0
7760	1.8675	0
7765	1.8656	0
7770	1.8637	0
7775	1.8617	0
7780	1.8598	0
7785	1.8579	0
7790	1.8559	0
7795	1.854	0
7800	1.8521	0
7805	1.8501	0
7810	1.8482	0
7815	1.8462	0
7820	1.8443	0
7825	1.8423	0
7830	1.8404	0
7835	1.8384	0
7840	1.8364	0
7845	1.8345	0
7850	1.8325	0
7855	1.8306	0
7860	1.8286	0
7865	1.8266	0
7870	1.8246	0
7875	1.8227	0
7880	1.8207	0
7885	1.8187	0
7890	1.8167	0
7895	1.8147	0
7900	1.8128	0
7905	1.8108	0
7910	1.8088	0
7915	1.8068	0
7920	1.8048	0
7925	1.8028	0
7930	1.8008	0
7935	1.7988	0
7940	1.7968	0
7945	1.7948	0
7950	1.7927	0
7955	1.7907	0
7960	1.7887	0
7965	1.7867	0
7970	1.7847	0
7975	1.7826	0
7980	1.7806	0
7985	1.7786	0
7990	1.7766	0
7995	1.7745	0
8000	1.7725	0
8005	1.7704	0
8010	1.7684	0
8015	1.7664	0
8020	1.7643	0
8025	1.7623	0
8030	1.7602	0
8035	1.7581	0
8040	1.7561	0
8045	1.754	0
8050	1.752	0
8055	1.7499	0
8060	1.7478	0
8065	1.7458	0
8070	1.7437	0
8075	1.7416	0
8080	1.7395	0
8085	1.7375	0
8090	1.7354	0
8095	1.7333	0
8100	1.7312	0
8105	1.7291	0
8110	1.727	0
8115	1.7249	0
8120	1.7228	0
8125	1.7207	0
8130	1.7186	0
8135	1.7165	0
8140	1.7144	0
8145	1.7123	0
8150	1.7102	0
8155	1.708	0
8160	1.7059	0
8165	1.7038	0
8170	1.7017	0
8175	1.6995	0
8180	1.6974	0
8185	1.6953	0
8190	1.6931	0
8195	1.691	0
8200	1.6889	0
8205	1.6867	0
8210	1.6846	0
8215	1.6824	0
8220	1.6803	0
8225	1.6781	0
8230	1.676	0
8235	1.6738	0
8240	1.6716	0
8245	1.6695	0
8250	1.6673	0
8255	1.6651	0
8260	1.663	0
8265	1.6608	0
8270	1.6586	0
8275	1.6564	0
8280	1.6542	0
8285	1.6521	0
8290	1.6499	0
8295	1.6477	0
8300	1.6455	0
8305	1.6433	0
8310	1.6411	0
8315	1.6389	0
8320	1.6367	0
8325	1.6345	0
8330	1.6322	0
8335	1.63	0
8340	1.6278	0
8345	1.6256	0
8350	1.6234	0
8355	1.6211	0
8360	1.6189	0
8365	1.6167	0
8370	1.6145	0
8375	1.6122	0
8380	1.61	0
8385	1.6077	0
8390	1.6055	0
8395	1.6032	0
8400	1.601	0
8405	1.5987	0
8410	1.5965	0
8415	1.5942	0
8420	1.592	0
8425	1.5897	0
8430	1.5874	0
8435	1.5852	0
8440	1.5829	0
8445	1.5806	0
8450	1.5783	0
8455	1.576	0
8460	1.5738	0
8465	1.5715	0
8470	1.5692	0
8475	1.5669	0
8480	1.5646	0
8485	1.5623	0
8490	1.56	0
8495	1.5577	0
8500	1.5554	0
8505	1.5531	0
8510	1.5507	0
8515	1.5484	0
8520	1.5461	0
8525	1.5438	0
8530	1.5415	0
8535	1.5391	0
8540	1.5368	0
8545	1.5345	0
8550	1.5321	0
8555	1.5298	0
8560	1.5274	0
8565	1.5251	0
8570	1.5227	0
8575	1.5204	0
8580	1.518	0
8585	1.5157	0
8590	1.5133	0
8595	1.5109	0
8600	1.5086	0
8605	1.5062	0
8610	1.5038	0
8615	1.5015	0
8620	1.4991	0
8625	1.4967	0
8630	1.4943	0
8635	1.4919	0
8640	1.4895	0
8645	1.4871	0
8650	1.4847	0
8655	1.4823	0
8660	1.4799	0
8665	1.4775	0
8670	1.4751	0
8675	1.4727	0
8680	1.4703	0
8685	1.4679	0
8690	1.4654	0
8695	1.463	0
8700	1.4606	0
8705	1.4582	0
8710	1.4557	0
8715	1.4533	0
8720	1.4509	0
8725	1.4484	0
8730	1.446	0
8735	1.4435	0
8740	1.4411	0
8745	1.4386	0
8750	1.4361	0
8755	1.4337	0
8760	1.4312	0
8765	1.4287	0
8770	1.4263	0
8775	1.4238	0
8780	1.4213	0
8785	1.4188	0
8790	1.4164	0
8795	1.4139	0
8800	1.4114	0
8805	1.4089	0
8810	1.4064	0
8815	1.4039	0
8820	1.4014	0
8825	1.3989	0
8830	1.3964	0
8835	1.3938	0
8840	1.3913	0
8845	1.3888	0
8850	1.3863	0
8855	1.3838	0
8860	1.3812	0
8865	1.3787	0
8870	1.3762	0
8875	1.3736	0
8880	1.3711	0
8885	1.3685	0
8890	1.366	0
8895	1.3634	0
8900	1.3609	0
8905	1.3583	0
8910	1.3558	0
8915	1.3532	0
8920	1.3506	0
8925	1.348	0
8930	1.3455	0
8935	1.3429	0
8940	1.3403	0
8945	1.3377	0
8950	1.3351	0
8955	1.3325	0
8960	1.3299	0
8965	1.3274	0
8970	1.3247	0
8975	1.3221	0
8980	1.3195	0
8985	1.3169	0
8990	1.3143	0
8995	1.3117	0
9000	1.3091	0
9005	1.3064	0
9010	1.3038	0
9015	1.3012	0
9020	1.2985	0
9025	1.2959	0
9030	1.2933	0
9035	1.2906	0
9040	1.288	0
9045	1.2853	0
9050	1.2827	0
9055	1.28	0
9060	1.2773	0
9065	1.2747	0
9070	1.272	0
9075	1.2693	0
9080	1.2666	0
9085	1.264	0
9090	1.2613	0
9095	1.2586	0
9100	1.2559	0
9105	1.2532	0
9110	1.2505	0
9115	1.2478	0
9120	1.2451	0
9125	1.2424	0
9130	1.2397	0
9135	1.237	0
9140	1.2342	0
9145	1.2315	0
9150	1.2288	0
9155	1.2261	0
9160	1.2233	0
9165	1.2206	0
9170	1.2178	0
9175	1.2151	0
9180	1.2124	0
9185	1.2096	0
9190	1.2068	0
9195	1.2041	0
9200	1.2013	0
9205	1.1986	0
9210	1.1958	0
9215	1.193	0
9220	1.1902	0
9225	1.1875	0
9230	1.1847	0
9235	1.1819	0
9240	1.1791	0
9245	1.1763	0
9250	1.1735	0
9255	1.1707	0
9260	1.1679	0
9265	1.1651	0
9270	1.1623	0
9275	1.1594	0
9280	1.1566	0
9285	1.1538	0
9290	1.151	0
9295	1.1481	0
9300	1.1453	0
9305	1.1425	0
9310	1.1396	0
9315	1.1368	0
9320	1.1339	0
9325	1.1311	0
9330	1.1282	0
9335	1.1253	0
9340	1.1225	0
9345	1.1196	0
9350	1.1167	0
9355	1.1139	0
9360	1.111	0
9365	1.1081	0
9370	1.1052	0
9375	1.1023	0
9380	1.0994	0
9385	1.0965	0
9390	1.0936	0
9395	1.0907	0
9400	1.0878	0
9405	1.0849	0
9410	1.082	0
9415	1.079	0
9420	1.0761	0
9425	1.0732	0
9430	1.0702	0
9435	1.0673	0
9440	1.0644	0
9445	1.0614	0
9450	1.0585	0
9455	1.0555	0
9460	1.0525	0
9465	1.0496	0
9470	1.0466	0
9475	1.0436	0
9480	1.0407	0
9485	1.0377	0
9490	1.0347	0
9495	1.0317	0
9500	1.0287	0
9505	1.0257	0
9510	1.0227	0
9515	1.0197	0
9520	1.0167	0
9525	1.0137	0
9530	1.0107	0
9535	1.0077	0
9540	1.0047	0
9545	1.0016	0
9550	0.9986	0
9555	0.99557	0
9560	0.99253	0
9565	0.98949	0
9570	0.98644	0
9575	0.98339	0
9580	0.98033	0
9585	0.97727	0
9590	0.97421	0
9595	0.97114	0
9600	0.96807	0
9605	0.96499	0
9610	0.96191	0
9615	0.95883	0
9620	0.95574	0
9625	0.95265	0
9630	0.94955	0
9635	0.94645	0
9640	0.94335	0
9645	0.94024	0
9650	0.93712	0
9655	0.93401	0
9660	0.93088	0
9665	0.92776	0
9670	0.92463	0
9675	0.92149	0
9680	0.91835	0
9685	0.91521	0
9690	0.91206	0
9695	0.90891	0
9700	0.90576	0
9705	0.9026	0
9710	0.89943	0
9715	0.89626	0
9720	0.89309	0
9725	0.88991	0
9730	0.88673	0
9735	0.88355	0
9740	0.88036	0
9745	0.87716	0
9750	0.87396	0
9755	0.87076	0
9760	0.86755	0
9765	0.86434	0
9770	0.86112	0
9775	0.8579	0
9780	0.85468	0
9785	0.85145	0
9790	0.84821	0
9795	0.84497	0
9800	0.84173	0
9805	0.83848	0
9810	0.83523	0
9815	0.83198	0
9820	0.82872	0
9825	0.82545	0
9830	0.82218	0
9835	0.81891	0
9840	0.81563	0
9845	0.81235	0
9850	0.80906	0
9855	0.80577	0
9860	0.80247	0
9865	0.79917	0
9870	0.79586	0
9875	0.79255	0
9880	0.78924	0
9885	0.78592	0
9890	0.78259	0
9895	0.77927	0
9900	0.77593	0
9905	0.77259	0
9910	0.76925	0
9915	0.76591	0
9920	0.76255	0
9925	0.7592	0
9930	0.75584	0
9935	0.75247	0
9940	0.7491	0
9945	0.74573	0
9950	0.74235	0
9955	0.73896	0
9960	0.73558	0
9965	0.73218	0
9970	0.72878	0
9975	0.72538	0
9980	0.72197	0
9985	0.71856	0
9990	0.71514	0
9995	0.71172	0
10000	0.7083	0
