400	4.6784	0
405	4.6676	0
410	4.6572	0
415	4.6473	0
420	4.6378	0
425	4.6286	0
430	4.6199	0
435	4.6115	0
440	4.6034	0
445	4.5957	0
450	4.5882	0
455	4.581	0
460	4.5741	0
465	4.5675	0
470	4.5611	0
475	4.5549	0
480	4.5489	0
485	4.5431	0
490	4.5376	0
495	4.5322	0
500	4.527	0
505	4.522	0
510	4.5171	0
515	4.5124	0
520	4.5078	0
525	4.5034	0
530	4.4991	0
535	4.495	0
540	4.4909	0
545	4.487	0
550	4.4832	0
555	4.4795	0
560	4.476	0
565	4.4725	0
570	4.4691	0
575	4.4658	0
580	4.4626	0
585	4.4595	0
590	4.4565	0
595	4.4535	0
600	4.4506	0
605	4.4478	0
610	4.4451	0
615	4.4424	0
620	4.4398	0
625	4.4373	0
630	4.4349	0
635	4.4324	0
640	4.4301	0
645	4.4278	0
650	4.4256	0
655	4.4234	0
660	4.4212	0
665	4.4191	0
670	4.4171	0
675	4.4151	0
680	4.4131	0
685	4.4112	0
690	4.4094	0
695	4.4075	0
700	4.4057	0
705	4.404	0
710	4.4023	0
715	4.4006	0
720	4.3989	0
725	4.3973	0
730	4.3957	0
735	4.3942	0
740	4.3927	0
745	4.3912	0
750	4.3897	0
755	4.3883	0
760	4.3869	0
765	4.3855	0
770	4.3841	0
775	4.3828	0
780	4.3815	0
785	4.3802	0
790	4.3789	0
795	4.3777	0
800	4.3765	0
805	4.3753	0
810	4.3741	0
815	4.3729	0
820	4.3718	0
825	4.3707	0
830	4.3695	0
835	4.3685	0
840	4.3674	0
845	4.3663	0
850	4.3653	0
855	4.3643	0
860	4.3633	0
865	4.3623	0
870	4.3613	0
875	4.3604	0
880	4.3594	0
885	4.3585	0
890	4.3576	0
895	4.3567	0
900	4.3558	0
905	4.3549	0
910	4.354	0
915	4.3532	0
920	4.3523	0
925	4.3515	0
930	4.3507	0
935	4.3498	0
940	4.349	0
945	4.3483	0
950	4.3475	0
955	4.3467	0
960	4.3459	0
965	4.3452	0
970	4.3444	0
975	4.3437	0
980	4.343	0
985	4.3423	0
990	4.3416	0
995	4.3409	0
1000	4.3402	0
1005	4.3395	0
1010	4.3388	0
1015	4.3381	0
1020	4.3375	0
1025	4.3368	0
1030	4.3362	0
1035	4.3355	0
1040	4.3349	0
1045	4.3343	0
1050	4.3336	0
1055	4.333	0
1060	4.3324	0
1065	4.3318	0
1070	4.3312	0
1075	4.3306	0
1080	4.33	0
1085	4.3294	0
1090	4.3289	0
1095	4.3283	0
1100	4.3277	0
1105	4.3272	0
1110	4.3266	0
1115	4.326	0
1120	4.3255	0
1125	4.325	0
1130	4.3244	0
1135	4.3239	0
1140	4.3234	0
1145	4.3228	0
1150	4.3223	0
1155	4.3218	0
1160	4.3213	0
1165	4.3208	0
1170	4.3203	0
1175	4.3198	0
1180	4.3193	0
1185	4.3188	0
1190	4.3183	0
1195	4.3178	0
1200	4.3173	0
1205	4.3168	0
1210	4.3163	0
1215	4.3159	0
1220	4.3154	0
1225	4.3149	0
1230	4.3145	0
1235	4.314	0
1240	4.3135	0
1245	4.3131	0
1250	4.3126	0
1255	4.3122	0
1260	4.3117	0
1265	4.3113	0
1270	4.3108	0
1275	4.3104	0
1280	4.3099	0
1285	4.3095	0
1290	4.3091	0
1295	4.3086	0
1300	4.3082	0
1305	4.3078	0
1310	4.3074	0
1315	4.3069	0
1320	4.3065	0
1325	4.3061	0
1330	4.3057	0
1335	4.3053	0
1340	4.3048	0
1345	4.3044	0
1350	4.304	0
1355	4.3036	0
1360	4.3032	0
1365	4.3028	0
1370	4.3024	0
1375	4.302	0
1380	4.3016	0
1385	4.3012	0
1390	4.3008	0
1395	4.3004	0
1400	4.3	0
1405	4.2996	0
1410	4.2992	0
1415	4.2988	0
1420	4.2984	0
1425	4.298	0
1430	4.2977	0
1435	4.2973	0
1440	4.2969	0
1445	4.2965	0
1450	4.2961	0
1455	4.2957	0
1460	4.2954	0
1465	4.295	0
1470	4.2946	0
1475	4.2942	0
1480	4.2939	0
1485	4.2935	0
1490	4.2931	0
1495	4.2927	0
1500	4.2924	0
1505	4.292	0
1510	4.2916	0
1515	4.2912	0
1520	4.2909	0
1525	4.2905	0
1530	4.2901	0
1535	4.2898	0
1540	4.2894	0
1545	4.289	0
1550	4.2887	0
1555	4.2883	0
1560	4.288	0
1565	4.2876	0
1570	4.2872	0
1575	4.2869	0
1580	4.2865	0
1585	4.2861	0
1590	4.2858	0
1595	4.2854	0
1600	4.2851	0
1605	4.2847	0
1610	4.2844	0
1615	4.284	0
1620	4.2836	0
1625	4.2833	0
1630	4.2829	0
1635	4.2826	0
1640	4.2822	0
1645	4.2819	0
1650	4.2815	0
1655	4.2812	0
1660	4.2808	0
1665	4.2805	0
1670	4.2801	0
1675	4.2797	0
1680	4.2794	0
1685	4.279	0
1690	4.2787	0
1695	4.2783	0
1700	4.278	0
1705	4.2776	0
1710	4.2773	0
1715	4.2769	0
1720	4.2766	0
1725	4.2762	0
1730	4.2759	0
1735	4.2755	0
1740	4.2752	0
1745	4.2748	0
1750	4.2745	0
1755	4.2741	0
1760	4.2738	0
1765	4.2734	0
1770	4.2731	0
1775	4.2727	0
1780	4.2724	0
1785	4.2721	0
1790	4.2717	0
1795	4.2714	0
1800	4.271	0
1805	4.2707	0
1810	4.2703	0
1815	4.27	0
1820	4.2696	0
1825	4.2693	0
1830	4.2689	0
1835	4.2686	0
1840	4.2682	0
1845	4.2679	0
1850	4.2675	0
1855	4.2672	0
1860	4.2668	0
1865	4.2665	0
1870	4.2661	0
1875	4.2658	0
1880	4.2654	0
1885	4.2651	0
1890	4.2647	0
1895	4.2644	0
1900	4.264	0
1905	4.2637	0
1910	4.2633	0
1915	4.263	0
1920	4.2626	0
1925	4.2623	0
1930	4.2619	0
1935	4.2616	0
1940	4.2613	0
1945	4.2609	0
1950	4.2606	0
1955	4.2602	0
1960	4.2598	0
1965	4.2595	0
1970	4.2591	0
1975	4.2588	0
1980	4.2584	0
1985	4.2581	0
1990	4.2577	0
1995	4.2574	0
2000	4.257	0
2005	4.2567	0
2010	4.2563	0
2015	4.256	0
2020	4.2556	0
2025	4.2553	0
2030	4.2549	0
2035	4.2546	0
2040	4.2542	0
2045	4.2539	0
2050	4.2535	0
2055	4.2531	0
2060	4.2528	0
2065	4.2524	0
2070	4.2521	0
2075	4.2517	0
2080	4.2514	0
2085	4.251	0
2090	4.2507	0
2095	4.2503	0
2100	4.2499	0
2105	4.2496	0
2110	4.2492	0
2115	4.2489	0
2120	4.2485	0
2125	4.2481	0
2130	4.2478	0
2135	4.2474	0
2140	4.2471	0
2145	4.2467	0
2150	4.2463	0
2155	4.246	0
2160	4.2456	0
2165	4.2453	0
2170	4.2449	0
2175	4.2445	0
2180	4.2442	0
2185	4.2438	0
2190	4.2434	0
2195	4.2431	0
2200	4.2427	0
2205	4.2423	0
2210	4.242	0
2215	4.2416	0
2220	4.2412	0
2225	4.2409	0
2230	4.2405	0
2235	4.2401	0
2240	4.2398	0
2245	4.2394	0
2250	4.239	0
2255	4.2387	0
2260	4.2383	0
2265	4.2379	0
2270	4.2376	0
2275	4.2372	0
2280	4.2368	0
2285	4.2364	0
2290	4.2361	0
2295	4.2357	0
2300	4.2353	0
2305	4.2349	0
2310	4.2346	0
2315	4.2342	0
2320	4.2338	0
2325	4.2334	0
2330	4.2331	0
2335	4.2327	0
2340	4.2323	0
2345	4.2319	0
2350	4.2316	0
2355	4.2312	0
2360	4.2308	0
2365	4.2304	0
2370	4.23	0
2375	4.2297	0
2380	4.2293	0
2385	4.2289	0
2390	4.2285	0
2395	4.2281	0
2400	4.2278	0
2405	4.2274	0
2410	4.227	0
2415	4.2266	0
2420	4.2262	0
2425	4.2258	0
2430	4.2254	0
2435	4.2251	0
2440	4.2247	0
2445	4.2243	0
2450	4.2239	0
2455	4.2235	0
2460	4.2231	0
2465	4.2227	0
2470	4.2223	0
2475	4.2219	0
2480	4.2216	0
2485	4.2212	0
2490	4.2208	0
2495	4.2204	0
2500	4.22	0
2505	4.2196	0
2510	4.2192	0
2515	4.2188	0
2520	4.2184	0
2525	4.218	0
2530	4.2176	0
2535	4.2172	0
2540	4.2168	0
2545	4.2164	0
2550	4.216	0
2555	4.2156	0
2560	4.2152	0
2565	4.2148	0
2570	4.2144	0
2575	4.214	0
2580	4.2136	0
2585	4.2132	0
2590	4.2128	0
2595	4.2124	0
2600	4.212	0
2605	4.2116	0
2610	4.2112	0
2615	4.2108	0
2620	4.2104	0
2625	4.21	0
2630	4.2096	0
2635	4.2092	0
2640	4.2087	0
2645	4.2083	0
2650	4.2079	0
2655	4.2075	0
2660	4.2071	0
2665	4.2067	0
2670	4.2063	0
2675	4.2059	0
2680	4.2055	0
2685	4.205	0
2690	4.2046	0
2695	4.2042	0
2700	4.2038	0
2705	4.2034	0
2710	4.203	0
2715	4.2025	0
2720	4.2021	0
2725	4.2017	0
2730	4.2013	0
2735	4.2009	0
2740	4.2004	0
2745	4.2	0
2750	4.1996	0
2755	4.1992	0
2760	4.1987	0
2765	4.1983	0
2770	4.1979	0
2775	4.1975	0
2780	4.197	0
2785	4.1966	0
2790	4.1962	0
2795	4.1958	0
2800	4.1953	0
2805	4.1949	0
2810	4.1945	0
2815	4.194	0
2820	4.1936	0
2825	4.1932	0
2830	4.1928	0
2835	4.1923	0
2840	4.1919	0
2845	4.1915	0
2850	4.191	0
2855	4.1906	0
2860	4.1901	0
2865	4.1897	0
2870	4.1893	0
2875	4.1888	0
2880	4.1884	0
2885	4.188	0
2890	4.1875	0
2895	4.1871	0
2900	4.1866	0
2905	4.1862	0
2910	4.1857	0
2915	4.1853	0
2920	4.1849	0
2925	4.1844	0
2930	4.184	0
2935	4.1835	0
2940	4.1831	0
2945	4.1826	0
2950	4.1822	0
2955	4.1817	0
2960	4.1813	0
2965	4.1808	0
2970	4.1804	0
2975	4.1799	0
2980	4.1795	0
2985	4.179	0
2990	4.1786	0
2995	4.1781	0
3000	4.1777	0
3005	4.1772	0
3010	4.1768	0
3015	4.1763	0
3020	4.1758	0
3025	4.1754	0
3030	4.1749	0
3035	4.1745	0
3040	4.174	0
3045	4.1736	0
3050	4.1731	0
3055	4.1726	0
3060	4.1722	0
3065	4.1717	0
3070	4.1712	0
3075	4.1708	0
3080	4.1703	0
3085	4.1698	0
3090	4.1694	0
3095	4.1689	0
3100	4.1684	0
3105	4.168	0
3110	4.1675	0
3115	4.167	0
3120	4.1666	0
3125	4.1661	0
3130	4.1656	0
3135	4.1651	0
3140	4.1647	0
3145	4.1642	0
3150	4.1637	0
3155	4.1633	0
3160	4.1628	0
3165	4.1623	0
3170	4.1618	0
3175	4.1613	0
3180	4.1609	0
3185	4.1604	0
3190	4.1599	0
3195	4.1594	0
3200	4.1589	0
3205	4.1585	0
3210	4.158	0
3215	4.1575	0
3220	4.157	0
3225	4.1565	0
3230	4.156	0
3235	4.1556	0
3240	4.1551	0
3245	4.1546	0
3250	4.1541	0
3255	4.1536	0
3260	4.1531	0
3265	4.1526	0
3270	4.1521	0
3275	4.1516	0
3280	4.1511	0
3285	4.1507	0
3290	4.1502	0
3295	4.1497	0
3300	4.1492	0
3305	4.1487	0
3310	4.1482	0
3315	4.1477	0
3320	4.1472	0
3325	4.1467	0
3330	4.1462	0
3335	4.1457	0
3340	4.1452	0
3345	4.1447	0
3350	4.1442	0
3355	4.1437	0
3360	4.1432	0
3365	4.1427	0
3370	4.1422	0
3375	4.1416	0
3380	4.1411	0
3385	4.1406	0
3390	4.1401	0
3395	4.1396	0
3400	4.1391	0
3405	4.1386	0
3410	4.1381	0
3415	4.1376	0
3420	4.1371	0
3425	4.1365	0
3430	4.136	0
3435	4.1355	0
3440	4.135	0
3445	4.1345	0
3450	4.134	0
3455	4.1335	0
3460	4.1329	0
3465	4.1324	0
3470	4.1319	0
3475	4.1314	0
3480	4.1309	0
3485	4.1303	0
3490	4.1298	0
3495	4.1293	0
3500	4.1288	0
3505	4.1282	0
3510	4.1277	0
3515	4.1272	0
3520	4.1267	0
3525	4.1261	0
3530	4.1256	0
3535	4.1251	0
3540	4.1245	0
3545	4.124	0
3550	4.1235	0
3555	4.1229	0
3560	4.1224	0
3565	4.1219	0
3570	4.1213	0
3575	4.1208	0
3580	4.1203	0
3585	4.1197	0
3590	4.1192	0
3595	4.1187	0
3600	4.1181	0
3605	4.1176	0
3610	4.117	0
3615	4.1165	0
3620	4.116	0
3625	4.1154	0
3630	4.1149	0
3635	4.1143	0
3640	4.1138	0
3645	4.1132	0
3650	4.1127	0
3655	4.1121	0
3660	4.1116	0
3665	4.1111	0
3670	4.1105	0
3675	4.11	0
3680	4.1094	0
3685	4.1088	0
3690	4.1083	0
3695	4.1077	0
3700	4.1072	0
3705	4.1066	0
3710	4.1061	0
3715	4.1055	0
3720	4.105	0
3725	4.1044	0
3730	4.1039	0
3735	4.1033	0
3740	4.1027	0
3745	4.1022	0
3750	4.1016	0
3755	4.1011	0
3760	4.1005	0
3765	4.0999	0
3770	4.0994	0
3775	4.0988	0
3780	4.0982	0
3785	4.0977	0
3790	4.0971	0
3795	4.0965	0
3800	4.096	0
3805	4.0954	0
3810	4.0948	0
3815	4.0942	0
3820	4.0937	0
3825	4.0931	0
3830	4.0925	0
3835	4.092	0
3840	4.0914	0
3845	4.0908	0
3850	4.0902	0
3855	4.0897	0
3860	4.0891	0
3865	4.0885	0
3870	4.0879	0
3875	4.0873	0
3880	4.0868	0
3885	4.0862	0
3890	4.0856	0
3895	4.085	0
3900	4.0844	0
3905	4.0838	0
3910	4.0833	0
3915	4.0827	0
3920	4.0821	0
3925	4.0815	0
3930	4.0809	0
3935	4.0803	0
3940	4.0797	0
3945	4.0791	0
3950	4.0785	0
3955	4.0779	0
3960	4.0774	0
3965	4.0768	0
3970	4.0762	0
3975	4.0756	0
3980	4.075	0
3985	4.0744	0
3990	4.0738	0
3995	4.0732	0
4000	4.0726	0
4005	4.072	0
4010	4.0714	0
4015	4.0708	0
4020	4.0702	0
4025	4.0696	0
4030	4.069	0
4035	4.0684	0
4040	4.0678	0
4045	4.0672	0
4050	4.0665	0
4055	4.0659	0
4060	4.0653	0
4065	4.0647	0
4070	4.0641	0
4075	4.0635	0
4080	4.0629	0
4085	4.0623	0
4090	4.0617	0
4095	4.061	0
4100	4.0604	0
4105	4.0598	0
4110	4.0592	0
4115	4.0586	0
4120	4.058	0
4125	4.0573	0
4130	4.0567	0
4135	4.0561	0
4140	4.0555	0
4145	4.0549	0
4150	4.0542	0
4155	4.0536	0
4160	4.053	0
4165	4.0524	0
4170	4.0517	0
4175	4.0511	0
4180	4.0505	0
4185	4.0499	0
4190	4.0492	0
4195	4.0486	0
4200	4.048	0
4205	4.0473	0
4210	4.0467	0
4215	4.0461	0
4220	4.0454	0
4225	4.0448	0
4230	4.0442	0
4235	4.0435	0
4240	4.0429	0
4245	4.0423	0
4250	4.0416	0
4255	4.041	0
4260	4.0403	0
4265	4.0397	0
4270	4.0391	0
4275	4.0384	0
4280	4.0378	0
4285	4.0371	0
4290	4.0365	0
4295	4.0358	0
4300	4.0352	0
4305	4.0345	0
4310	4.0339	0
4315	4.0332	0
4320	4.0326	0
4325	4.0319	0
4330	4.0313	0
4335	4.0306	0
4340	4.03	0
4345	4.0293	0
4350	4.0287	0
4355	4.028	0
4360	4.0274	0
4365	4.0267	0
4370	4.026	0
4375	4.0254	0
4380	4.0247	0
4385	4.0241	0
4390	4.0234	0
4395	4.0227	0
4400	4.0221	0
4405	4.0214	0
4410	4.0208	0
4415	4.0201	0
4420	4.0194	0
4425	4.0188	0
4430	4.0181	0
4435	4.0174	0
4440	4.0168	0
4445	4.0161	0
4450	4.0154	0
4455	4.0147	0
4460	4.0141	0
4465	4.0134	0
4470	4.0127	0
4475	4.012	0
4480	4.0114	0
4485	4.0107	0
4490	4.01	0
4495	4.0093	0
4500	4.0087	0
4505	4.008	0
4510	4.0073	0
4515	4.0066	0
4520	4.0059	0
4525	4.0053	0
4530	4.0046	0
4535	4.0039	0
4540	4.0032	0
4545	4.0025	0
4550	4.0018	0
4555	4.0011	0
4560	4.0005	0
4565	3.9998	0
4570	3.9991	0
4575	3.9984	0
4580	3.9977	0
4585	3.997	0
4590	3.9963	0
4595	3.9956	0
4600	3.9949	0
4605	3.9942	0
4610	3.9935	0
4615	3.9928	0
4620	3.9921	0
4625	3.9914	0
4630	3.9907	0
4635	3.99	0
4640	3.9893	0
4645	3.9886	0
4650	3.9879	0
4655	3.9872	0
4660	3.9865	0
4665	3.9858	0
4670	3.9851	0
4675	3.9844	0
4680	3.9837	0
4685	3.983	0
4690	3.9823	0
4695	3.9815	0
4700	3.9808	0
4705	3.9801	0
4710	3.9794	0
4715	3.9787	0
4720	3.978	0
4725	3.9773	0
4730	3.9765	0
4735	3.9758	0
4740	3.9751	0
4745	3.9744	0
4750	3.9737	0
4755	3.973	0
4760	3.9722	0
4765	3.9715	0
4770	3.9708	0
4775	3.9701	0
4780	3.9693	0
4785	3.9686	0
4790	3.9679	0
4795	3.9672	0
4800	3.9664	0
4805	3.9657	0
4810	3.965	0
4815	3.9642	0
4820	3.9635	0
4825	3.9628	0
4830	3.962	0
4835	3.9613	0
4840	3.9606	0
4845	3.9598	0
4850	3.9591	0
4855	3.9584	0
4860	3.9576	0
4865	3.9569	0
4870	3.9561	0
4875	3.9554	0
4880	3.9547	0
4885	3.9539	0
4890	3.9532	0
4895	3.9524	0
4900	3.9517	0
4905	3.9509	0
4910	3.9502	0
4915	3.9494	0
4920	3.9487	0
4925	3.9479	0
4930	3.9472	0
4935	3.9464	0
4940	3.9457	0
4945	3.9449	0
4950	3.9442	0
4955	3.9434	0
4960	3.9427	0
4965	3.9419	0
4970	3.9412	0
4975	3.9404	0
4980	3.9396	0
4985	3.9389	0
4990	3.9381	0
4995	3.9374	0
5000	3.9366	0
5005	3.9358	0
5010	3.9351	0
5015	3.9343	0
5020	3.9335	0
5025	3.9328	0
5030	3.932	0
5035	3.9312	0
5040	3.9305	0
5045	3.9297	0
5050	3.9289	0
5055	3.9282	0
5060	3.9274	0
5065	3.9266	0
5070	3.9258	0
5075	3.9251	0
5080	3.9243	0
5085	3.9235	0
5090	3.9227	0
5095	3.922	0
5100	3.9212	0
5105	3.9204	0
5110	3.9196	0
5115	3.9188	0
5120	3.9181	0
5125	3.9173	0
5130	3.9165	0
5135	3.9157	0
5140	3.9149	0
5145	3.9141	0
5150	3.9133	0
5155	3.9126	0
5160	3.9118	0
5165	3.911	0
5170	3.9102	0
5175	3.9094	0
5180	3.9086	0
5185	3.9078	0
5190	3.907	0
5195	3.9062	0
5200	3.9054	0
5205	3.9046	0
5210	3.9038	0
5215	3.903	0
5220	3.9022	0
5225	3.9014	0
5230	3.9006	0
5235	3.8998	0
5240	3.899	0
5245	3.8982	0
5250	3.8974	0
5255	3.8966	0
5260	3.8958	0
5265	3.895	0
5270	3.8942	0
5275	3.8934	0
5280	3.8926	0
5285	3.8917	0
5290	3.8909	0
5295	3.8901	0
5300	3.8893	0
5305	3.8885	0
5310	3.8877	0
5315	3.8869	0
5320	3.886	0
5325	3.8852	0
5330	3.8844	0
5335	3.8836	0
5340	3.8828	0
5345	3.8819	0
5350	3.8811	0
5355	3.8803	0
5360	3.8795	0
5365	3.8786	0
5370	3.8778	0
5375	3.877	0
5380	3.8762	0
5385	3.8753	0
5390	3.8745	0
5395	3.8737	0
5400	3.8728	0
5405	3.872	0
5410	3.8712	0
5415	3.8703	0
5420	3.8695	0
5425	3.8687	0
5430	3.8678	0
5435	3.867	0
5440	3.8662	0
5445	3.8653	0
5450	3.8645	0
5455	3.8636	0
5460	3.8628	0
5465	3.8619	0
5470	3.8611	0
5475	3.8603	0
5480	3.8594	0
5485	3.8586	0
5490	3.8577	0
5495	3.8569	0
5500	3.856	0
5505	3.8552	0
5510	3.8543	0
5515	3.8535	0
5520	3.8526	0
5525	3.8518	0
5530	3.8509	0
5535	3.85	0
5540	3.8492	0
5545	3.8483	0
5550	3.8475	0
5555	3.8466	0
5560	3.8458	0
5565	3.8449	0
5570	3.844	0
5575	3.8432	0
5580	3.8423	0
5585	3.8414	0
5590	3.8406	0
5595	3.8397	0
5600	3.8388	0
5605	3.838	0
5610	3.8371	0
5615	3.8362	0
5620	3.8354	0
5625	3.8345	0
5630	3.8336	0
5635	3.8327	0
5640	3.8319	0
5645	3.831	0
5650	3.8301	0
5655	3.8292	0
5660	3.8284	0
5665	3.8275	0
5670	3.8266	0
5675	3.8257	0
5680	3.8248	0
5685	3.824	0
5690	3.8231	0
5695	3.8222	0
5700	3.8213	0
5705	3.8204	0
5710	3.8195	0
5715	3.8186	0
5720	3.8178	0
5725	3.8169	0
5730	3.816	0
5735	3.8151	0
5740	3.8142	0
5745	3.8133	0
5750	3.8124	0
5755	3.8115	0
5760	3.8106	0
5765	3.8097	0
5770	3.8088	0
5775	3.8079	0
5780	3.807	0
5785	3.8061	0
5790	3.8052	0
5795	3.8043	0
5800	3.8034	0
5805	3.8025	0
5810	3.8016	0
5815	3.8007	0
5820	3.7998	0
5825	3.7989	0
5830	3.798	0
5835	3.7971	0
5840	3.7961	0
5845	3.7952	0
5850	3.7943	0
5855	3.7934	0
5860	3.7925	0
5865	3.7916	0
5870	3.7907	0
5875	3.7897	0
5880	3.7888	0
5885	3.7879	0
5890	3.787	0
5895	3.7861	0
5900	3.7851	0
5905	3.7842	0
5910	3.7833	0
5915	3.7824	0
5920	3.7814	0
5925	3.7805	0
5930	3.7796	0
5935	3.7787	0
5940	3.7777	0
5945	3.7768	0
5950	3.7759	0
5955	3.7749	0
5960	3.774	0
5965	3.7731	0
5970	3.7721	0
5975	3.7712	0
5980	3.7703	0
5985	3.7693	0
5990	3.7684	0
5995	3.7674	0
6000	3.7665	0
6005	3.7656	0
6010	3.7646	0
6015	3.7637	0
6020	3.7627	0
6025	3.7618	0
6030	3.7608	0
6035	3.7599	0
6040	3.7589	0
6045	3.758	0
6050	3.757	0
6055	3.7561	0
6060	3.7551	0
6065	3.7542	0
6070	3.7532	0
6075	3.7523	0
6080	3.7513	0
6085	3.7504	0
6090	3.7494	0
6095	3.7484	0
6100	3.7475	0
6105	3.7465	0
6110	3.7456	0
6115	3.7446	0
6120	3.7436	0
6125	3.7427	0
6130	3.7417	0
6135	3.7407	0
6140	3.7398	0
6145	3.7388	0
6150	3.7378	0
6155	3.7369	0
6160	3.7359	0
6165	3.7349	0
6170	3.7339	0
6175	3.733	0
6180	3.732	0
6185	3.731	0
6190	3.73	0
6195	3.7291	0
6200	3.7281	0
6205	3.7271	0
6210	3.7261	0
6215	3.7251	0
6220	3.7242	0
6225	3.7232	0
6230	3.7222	0
6235	3.7212	0
6240	3.7202	0
6245	3.7192	0
6250	3.7182	0
6255	3.7173	0
6260	3.7163	0
6265	3.7153	0
6270	3.7143	0
6275	3.7133	0
6280	3.7123	0
6285	3.7113	0
6290	3.7103	0
6295	3.7093	0
6300	3.7083	0
6305	3.7073	0
6310	3.7063	0
6315	3.7053	0
6320	3.7043	0
6325	3.7033	0
6330	3.7023	0
6335	3.7013	0
6340	3.7003	0
6345	3.6993	0
6350	3.6983	0
6355	3.6973	0
6360	3.6963	0
6365	3.6953	0
6370	3.6942	0
6375	3.6932	0
6380	3.6922	0
6385	3.6912	0
6390	3.6902	0
6395	3.6892	0
6400	3.6882	0
6405	3.6871	0
6410	3.6861	0
6415	3.6851	0
6420	3.6841	0
6425	3.6831	0
6430	3.682	0
6435	3.681	0
6440	3.68	0
6445	3.679	0
6450	3.6779	0
6455	3.6769	0
6460	3.6759	0
6465	3.6748	0
6470	3.6738	0
6475	3.6728	0
6480	3.6717	0
6485	3.6707	0
6490	3.6697	0
6495	3.6686	0
6500	3.6676	0
6505	3.6666	0
6510	3.6655	0
6515	3.6645	0
6520	3.6634	0
6525	3.6624	0
6530	3.6614	0
6535	3.6603	0
6540	3.6593	0
6545	3.6582	0
6550	3.6572	0
6555	3.6561	0
6560	3.6551	0
6565	3.654	0
6570	3.653	0
6575	3.6519	0
6580	3.6509	0
6585	3.6498	0
6590	3.6488	0
6595	3.6477	0
6600	3.6467	0
6605	3.6456	0
6610	3.6445	0
6615	3.6435	0
6620	3.6424	0
6625	3.6414	0
6630	3.6403	0
6635	3.6392	0
6640	3.6382	0
6645	3.6371	0
6650	3.636	0
6655	3.635	0
6660	3.6339	0
6665	3.6328	0
6670	3.6318	0
6675	3.6307	0
6680	3.6296	0
6685	3.6285	0
6690	3.6275	0
6695	3.6264	0
6700	3.6253	0
6705	3.6242	0
6710	3.6231	0
6715	3.6221	0
6720	3.621	0
6725	3.6199	0
6730	3.6188	0
6735	3.6177	0
6740	3.6167	0
6745	3.6156	0
6750	3.6145	0
6755	3.6134	0
6760	3.6123	0
6765	3.6112	0
6770	3.6101	0
6775	3.609	0
6780	3.6079	0
6785	3.6068	0
6790	3.6058	0
6795	3.6047	0
6800	3.6036	0
6805	3.6025	0
6810	3.6014	0
6815	3.6003	0
6820	3.5992	0
6825	3.5981	0
6830	3.597	0
6835	3.5958	0
6840	3.5947	0
6845	3.5936	0
6850	3.5925	0
6855	3.5914	0
6860	3.5903	0
6865	3.5892	0
6870	3.5881	0
6875	3.587	0
6880	3.5859	0
6885	3.5848	0
6890	3.5836	0
6895	3.5825	0
6900	3.5814	0
6905	3.5803	0
6910	3.5792	0
6915	3.578	0
6920	3.5769	0
6925	3.5758	0
6930	3.5747	0
6935	3.5735	0
6940	3.5724	0
6945	3.5713	0
6950	3.5702	0
6955	3.569	0
6960	3.5679	0
6965	3.5668	0
6970	3.5656	0
6975	3.5645	0
6980	3.5634	0
6985	3.5622	0
6990	3.5611	0
6995	3.56	0
7000	3.5588	0
7005	3.5577	0
7010	3.5566	0
7015	3.5554	0
7020	3.5543	0
7025	3.5531	0
7030	3.552	0
7035	3.5508	0
7040	3.5497	0
7045	3.5485	0
7050	3.5474	0
7055	3.5462	0
7060	3.5451	0
7065	3.5439	0
7070	3.5428	0
7075	3.5416	0
7080	3.5405	0
7085	3.5393	0
7090	3.5382	0
7095	3.537	0
7100	3.5358	0
7105	3.5347	0
7110	3.5335	0
7115	3.5324	0
7120	3.5312	0
7125	3.53	0
7130	3.5289	0
7135	3.5277	0
7140	3.5265	0
7145	3.5254	0
7150	3.5242	0
7155	3.523	0
7160	3.5219	0
7165	3.5207	0
7170	3.5195	0
7175	3.5183	0
7180	3.5172	0
7185	3.516	0
7190	3.5148	0
7195	3.5136	0
7200	3.5124	0
7205	3.5113	0
7210	3.5101	0
7215	3.5089	0
7220	3.5077	0
7225	3.5065	0
7230	3.5053	0
7235	3.5042	0
7240	3.503	0
7245	3.5018	0
7250	3.5006	0
7255	3.4994	0
7260	3.4982	0
7265	3.497	0
7270	3.4958	0
7275	3.4946	0
7280	3.4934	0
7285	3.4922	0
7290	3.491	0
7295	3.4898	0
7300	3.4886	0
7305	3.4874	0
7310	3.4862	0
7315	3.485	0
7320	3.4838	0
7325	3.4826	0
7330	3.4814	0
7335	3.4802	0
7340	3.479	0
7345	3.4777	0
7350	3.4765	0
7355	3.4753	0
7360	3.4741	0
7365	3.4729	0
7370	3.4717	0
7375	3.4705	0
7380	3.4692	0
7385	3.468	0
7390	3.4668	0
7395	3.4656	0
7400	3.4643	0
7405	3.4631	0
7410	3.4619	0
7415	3.4607	0
7420	3.4594	0
7425	3.4582	0
7430	3.457	0
7435	3.4558	0
7440	3.4545	0
7445	3.4533	0
7450	3.4521	0
7455	3.4508	0
7460	3.4496	0
7465	3.4483	0
7470	3.4471	0
7475	3.4459	0
7480	3.4446	0
7485	3.4434	0
7490	3.4421	0
7495	3.4409	0
7500	3.4397	0
7505	3.4384	0
7510	3.4372	0
7515	3.4359	0
7520	3.4347	0
7525	3.4334	0
7530	3.4322	0
7535	3.4309	0
7540	3.4296	0
7545	3.4284	0
7550	3.4271	0
7555	3.4259	0
7560	3.4246	0
7565	3.4234	0
7570	3.4221	0
7575	3.4208	0
7580	3.4196	0
7585	3.4183	0
7590	3.417	0
7595	3.4158	0
7600	3.4145	0
7605	3.4132	0
7610	3.412	0
7615	3.4107	0
7620	3.4094	0
7625	3.4082	0
7630	3.4069	0
7635	3.4056	0
7640	3.4043	0
7645	3.4031	0
7650	3.4018	0
7655	3.4005	0
7660	3.3992	0
7665	3.3979	0
7670	3.3967	0
7675	3.3954	0
7680	3.3941	0
7685	3.3928	0
7690	3.3915	0
7695	3.3902	0
7700	3.3889	0
7705	3.3876	0
7710	3.3863	0
7715	3.3851	0
7720	3.3838	0
7725	3.3825	0
7730	3.3812	0
7735	3.3799	0
7740	3.3786	0
7745	3.3773	0
7750	3.376	0
7755	3.3747	0
7760	3.3734	0
7765	3.3721	0
7770	3.3708	0
7775	3.3694	0
7780	3.3681	0
7785	3.3668	0
7790	3.3655	0
7795	3.3642	0
7800	3.3629	0
7805	3.3616	0
7810	3.3603	0
7815	3.3589	0
7820	3.3576	0
7825	3.3563	0
7830	3.355	0
7835	3.3537	0
7840	3.3524	0
7845	3.351	0
7850	3.3497	0
7855	3.3484	0
7860	3.3471	0
7865	3.3457	0
7870	3.3444	0
7875	3.3431	0
7880	3.3417	0
7885	3.3404	0
7890	3.3391	0
7895	3.3377	0
7900	3.3364	0
7905	3.3351	0
7910	3.3337	0
7915	3.3324	0
7920	3.331	0
7925	3.3297	0
7930	3.3284	0
7935	3.327	0
7940	3.3257	0
7945	3.3243	0
7950	3.323	0
7955	3.3216	0
7960	3.3203	0
7965	3.3189	0
7970	3.3176	0
7975	3.3162	0
7980	3.3149	0
7985	3.3135	0
7990	3.3122	0
7995	3.3108	0
8000	3.3094	0
8005	3.3081	0
8010	3.3067	0
8015	3.3054	0
8020	3.304	0
8025	3.3026	0
8030	3.3013	0
8035	3.2999	0
8040	3.2985	0
8045	3.2972	0
8050	3.2958	0
8055	3.2944	0
8060	3.293	0
8065	3.2917	0
8070	3.2903	0
8075	3.2889	0
8080	3.2875	0
8085	3.2862	0
8090	3.2848	0
8095	3.2834	0
8100	3.282	0
8105	3.2806	0
8110	3.2793	0
8115	3.2779	0
8120	3.2765	0
8125	3.2751	0
8130	3.2737	0
8135	3.2723	0
8140	3.2709	0
8145	3.2695	0
8150	3.2681	0
8155	3.2667	0
8160	3.2653	0
8165	3.2639	0
8170	3.2625	0
8175	3.2611	0
8180	3.2597	0
8185	3.2583	0
8190	3.2569	0
8195	3.2555	0
8200	3.2541	0
8205	3.2527	0
8210	3.2513	0
8215	3.2499	0
8220	3.2485	0
8225	3.2471	0
8230	3.2457	0
8235	3.2442	0
8240	3.2428	0
8245	3.2414	0
8250	3.24	0
8255	3.2386	0
8260	3.2372	0
8265	3.2357	0
8270	3.2343	0
8275	3.2329	0
8280	3.2315	0
8285	3.23	0
8290	3.2286	0
8295	3.2272	0
8300	3.2257	0
8305	3.2243	0
8310	3.2229	0
8315	3.2214	0
8320	3.22	0
8325	3.2186	0
8330	3.2171	0
8335	3.2157	0
8340	3.2143	0
8345	3.2128	0
8350	3.2114	0
8355	3.2099	0
8360	3.2085	0
8365	3.207	0
8370	3.2056	0
8375	3.2041	0
8380	3.2027	0
8385	3.2012	0
8390	3.1998	0
8395	3.1983	0
8400	3.1969	0
8405	3.1954	0
8410	3.194	0
8415	3.1925	0
8420	3.191	0
8425	3.1896	0
8430	3.1881	0
8435	3.1867	0
8440	3.1852	0
8445	3.1837	0
8450	3.1823	0
8455	3.1808	0
8460	3.1793	0
8465	3.1779	0
8470	3.1764	0
8475	3.1749	0
8480	3.1734	0
8485	3.172	0
8490	3.1705	0
8495	3.169	0
8500	3.1675	0
8505	3.166	0
8510	3.1646	0
8515	3.1631	0
8520	3.1616	0
8525	3.1601	0
8530	3.1586	0
8535	3.1571	0
8540	3.1556	0
8545	3.1541	0
8550	3.1527	0
8555	3.1512	0
8560	3.1497	0
8565	3.1482	0
8570	3.1467	0
8575	3.1452	0
8580	3.1437	0
8585	3.1422	0
8590	3.1407	0
8595	3.1392	0
8600	3.1377	0
8605	3.1362	0
8610	3.1346	0
8615	3.1331	0
8620	3.1316	0
8625	3.1301	0
8630	3.1286	0
8635	3.1271	0
8640	3.1256	0
8645	3.1241	0
8650	3.1225	0
8655	3.121	0
8660	3.1195	0
8665	3.118	0
8670	3.1165	0
8675	3.1149	0
8680	3.1134	0
8685	3.1119	0
8690	3.1104	0
8695	3.1088	0
8700	3.1073	0
8705	3.1058	0
8710	3.1042	0
8715	3.1027	0
8720	3.1012	0
8725	3.0996	0
8730	3.0981	0
8735	3.0966	0
8740	3.095	0
8745	3.0935	0
8750	3.0919	0
8755	3.0904	0
8760	3.0888	0
8765	3.0873	0
8770	3.0857	0
8775	3.0842	0
8780	3.0826	0
8785	3.0811	0
8790	3.0795	0
8795	3.078	0
8800	3.0764	0
8805	3.0749	0
8810	3.0733	0
8815	3.0717	0
8820	3.0702	0
8825	3.0686	0
8830	3.0671	0
8835	3.0655	0
8840	3.0639	0
8845	3.0624	0
8850	3.0608	0
8855	3.0592	0
8860	3.0577	0
8865	3.0561	0
8870	3.0545	0
8875	3.0529	0
8880	3.0514	0
8885	3.0498	0
8890	3.0482	0
8895	3.0466	0
8900	3.045	0
8905	3.0434	0
8910	3.0419	0
8915	3.0403	0
8920	3.0387	0
8925	3.0371	0
8930	3.0355	0
8935	3.0339	0
8940	3.0323	0
8945	3.0307	0
8950	3.0291	0
8955	3.0275	0
8960	3.0259	0
8965	3.0243	0
8970	3.0227	0
8975	3.0211	0
8980	3.0195	0
8985	3.0179	0
8990	3.0163	0
8995	3.0147	0
9000	3.0131	0
9005	3.0115	0
9010	3.0099	0
9015	3.0083	0
9020	3.0067	0
9025	3.005	0
9030	3.0034	0
9035	3.0018	0
9040	3.0002	0
9045	2.9986	0
9050	2.9969	0
9055	2.9953	0
9060	2.9937	0
9065	2.9921	0
9070	2.9904	0
9075	2.9888	0
9080	2.9872	0
9085	2.9856	0
9090	2.9839	0
9095	2.9823	0
9100	2.9807	0
9105	2.979	0
9110	2.9774	0
9115	2.9757	0
9120	2.9741	0
9125	2.9725	0
9130	2.9708	0
9135	2.9692	0
9140	2.9675	0
9145	2.9659	0
9150	2.9642	0
9155	2.9626	0
9160	2.9609	0
9165	2.9593	0
9170	2.9576	0
9175	2.956	0
9180	2.9543	0
9185	2.9526	0
9190	2.951	0
9195	2.9493	0
9200	2.9477	0
9205	2.946	0
9210	2.9443	0
9215	2.9427	0
9220	2.941	0
9225	2.9393	0
9230	2.9377	0
9235	2.936	0
9240	2.9343	0
9245	2.9326	0
9250	2.931	0
9255	2.9293	0
9260	2.9276	0
9265	2.9259	0
9270	2.9242	0
9275	2.9225	0
9280	2.9209	0
9285	2.9192	0
9290	2.9175	0
9295	2.9158	0
9300	2.9141	0
9305	2.9124	0
9310	2.9107	0
9315	2.909	0
9320	2.9073	0
9325	2.9056	0
9330	2.9039	0
9335	2.9022	0
9340	2.9005	0
9345	2.8988	0
9350	2.8971	0
9355	2.8954	0
9360	2.8937	0
9365	2.892	0
9370	2.8903	0
9375	2.8886	0
9380	2.8869	0
9385	2.8852	0
9390	2.8834	0
9395	2.8817	0
9400	2.88	0
9405	2.8783	0
9410	2.8766	0
9415	2.8748	0
9420	2.8731	0
9425	2.8714	0
9430	2.8697	0
9435	2.8679	0
9440	2.8662	0
9445	2.8645	0
9450	2.8627	0
9455	2.861	0
9460	2.8593	0
9465	2.8575	0
9470	2.8558	0
9475	2.8541	0
9480	2.8523	0
9485	2.8506	0
9490	2.8488	0
9495	2.8471	0
9500	2.8453	0
9505	2.8436	0
9510	2.8418	0
9515	2.8401	0
9520	2.8383	0
9525	2.8366	0
9530	2.8348	0
9535	2.8331	0
9540	2.8313	0
9545	2.8296	0
9550	2.8278	0
9555	2.826	0
9560	2.8243	0
9565	2.8225	0
9570	2.8207	0
9575	2.819	0
9580	2.8172	0
9585	2.8154	0
9590	2.8136	0
9595	2.8119	0
9600	2.8101	0
9605	2.8083	0
9610	2.8065	0
9615	2.8048	0
9620	2.803	0
9625	2.8012	0
9630	2.7994	0
9635	2.7976	0
9640	2.7958	0
9645	2.794	0
9650	2.7923	0
9655	2.7905	0
9660	2.7887	0
9665	2.7869	0
9670	2.7851	0
9675	2.7833	0
9680	2.7815	0
9685	2.7797	0
9690	2.7779	0
9695	2.7761	0
9700	2.7743	0
9705	2.7725	0
9710	2.7707	0
9715	2.7689	0
9720	2.767	0
9725	2.7652	0
9730	2.7634	0
9735	2.7616	0
9740	2.7598	0
9745	2.758	0
9750	2.7561	0
9755	2.7543	0
9760	2.7525	0
9765	2.7507	0
9770	2.7488	0
9775	2.747	0
9780	2.7452	0
9785	2.7434	0
9790	2.7415	0
9795	2.7397	0
9800	2.7379	0
9805	2.736	0
9810	2.7342	0
9815	2.7323	0
9820	2.7305	0
9825	2.7287	0
9830	2.7268	0
9835	2.725	0
9840	2.7231	0
9845	2.7213	0
9850	2.7194	0
9855	2.7176	0
9860	2.7157	0
9865	2.7139	0
9870	2.712	0
9875	2.7102	0
9880	2.7083	0
9885	2.7064	0
9890	2.7046	0
9895	2.7027	0
9900	2.7008	0
9905	2.699	0
9910	2.6971	0
9915	2.6952	0
9920	2.6934	0
9925	2.6915	0
9930	2.6896	0
9935	2.6878	0
9940	2.6859	0
9945	2.684	0
9950	2.6821	0
9955	2.6802	0
9960	2.6784	0
9965	2.6765	0
9970	2.6746	0
9975	2.6727	0
9980	2.6708	0
9985	2.6689	0
9990	2.667	0
9995	2.6651	0
10000	2.6632	0
