wavelength(nm)         real         imag
200.00   3.82274197   0.00147654
201.00   3.82196774   0.00149879
202.00   3.82118966   0.00152127
203.00   3.82040772   0.00154397
204.00   3.81962193   0.00156689
205.00   3.81883228   0.00159004
206.00   3.81803877   0.00161342
207.00   3.81724141   0.00163703
208.00   3.81644020   0.00166086
209.00   3.81563513   0.00168492
210.00   3.81482621   0.00170922
211.00   3.81401343   0.00173374
212.00   3.81319679   0.00175850
213.00   3.81237630   0.00178350
214.00   3.81155196   0.00180873
215.00   3.81072376   0.00183420
216.00   3.80989170   0.00185990
217.00   3.80905580   0.00188585
218.00   3.80821603   0.00191203
219.00   3.80737242   0.00193846
220.00   3.80652495   0.00196513
221.00   3.80567362   0.00199204
222.00   3.80481844   0.00201919
223.00   3.80395941   0.00204659
224.00   3.80309652   0.00207424
225.00   3.80222978   0.00210214
226.00   3.80135919   0.00213028
227.00   3.80048474   0.00215868
228.00   3.79960644   0.00218732
229.00   3.79872429   0.00221622
230.00   3.79783828   0.00224537
231.00   3.79694842   0.00227478
232.00   3.79605471   0.00230444
233.00   3.79515714   0.00233435
234.00   3.79425572   0.00236453
235.00   3.79335045   0.00239496
236.00   3.79244132   0.00242566
237.00   3.79152835   0.00245661
238.00   3.79061152   0.00248783
239.00   3.78969084   0.00251931
240.00   3.78876630   0.00255105
241.00   3.78783792   0.00258306
242.00   3.78690568   0.00261534
243.00   3.78596959   0.00264788
244.00   3.78502964   0.00268070
245.00   3.78408585   0.00271378
246.00   3.78313821   0.00274713
247.00   3.78218671   0.00278076
248.00   3.78123136   0.00281466
249.00   3.78027216   0.00284883
250.00   3.77930911   0.00288328
251.00   3.77834221   0.00291800
252.00   3.77737146   0.00295300
253.00   3.77639685   0.00298828
254.00   3.77541840   0.00302385
255.00   3.77443609   0.00305969
256.00   3.77344994   0.00309581
257.00   3.77245993   0.00313222
258.00   3.77146607   0.00316891
259.00   3.77046837   0.00320588
260.00   3.76946681   0.00324314
261.00   3.76846140   0.00328069
262.00   3.76745215   0.00331853
263.00   3.76643904   0.00335666
264.00   3.76542208   0.00339508
265.00   3.76440128   0.00343379
266.00   3.76337662   0.00347279
267.00   3.76234812   0.00351209
268.00   3.76131576   0.00355168
269.00   3.76027956   0.00359157
270.00   3.75923951   0.00363175
271.00   3.75819561   0.00367224
272.00   3.75714786   0.00371302
273.00   3.75609626   0.00375411
274.00   3.75504081   0.00379549
275.00   3.75398151   0.00383718
276.00   3.75291837   0.00387918
277.00   3.75185138   0.00392147
278.00   3.75078054   0.00396408
279.00   3.74970585   0.00400699
280.00   3.74862731   0.00405021
281.00   3.74754493   0.00409374
282.00   3.74645870   0.00413758
283.00   3.74536862   0.00418173
284.00   3.74427469   0.00422619
285.00   3.74317692   0.00427097
286.00   3.74207530   0.00431607
287.00   3.74096983   0.00436147
288.00   3.73986052   0.00440720
289.00   3.73874735   0.00445325
290.00   3.73763035   0.00449961
291.00   3.73650949   0.00454629
292.00   3.73538479   0.00459330
293.00   3.73425624   0.00464063
294.00   3.73312385   0.00468828
295.00   3.73198761   0.00473626
296.00   3.73084752   0.00478456
297.00   3.72970359   0.00483319
298.00   3.72855582   0.00488215
299.00   3.72740419   0.00493144
300.00   3.72624873   0.00498105
301.00   3.72508941   0.00503100
302.00   3.72392625   0.00508128
303.00   3.72275925   0.00513190
304.00   3.72158840   0.00518285
305.00   3.72041371   0.00523414
306.00   3.71923517   0.00528576
307.00   3.71805279   0.00533772
308.00   3.71686656   0.00539002
309.00   3.71567649   0.00544266
310.00   3.71448258   0.00549564
311.00   3.71328482   0.00554896
312.00   3.71208321   0.00560263
313.00   3.71087777   0.00565664
314.00   3.70966848   0.00571100
315.00   3.70845534   0.00576571
316.00   3.70723836   0.00582076
317.00   3.70601754   0.00587616
318.00   3.70479288   0.00593191
319.00   3.70356437   0.00598801
320.00   3.70233202   0.00604447
321.00   3.70109583   0.00610128
322.00   3.69985580   0.00615844
323.00   3.69861192   0.00621596
324.00   3.69736420   0.00627384
325.00   3.69611264   0.00633207
326.00   3.69485724   0.00639066
327.00   3.69359799   0.00644961
328.00   3.69233490   0.00650893
329.00   3.69106798   0.00656860
330.00   3.68979721   0.00662864
331.00   3.68852259   0.00668904
332.00   3.68724414   0.00674981
333.00   3.68596185   0.00681094
334.00   3.68467571   0.00687245
335.00   3.68338574   0.00693432
336.00   3.68209192   0.00699656
337.00   3.68079427   0.00705917
338.00   3.67949277   0.00712216
339.00   3.67818743   0.00718551
340.00   3.67687826   0.00724924
341.00   3.67556524   0.00731335
342.00   3.67424838   0.00737783
343.00   3.67292769   0.00744270
344.00   3.67160315   0.00750793
345.00   3.67027478   0.00757355
346.00   3.66894256   0.00763955
347.00   3.66760651   0.00770594
348.00   3.66626662   0.00777270
349.00   3.66492289   0.00783985
350.00   3.66357532   0.00790738
351.00   3.66222391   0.00797530
352.00   3.66086866   0.00804361
353.00   3.65950958   0.00811231
354.00   3.65814666   0.00818139
355.00   3.65677990   0.00825087
356.00   3.65540930   0.00832074
357.00   3.65403486   0.00839100
358.00   3.65265659   0.00846165
359.00   3.65127448   0.00853270
360.00   3.64988853   0.00860415
361.00   3.64849875   0.00867599
362.00   3.64710513   0.00874824
363.00   3.64570767   0.00882088
364.00   3.64430638   0.00889392
365.00   3.64290125   0.00896736
366.00   3.64149228   0.00904121
367.00   3.64007948   0.00911546
368.00   3.63866284   0.00919011
369.00   3.63724236   0.00926518
370.00   3.63581805   0.00934064
371.00   3.63438991   0.00941652
372.00   3.63295793   0.00949281
373.00   3.63152211   0.00956950
374.00   3.63008246   0.00964661
375.00   3.62863898   0.00972413
376.00   3.62719166   0.00980206
377.00   3.62574050   0.00988041
378.00   3.62428551   0.00995917
379.00   3.62282669   0.01003836
380.00   3.62136403   0.01011795
381.00   3.61989754   0.01019797
382.00   3.61842722   0.01027841
383.00   3.61695306   0.01035927
384.00   3.61547507   0.01044055
385.00   3.61399324   0.01052226
386.00   3.61250759   0.01060439
387.00   3.61101810   0.01068694
388.00   3.60952477   0.01076993
389.00   3.60802762   0.01085334
390.00   3.60652663   0.01093718
391.00   3.60502181   0.01102145
392.00   3.60351316   0.01110615
393.00   3.60200067   0.01119128
394.00   3.60048436   0.01127685
395.00   3.59896421   0.01136285
396.00   3.59744023   0.01144928
397.00   3.59591242   0.01153616
398.00   3.59438078   0.01162347
399.00   3.59284531   0.01171122
400.00   3.59130600   0.01179941
401.00   3.58976287   0.01188804
402.00   3.58821591   0.01197711
403.00   3.58666511   0.01206662
404.00   3.58511049   0.01215658
405.00   3.58355203   0.01224699
406.00   3.58198975   0.01233784
407.00   3.58042364   0.01242914
408.00   3.57885369   0.01252089
409.00   3.57727992   0.01261308
410.00   3.57570232   0.01270573
411.00   3.57412089   0.01279883
412.00   3.57253563   0.01289238
413.00   3.57094655   0.01298639
414.00   3.56935363   0.01308085
415.00   3.56775689   0.01317577
416.00   3.56615632   0.01327115
417.00   3.56455192   0.01336698
418.00   3.56294369   0.01346327
419.00   3.56133164   0.01356003
420.00   3.55971575   0.01365724
421.00   3.55809605   0.01375492
422.00   3.55647251   0.01385307
423.00   3.55484515   0.01395167
424.00   3.55321396   0.01405075
425.00   3.55157894   0.01415029
426.00   3.54994010   0.01425030
427.00   3.54829743   0.01435077
428.00   3.54665094   0.01445172
429.00   3.54500062   0.01455314
430.00   3.54334648   0.01465504
431.00   3.54168851   0.01475740
432.00   3.54002671   0.01486024
433.00   3.53836109   0.01496356
434.00   3.53669165   0.01506736
435.00   3.53501838   0.01517163
436.00   3.53334128   0.01527638
437.00   3.53166036   0.01538161
438.00   3.52997562   0.01548732
439.00   3.52828705   0.01559352
440.00   3.52659466   0.01570020
441.00   3.52489845   0.01580736
442.00   3.52319841   0.01591501
443.00   3.52149455   0.01602315
444.00   3.51978687   0.01613177
445.00   3.51807537   0.01624088
446.00   3.51636004   0.01635048
447.00   3.51464089   0.01646058
448.00   3.51291791   0.01657116
449.00   3.51119112   0.01668224
450.00   3.50946050   0.01679382
451.00   3.50772607   0.01690589
452.00   3.50598781   0.01701845
453.00   3.50424572   0.01713151
454.00   3.50249982   0.01724508
455.00   3.50075010   0.01735914
456.00   3.49899656   0.01747370
457.00   3.49723919   0.01758876
458.00   3.49547801   0.01770433
459.00   3.49371300   0.01782040
460.00   3.49194418   0.01793698
461.00   3.49017154   0.01805406
462.00   3.48839507   0.01817165
463.00   3.48661479   0.01828975
464.00   3.48483069   0.01840836
465.00   3.48304277   0.01852748
466.00   3.48125103   0.01864711
467.00   3.47945547   0.01876726
468.00   3.47765609   0.01888792
469.00   3.47585290   0.01900909
470.00   3.47404588   0.01913078
471.00   3.47223505   0.01925298
472.00   3.47042040   0.01937571
473.00   3.46860194   0.01949895
474.00   3.46677966   0.01962272
475.00   3.46495356   0.01974700
476.00   3.46312364   0.01987181
477.00   3.46128991   0.01999714
478.00   3.45945236   0.02012300
479.00   3.45761099   0.02024938
480.00   3.45576581   0.02037629
481.00   3.45391681   0.02050373
482.00   3.45206400   0.02063170
483.00   3.45020737   0.02076019
484.00   3.44834693   0.02088922
485.00   3.44648267   0.02101878
486.00   3.44461459   0.02114888
487.00   3.44274271   0.02127951
488.00   3.44086700   0.02141067
489.00   3.43898749   0.02154237
490.00   3.43710416   0.02167461
491.00   3.43521701   0.02180739
492.00   3.43332605   0.02194071
493.00   3.43143128   0.02207456
494.00   3.42953270   0.02220897
495.00   3.42763030   0.02234391
496.00   3.42572409   0.02247940
497.00   3.42381407   0.02261543
498.00   3.42190023   0.02275201
499.00   3.41998259   0.02288914
500.00   3.41806113   0.02302682
501.00   3.41613586   0.02316504
502.00   3.41420678   0.02330382
503.00   3.41227388   0.02344315
504.00   3.41033718   0.02358303
505.00   3.40839666   0.02372347
506.00   3.40645234   0.02386446
507.00   3.40450420   0.02400600
508.00   3.40255225   0.02414811
509.00   3.40059650   0.02429077
510.00   3.39863693   0.02443399
511.00   3.39667356   0.02457778
512.00   3.39470637   0.02472212
513.00   3.39273538   0.02486703
514.00   3.39076057   0.02501250
515.00   3.38878196   0.02515853
516.00   3.38679954   0.02530514
517.00   3.38481331   0.02545230
518.00   3.38282328   0.02560004
519.00   3.38082943   0.02574835
520.00   3.37883178   0.02589722
521.00   3.37683032   0.02604667
522.00   3.37482505   0.02619669
523.00   3.37281598   0.02634728
524.00   3.37080310   0.02649845
525.00   3.36878641   0.02665020
526.00   3.36676592   0.02680252
527.00   3.36474162   0.02695542
528.00   3.36271351   0.02710889
529.00   3.36068160   0.02726295
530.00   3.35864589   0.02741759
531.00   3.35660636   0.02757281
532.00   3.35456304   0.02772861
533.00   3.35251591   0.02788500
534.00   3.35046497   0.02804197
535.00   3.34841023   0.02819953
536.00   3.34635169   0.02835768
537.00   3.34428934   0.02851642
538.00   3.34222319   0.02867574
539.00   3.34015323   0.02883566
540.00   3.33807947   0.02899617
541.00   3.33600191   0.02915727
542.00   3.33392055   0.02931896
543.00   3.33183538   0.02948125
544.00   3.32974641   0.02964414
545.00   3.32765364   0.02980762
546.00   3.32555706   0.02997171
547.00   3.32345669   0.03013639
548.00   3.32135251   0.03030167
549.00   3.31924454   0.03046755
550.00   3.31713276   0.03063404
551.00   3.31501718   0.03080113
552.00   3.31289780   0.03096882
553.00   3.31077462   0.03113713
554.00   3.30864764   0.03130603
555.00   3.30651686   0.03147555
556.00   3.30438228   0.03164567
557.00   3.30224390   0.03181641
558.00   3.30010173   0.03198775
559.00   3.29795575   0.03215971
560.00   3.29580597   0.03233228
561.00   3.29365240   0.03250547
562.00   3.29149503   0.03267927
563.00   3.28933386   0.03285369
564.00   3.28716889   0.03302873
565.00   3.28500013   0.03320438
566.00   3.28282757   0.03338066
567.00   3.28065121   0.03355755
568.00   3.27847105   0.03373507
569.00   3.27628710   0.03391321
570.00   3.27409935   0.03409198
571.00   3.27190781   0.03427137
572.00   3.26971247   0.03445138
573.00   3.26751333   0.03463203
574.00   3.26531040   0.03481330
575.00   3.26310368   0.03499520
576.00   3.26089315   0.03517774
577.00   3.25867884   0.03536090
578.00   3.25646073   0.03554470
579.00   3.25423883   0.03572913
580.00   3.25201313   0.03591419
581.00   3.24978364   0.03609990
582.00   3.24755035   0.03628624
583.00   3.24531327   0.03647321
584.00   3.24307240   0.03666083
585.00   3.24082774   0.03684909
586.00   3.23857928   0.03703798
587.00   3.23632704   0.03722752
588.00   3.23407100   0.03741771
589.00   3.23181116   0.03760854
590.00   3.22954754   0.03780001
591.00   3.22728013   0.03799213
592.00   3.22500892   0.03818490
593.00   3.22273392   0.03837832
594.00   3.22045514   0.03857239
595.00   3.21817256   0.03876711
596.00   3.21588619   0.03896248
597.00   3.21359604   0.03915850
598.00   3.21130209   0.03935518
599.00   3.20900436   0.03955251
600.00   3.20670283   0.03975050
601.00   3.20439752   0.03994915
602.00   3.20208842   0.04014845
603.00   3.19977553   0.04034842
604.00   3.19745885   0.04054905
605.00   3.19513839   0.04075033
606.00   3.19281414   0.04095228
607.00   3.19048610   0.04115490
608.00   3.18815427   0.04135818
609.00   3.18581866   0.04156212
610.00   3.18347926   0.04176674
611.00   3.18113607   0.04197202
612.00   3.17878910   0.04217797
613.00   3.17643834   0.04238459
614.00   3.17408380   0.04259188
615.00   3.17172547   0.04279984
616.00   3.16936336   0.04300848
617.00   3.16699746   0.04321779
618.00   3.16462777   0.04342778
619.00   3.16225431   0.04363844
620.00   3.15987706   0.04384979
621.00   3.15749602   0.04406181
622.00   3.15511121   0.04427451
623.00   3.15272261   0.04448789
624.00   3.15033022   0.04470196
625.00   3.14793406   0.04491670
626.00   3.14553411   0.04513213
627.00   3.14313038   0.04534825
628.00   3.14072287   0.04556505
629.00   3.13831157   0.04578255
630.00   3.13589650   0.04600072
631.00   3.13347764   0.04621959
632.00   3.13105500   0.04643915
633.00   3.12862859   0.04665940
634.00   3.12619839   0.04688035
635.00   3.12376441   0.04710198
636.00   3.12132665   0.04732432
637.00   3.11888512   0.04754735
638.00   3.11643980   0.04777107
639.00   3.11399071   0.04799549
640.00   3.11153783   0.04822062
641.00   3.10908118   0.04844644
642.00   3.10662075   0.04867296
643.00   3.10415654   0.04890019
644.00   3.10168856   0.04912812
645.00   3.09921680   0.04935676
646.00   3.09674126   0.04958610
647.00   3.09426194   0.04981614
648.00   3.09177885   0.05004690
649.00   3.08929198   0.05027836
650.00   3.08680133   0.05051053
651.00   3.08430691   0.05074342
652.00   3.08180871   0.05097701
653.00   3.07930674   0.05121132
654.00   3.07680099   0.05144634
655.00   3.07429147   0.05168208
656.00   3.07177818   0.05191854
657.00   3.06926111   0.05215571
658.00   3.06674026   0.05239360
659.00   3.06421565   0.05263221
660.00   3.06168726   0.05287154
661.00   3.05915509   0.05311159
662.00   3.05661916   0.05335236
663.00   3.05407945   0.05359386
664.00   3.05153597   0.05383608
665.00   3.04898871   0.05407903
666.00   3.04643769   0.05432271
667.00   3.04388289   0.05456711
668.00   3.04132433   0.05481224
669.00   3.03876199   0.05505810
670.00   3.03619588   0.05530470
671.00   3.03362600   0.05555202
672.00   3.03105236   0.05580008
673.00   3.02847494   0.05604887
674.00   3.02589375   0.05629840
675.00   3.02330879   0.05654866
676.00   3.02072007   0.05679967
677.00   3.01812758   0.05705141
678.00   3.01553131   0.05730389
679.00   3.01293128   0.05755711
680.00   3.01032749   0.05781107
681.00   3.00771992   0.05806578
682.00   3.00510859   0.05832123
683.00   3.00249349   0.05857742
684.00   2.99987462   0.05883436
685.00   2.99725199   0.05909205
686.00   2.99462559   0.05935048
687.00   2.99199543   0.05960967
688.00   2.98936150   0.05986960
689.00   2.98672380   0.06013029
690.00   2.98408235   0.06039173
691.00   2.98143712   0.06065392
692.00   2.97878813   0.06091687
693.00   2.97613538   0.06118057
694.00   2.97347886   0.06144503
695.00   2.97081858   0.06171024
696.00   2.96815454   0.06197622
697.00   2.96548674   0.06224295
698.00   2.96281517   0.06251045
699.00   2.96013984   0.06277870
700.00   2.95746075   0.06304773
701.00   2.95477789   0.06331751
702.00   2.95209128   0.06358806
703.00   2.94940090   0.06385937
704.00   2.94670676   0.06413146
705.00   2.94400886   0.06440431
706.00   2.94130720   0.06467793
707.00   2.93860179   0.06495232
708.00   2.93589261   0.06522748
709.00   2.93317967   0.06550342
710.00   2.93046297   0.06578012
711.00   2.92774252   0.06605761
712.00   2.92501830   0.06633586
713.00   2.92229033   0.06661490
714.00   2.91955860   0.06689471
715.00   2.91682311   0.06717530
716.00   2.91408387   0.06745667
717.00   2.91134087   0.06773883
718.00   2.90859411   0.06802176
719.00   2.90584359   0.06830548
720.00   2.90308932   0.06858998
721.00   2.90033130   0.06887527
722.00   2.89756951   0.06916134
723.00   2.89480397   0.06944820
724.00   2.89203468   0.06973585
725.00   2.88926163   0.07002429
726.00   2.88648483   0.07031351
727.00   2.88370428   0.07060353
728.00   2.88091997   0.07089435
729.00   2.87813190   0.07118595
730.00   2.87534009   0.07147835
731.00   2.87254452   0.07177155
732.00   2.86974520   0.07206554
733.00   2.86694212   0.07236033
734.00   2.86413530   0.07265592
735.00   2.86132472   0.07295231
736.00   2.85851039   0.07324950
737.00   2.85569231   0.07354750
738.00   2.85287048   0.07384629
739.00   2.85004490   0.07414589
740.00   2.84721557   0.07444630
741.00   2.84438249   0.07474751
742.00   2.84154566   0.07504953
743.00   2.83870508   0.07535236
744.00   2.83586075   0.07565599
745.00   2.83301267   0.07596044
746.00   2.83016085   0.07626570
747.00   2.82730527   0.07657177
748.00   2.82444595   0.07687865
749.00   2.82158288   0.07718635
750.00   2.81871607   0.07749487
751.00   2.81584550   0.07780420
752.00   2.81297120   0.07811435
753.00   2.81009314   0.07842532
754.00   2.80721134   0.07873711
755.00   2.80432580   0.07904972
756.00   2.80143650   0.07936315
757.00   2.79854347   0.07967740
758.00   2.79564669   0.07999248
759.00   2.79274616   0.08030839
760.00   2.78984189   0.08062512
761.00   2.78693388   0.08094268
762.00   2.78402213   0.08126106
763.00   2.78110663   0.08158028
764.00   2.77818739   0.08190032
765.00   2.77526440   0.08222120
766.00   2.77233768   0.08254291
767.00   2.76940721   0.08286545
768.00   2.76647300   0.08318883
769.00   2.76353505   0.08351305
770.00   2.76059336   0.08383810
771.00   2.75764793   0.08416398
772.00   2.75469876   0.08449071
773.00   2.75174585   0.08481828
774.00   2.74878919   0.08514669
775.00   2.74582880   0.08547594
776.00   2.74286468   0.08580603
777.00   2.73989681   0.08613697
778.00   2.73692520   0.08646875
779.00   2.73394986   0.08680138
780.00   2.73097078   0.08713485
781.00   2.72798796   0.08746918
782.00   2.72500140   0.08780435
783.00   2.72201111   0.08814037
784.00   2.71901708   0.08847725
785.00   2.71601932   0.08881498
786.00   2.71301782   0.08915356
787.00   2.71001258   0.08949299
788.00   2.70700361   0.08983328
789.00   2.70399091   0.09017443
790.00   2.70097447   0.09051644
791.00   2.69795430   0.09085930
792.00   2.69493039   0.09120303
793.00   2.69190275   0.09154761
794.00   2.68887138   0.09189306
795.00   2.68583627   0.09223937
796.00   2.68279743   0.09258654
797.00   2.67975486   0.09293458
798.00   2.67670856   0.09328348
799.00   2.67365852   0.09363326
800.00   2.67060476   0.09398390
801.00   2.66754726   0.09433541
802.00   2.66448604   0.09468779
803.00   2.66142108   0.09504104
804.00   2.65835239   0.09539516
805.00   2.65527998   0.09575016
806.00   2.65220383   0.09610603
807.00   2.64912396   0.09646277
808.00   2.64604036   0.09682040
809.00   2.64295303   0.09717890
810.00   2.63986197   0.09753827
811.00   2.63676719   0.09789853
812.00   2.63366867   0.09825967
813.00   2.63056643   0.09862169
814.00   2.62746047   0.09898460
815.00   2.62435078   0.09934838
816.00   2.62123736   0.09971306
817.00   2.61812022   0.10007862
818.00   2.61499935   0.10044506
819.00   2.61187476   0.10081239
820.00   2.60874644   0.10118062
821.00   2.60561440   0.10154973
822.00   2.60247863   0.10191973
823.00   2.59933914   0.10229063
824.00   2.59619593   0.10266242
825.00   2.59304900   0.10303510
826.00   2.58989834   0.10340868
827.00   2.58674396   0.10378315
828.00   2.58358586   0.10415852
829.00   2.58042404   0.10453479
830.00   2.57725849   0.10491196
831.00   2.57408923   0.10529003
832.00   2.57091625   0.10566900
833.00   2.56773954   0.10604888
834.00   2.56455912   0.10642965
835.00   2.56137497   0.10681134
836.00   2.55818711   0.10719392
837.00   2.55499553   0.10757742
838.00   2.55180023   0.10796182
839.00   2.54860121   0.10834713
840.00   2.54539848   0.10873335
841.00   2.54219203   0.10912048
842.00   2.53898186   0.10950853
843.00   2.53576797   0.10989748
844.00   2.53255037   0.11028735
845.00   2.52932905   0.11067814
846.00   2.52610402   0.11106984
847.00   2.52287527   0.11146246
848.00   2.51964280   0.11185600
849.00   2.51640662   0.11225045
850.00   2.51316673   0.11264583
851.00   2.50992313   0.11304212
852.00   2.50667581   0.11343934
853.00   2.50342477   0.11383749
854.00   2.50017003   0.11423655
855.00   2.49691157   0.11463655
856.00   2.49364940   0.11503746
857.00   2.49038352   0.11543931
858.00   2.48711392   0.11584209
859.00   2.48384062   0.11624579
860.00   2.48056360   0.11665042
861.00   2.47728288   0.11705599
862.00   2.47399844   0.11746249
863.00   2.47071030   0.11786992
864.00   2.46741844   0.11827829
865.00   2.46412288   0.11868759
866.00   2.46082361   0.11909783
867.00   2.45752063   0.11950901
868.00   2.45421394   0.11992112
869.00   2.45090354   0.12033418
870.00   2.44758944   0.12074818
871.00   2.44427163   0.12116312
872.00   2.44095012   0.12157900
873.00   2.43762489   0.12199582
874.00   2.43429597   0.12241359
875.00   2.43096333   0.12283231
876.00   2.42762699   0.12325197
877.00   2.42428695   0.12367259
878.00   2.42094321   0.12409415
879.00   2.41759575   0.12451666
880.00   2.41424460   0.12494012
881.00   2.41088974   0.12536454
882.00   2.40753118   0.12578990
883.00   2.40416892   0.12621623
884.00   2.40080295   0.12664350
885.00   2.39743329   0.12707174
886.00   2.39405992   0.12750093
887.00   2.39068285   0.12793108
888.00   2.38730208   0.12836219
889.00   2.38391761   0.12879426
890.00   2.38052944   0.12922729
891.00   2.37713757   0.12966128
892.00   2.37374200   0.13009624
893.00   2.37034273   0.13053216
894.00   2.36693976   0.13096905
895.00   2.36353310   0.13140690
896.00   2.36012274   0.13184572
897.00   2.35670868   0.13228551
898.00   2.35329092   0.13272627
899.00   2.34986947   0.13316801
900.00   2.34644432   0.13361071
901.00   2.34301547   0.13405438
902.00   2.33958293   0.13449903
903.00   2.33614669   0.13494466
904.00   2.33270676   0.13539126
905.00   2.32926313   0.13583884
906.00   2.32581581   0.13628739
907.00   2.32236480   0.13673692
908.00   2.31891009   0.13718744
909.00   2.31545169   0.13763893
910.00   2.31198960   0.13809141
911.00   2.30852381   0.13854487
912.00   2.30505434   0.13899932
913.00   2.30158117   0.13945475
914.00   2.29810431   0.13991116
915.00   2.29462376   0.14036856
916.00   2.29113952   0.14082696
917.00   2.28765159   0.14128634
918.00   2.28415997   0.14174671
919.00   2.28066466   0.14220807
920.00   2.27716566   0.14267042
921.00   2.27366297   0.14313377
922.00   2.27015660   0.14359811
923.00   2.26664653   0.14406345
924.00   2.26313278   0.14452978
925.00   2.25961534   0.14499712
926.00   2.25609422   0.14546545
927.00   2.25256941   0.14593478
928.00   2.24904091   0.14640511
929.00   2.24550873   0.14687644
930.00   2.24197287   0.14734877
931.00   2.23843331   0.14782211
932.00   2.23489008   0.14829645
933.00   2.23134316   0.14877180
934.00   2.22779255   0.14924815
935.00   2.22423827   0.14972551
936.00   2.22068030   0.15020389
937.00   2.21711864   0.15068327
938.00   2.21355331   0.15116366
939.00   2.20998429   0.15164506
940.00   2.20641160   0.15212748
941.00   2.20283522   0.15261091
942.00   2.19925516   0.15309535
943.00   2.19567142   0.15358081
944.00   2.19208400   0.15406729
945.00   2.18849290   0.15455478
946.00   2.18489813   0.15504330
947.00   2.18129967   0.15553283
948.00   2.17769754   0.15602338
949.00   2.17409172   0.15651496
950.00   2.17048223   0.15700756
951.00   2.16686907   0.15750118
952.00   2.16325222   0.15799583
953.00   2.15963170   0.15849151
954.00   2.15600751   0.15898821
955.00   2.15237964   0.15948594
956.00   2.14874809   0.15998470
957.00   2.14511287   0.16048449
958.00   2.14147397   0.16098531
959.00   2.13783140   0.16148716
960.00   2.13418516   0.16199005
961.00   2.13053524   0.16249397
962.00   2.12688165   0.16299892
963.00   2.12322439   0.16350491
964.00   2.11956346   0.16401194
965.00   2.11589885   0.16452001
966.00   2.11223057   0.16502911
967.00   2.10855863   0.16553926
968.00   2.10488301   0.16605045
969.00   2.10120372   0.16656268
970.00   2.09752076   0.16707595
971.00   2.09383413   0.16759027
972.00   2.09014384   0.16810563
973.00   2.08644987   0.16862204
974.00   2.08275224   0.16913950
975.00   2.07905094   0.16965800
976.00   2.07534597   0.17017756
977.00   2.07163734   0.17069816
978.00   2.06792504   0.17121982
979.00   2.06420907   0.17174253
980.00   2.06048943   0.17226629
981.00   2.05676614   0.17279111
982.00   2.05303917   0.17331698
983.00   2.04930854   0.17384391
984.00   2.04557425   0.17437189
985.00   2.04183629   0.17490094
986.00   2.03809467   0.17543104
987.00   2.03434939   0.17596221
988.00   2.03060045   0.17649443
989.00   2.02684784   0.17702772
990.00   2.02309157   0.17756208
991.00   2.01933164   0.17809749
992.00   2.01556805   0.17863398
993.00   2.01180080   0.17917153
994.00   2.00802988   0.17971014
995.00   2.00425531   0.18024983
996.00   2.00047708   0.18079059
997.00   1.99669519   0.18133241
998.00   1.99290964   0.18187531
999.00   1.98912043   0.18241928
1000.00   1.98532757   0.18296432
1001.00   1.98153105   0.18351044
1002.00   1.97773087   0.18405764
1003.00   1.97392703   0.18460591
1004.00   1.97011954   0.18515526
1005.00   1.96630839   0.18570569
1006.00   1.96249359   0.18625720
1007.00   1.95867513   0.18680979
1008.00   1.95485302   0.18736346
1009.00   1.95102726   0.18791821
1010.00   1.94719784   0.18847405
1011.00   1.94336476   0.18903097
1012.00   1.93952804   0.18958898
1013.00   1.93568766   0.19014807
1014.00   1.93184363   0.19070825
1015.00   1.92799595   0.19126953
1016.00   1.92414461   0.19183189
1017.00   1.92028963   0.19239534
1018.00   1.91643099   0.19295988
1019.00   1.91256871   0.19352552
1020.00   1.90870277   0.19409225
1021.00   1.90483319   0.19466008
1022.00   1.90095996   0.19522900
1023.00   1.89708308   0.19579902
1024.00   1.89320255   0.19637013
1025.00   1.88931837   0.19694235
1026.00   1.88543055   0.19751566
1027.00   1.88153908   0.19809008
1028.00   1.87764396   0.19866560
1029.00   1.87374520   0.19924222
1030.00   1.86984279   0.19981994
1031.00   1.86593674   0.20039877
1032.00   1.86202705   0.20097871
1033.00   1.85811370   0.20155975
1034.00   1.85419672   0.20214190
1035.00   1.85027609   0.20272516
1036.00   1.84635182   0.20330953
1037.00   1.84242391   0.20389501
1038.00   1.83849235   0.20448160
1039.00   1.83455715   0.20506931
1040.00   1.83061831   0.20565813
1041.00   1.82667583   0.20624806
1042.00   1.82272971   0.20683911
1043.00   1.81877995   0.20743128
1044.00   1.81482655   0.20802456
1045.00   1.81086951   0.20861897
1046.00   1.80690883   0.20921449
1047.00   1.80294452   0.20981114
1048.00   1.79897656   0.21040890
1049.00   1.79500497   0.21100779
1050.00   1.79102974   0.21160781
1051.00   1.78705088   0.21220895
1052.00   1.78306838   0.21281121
1053.00   1.77908224   0.21341460
1054.00   1.77509247   0.21401912
1055.00   1.77109906   0.21462477
1056.00   1.76710202   0.21523155
1057.00   1.76310134   0.21583946
1058.00   1.75909703   0.21644850
1059.00   1.75508909   0.21705868
1060.00   1.75107751   0.21766999
1061.00   1.74706230   0.21828243
1062.00   1.74304346   0.21889601
1063.00   1.73902099   0.21951073
1064.00   1.73499488   0.22012658
1065.00   1.73096515   0.22074357
1066.00   1.72693179   0.22136171
1067.00   1.72289479   0.22198098
1068.00   1.71885417   0.22260140
1069.00   1.71480992   0.22322296
1070.00   1.71076203   0.22384566
1071.00   1.70671053   0.22446951
1072.00   1.70265539   0.22509450
1073.00   1.69859662   0.22572065
1074.00   1.69453423   0.22634793
1075.00   1.69046822   0.22697637
1076.00   1.68639857   0.22760596
1077.00   1.68232530   0.22823670
1078.00   1.67824841   0.22886859
1079.00   1.67416789   0.22950163
1080.00   1.67008375   0.23013583
1081.00   1.66599598   0.23077118
1082.00   1.66190459   0.23140769
1083.00   1.65780958   0.23204536
1084.00   1.65371094   0.23268418
1085.00   1.64960868   0.23332416
1086.00   1.64550280   0.23396530
1087.00   1.64139330   0.23460761
1088.00   1.63728018   0.23525107
1089.00   1.63316344   0.23589570
1090.00   1.62904308   0.23654149
1091.00   1.62491910   0.23718845
1092.00   1.62079150   0.23783657
1093.00   1.61666028   0.23848586
1094.00   1.61252544   0.23913631
1095.00   1.60838699   0.23978794
1096.00   1.60424492   0.24044073
1097.00   1.60009923   0.24109470
1098.00   1.59594992   0.24174984
1099.00   1.59179700   0.24240615
1100.00   1.58764047   0.24306363
1101.00   1.58348032   0.24372229
1102.00   1.57931655   0.24438212
1103.00   1.57514917   0.24504313
1104.00   1.57097818   0.24570532
1105.00   1.56680357   0.24636869
1106.00   1.56262535   0.24703324
1107.00   1.55844352   0.24769897
1108.00   1.55425807   0.24836588
1109.00   1.55006902   0.24903397
1110.00   1.54587635   0.24970324
1111.00   1.54168007   0.25037370
1112.00   1.53748018   0.25104535
1113.00   1.53327669   0.25171818
1114.00   1.52906958   0.25239220
1115.00   1.52485886   0.25306741
1116.00   1.52064454   0.25374381
1117.00   1.51642661   0.25442140
1118.00   1.51220507   0.25510018
1119.00   1.50797992   0.25578015
1120.00   1.50375117   0.25646132
1121.00   1.49951881   0.25714368
1122.00   1.49528284   0.25782724
1123.00   1.49104327   0.25851199
1124.00   1.48680010   0.25919794
1125.00   1.48255332   0.25988509
1126.00   1.47830294   0.26057344
1127.00   1.47404895   0.26126298
1128.00   1.46979136   0.26195373
1129.00   1.46553017   0.26264569
1130.00   1.46126537   0.26333884
1131.00   1.45699697   0.26403320
1132.00   1.45272498   0.26472877
1133.00   1.44844938   0.26542554
1134.00   1.44417018   0.26612352
1135.00   1.43988738   0.26682271
1136.00   1.43560098   0.26752310
1137.00   1.43131099   0.26822471
1138.00   1.42701739   0.26892753
1139.00   1.42272020   0.26963156
1140.00   1.41841940   0.27033680
1141.00   1.41411502   0.27104326
1142.00   1.40980703   0.27175093
1143.00   1.40549545   0.27245982
1144.00   1.40118027   0.27316993
1145.00   1.39686150   0.27388125
1146.00   1.39253913   0.27459379
1147.00   1.38821317   0.27530756
1148.00   1.38388362   0.27602254
1149.00   1.37955047   0.27673875
1150.00   1.37521373   0.27745617
1151.00   1.37087339   0.27817483
1152.00   1.36652946   0.27889471
1153.00   1.36218195   0.27961581
1154.00   1.35783084   0.28033814
1155.00   1.35347614   0.28106170
1156.00   1.34911784   0.28178649
1157.00   1.34475596   0.28251251
1158.00   1.34039049   0.28323975
1159.00   1.33602144   0.28396823
1160.00   1.33164879   0.28469795
1161.00   1.32727255   0.28542889
1162.00   1.32289273   0.28616107
1163.00   1.31850932   0.28689449
1164.00   1.31412232   0.28762915
1165.00   1.30973174   0.28836504
1166.00   1.30533757   0.28910217
1167.00   1.30093982   0.28984054
1168.00   1.29653848   0.29058015
1169.00   1.29213356   0.29132100
1170.00   1.28772505   0.29206309
1171.00   1.28331296   0.29280643
1172.00   1.27889729   0.29355101
1173.00   1.27447804   0.29429684
1174.00   1.27005520   0.29504392
1175.00   1.26562878   0.29579224
1176.00   1.26119878   0.29654181
1177.00   1.25676520   0.29729263
1178.00   1.25232804   0.29804470
1179.00   1.24788731   0.29879802
1180.00   1.24344299   0.29955259
1181.00   1.23899509   0.30030842
1182.00   1.23454361   0.30106550
1183.00   1.23008856   0.30182384
1184.00   1.22562993   0.30258343
1185.00   1.22116772   0.30334428
1186.00   1.21670194   0.30410639
1187.00   1.21223258   0.30486975
1188.00   1.20775965   0.30563438
1189.00   1.20328314   0.30640027
1190.00   1.19880305   0.30716742
1191.00   1.19431940   0.30793583
1192.00   1.18983216   0.30870551
1193.00   1.18534136   0.30947645
1194.00   1.18084698   0.31024866
1195.00   1.17634903   0.31102213
1196.00   1.17184751   0.31179687
1197.00   1.16734242   0.31257288
1198.00   1.16283376   0.31335016
1199.00   1.15832153   0.31412872
1200.00   1.15380572   0.31490854
1201.00   1.14928635   0.31568964
1202.00   1.14476341   0.31647200
1203.00   1.14023691   0.31725565
1204.00   1.13570683   0.31804057
1205.00   1.13117319   0.31882677
1206.00   1.12663598   0.31961424
1207.00   1.12209520   0.32040299
1208.00   1.11755086   0.32119302
1209.00   1.11300295   0.32198434
1210.00   1.10845148   0.32277693
1211.00   1.10389644   0.32357081
1212.00   1.09933784   0.32436596
1213.00   1.09477567   0.32516241
1214.00   1.09020994   0.32596014
1215.00   1.08564065   0.32675915
1216.00   1.08106780   0.32755945
1217.00   1.07649139   0.32836104
1218.00   1.07191141   0.32916392
1219.00   1.06732788   0.32996809
1220.00   1.06274078   0.33077355
1221.00   1.05815013   0.33158031
1222.00   1.05355591   0.33238835
1223.00   1.04895814   0.33319769
1224.00   1.04435681   0.33400833
1225.00   1.03975192   0.33482026
1226.00   1.03514347   0.33563348
1227.00   1.03053147   0.33644801
1228.00   1.02591591   0.33726383
1229.00   1.02129680   0.33808096
1230.00   1.01667413   0.33889938
1231.00   1.01204790   0.33971911
1232.00   1.00741812   0.34054013
1233.00   1.00278479   0.34136247
1234.00   0.99814790   0.34218610
1235.00   0.99350746   0.34301104
1236.00   0.98886347   0.34383729
1237.00   0.98421593   0.34466485
1238.00   0.97956483   0.34549371
1239.00   0.97491019   0.34632389
1240.00   0.97025199   0.34715537
1241.00   0.96559025   0.34798816
1242.00   0.96092495   0.34882227
1243.00   0.95625611   0.34965769
1244.00   0.95158372   0.35049443
1245.00   0.94690777   0.35133248
1246.00   0.94222829   0.35217184
1247.00   0.93754525   0.35301252
1248.00   0.93285867   0.35385452
1249.00   0.92816854   0.35469784
1250.00   0.92347487   0.35554248
1251.00   0.91877765   0.35638844
1252.00   0.91407689   0.35723572
1253.00   0.90937258   0.35808433
1254.00   0.90466473   0.35893426
1255.00   0.89995334   0.35978551
1256.00   0.89523841   0.36063809
1257.00   0.89051993   0.36149199
1258.00   0.88579791   0.36234723
1259.00   0.88107235   0.36320379
1260.00   0.87634325   0.36406168
1261.00   0.87161061   0.36492090
1262.00   0.86687443   0.36578145
1263.00   0.86213471   0.36664334
1264.00   0.85739145   0.36750655
1265.00   0.85264465   0.36837111
1266.00   0.84789432   0.36923699
1267.00   0.84314045   0.37010422
1268.00   0.83838304   0.37097278
1269.00   0.83362210   0.37184268
1270.00   0.82885762   0.37271391
1271.00   0.82408961   0.37358649
1272.00   0.81931806   0.37446041
1273.00   0.81454298   0.37533567
1274.00   0.80976436   0.37621227
1275.00   0.80498221   0.37709022
1276.00   0.80019653   0.37796951
1277.00   0.79540732   0.37885015
1278.00   0.79061457   0.37973213
1279.00   0.78581830   0.38061546
1280.00   0.78101849   0.38150014
1281.00   0.77621515   0.38238617
1282.00   0.77140829   0.38327355
1283.00   0.76659789   0.38416228
1284.00   0.76178397   0.38505236
1285.00   0.75696652   0.38594380
1286.00   0.75214554   0.38683659
1287.00   0.74732103   0.38773074
1288.00   0.74249300   0.38862624
1289.00   0.73766144   0.38952310
1290.00   0.73282636   0.39042131
1291.00   0.72798775   0.39132089
1292.00   0.72314561   0.39222183
1293.00   0.71829995   0.39312412
1294.00   0.71345077   0.39402778
1295.00   0.70859807   0.39493280
1296.00   0.70374184   0.39583919
1297.00   0.69888209   0.39674694
1298.00   0.69401882   0.39765605
1299.00   0.68915203   0.39856653
1300.00   0.68428172   0.39947838
1301.00   0.67940789   0.40039160
1302.00   0.67453054   0.40130618
1303.00   0.66964967   0.40222214
1304.00   0.66476528   0.40313947
1305.00   0.65987737   0.40405817
1306.00   0.65498595   0.40497824
1307.00   0.65009101   0.40589969
1308.00   0.64519255   0.40682251
1309.00   0.64029058   0.40774671
1310.00   0.63538509   0.40867229
1311.00   0.63047609   0.40959924
1312.00   0.62556357   0.41052757
1313.00   0.62064754   0.41145729
1314.00   0.61572800   0.41238838
1315.00   0.61080494   0.41332085
1316.00   0.60587837   0.41425471
1317.00   0.60094829   0.41518995
1318.00   0.59601470   0.41612657
1319.00   0.59107760   0.41706458
1320.00   0.58613698   0.41800398
1321.00   0.58119286   0.41894476
1322.00   0.57624523   0.41988694
1323.00   0.57129409   0.42083050
1324.00   0.56633944   0.42177545
1325.00   0.56138129   0.42272179
1326.00   0.55641962   0.42366952
1327.00   0.55145445   0.42461865
1328.00   0.54648578   0.42556917
1329.00   0.54151360   0.42652109
1330.00   0.53653791   0.42747440
1331.00   0.53155872   0.42842911
1332.00   0.52657603   0.42938521
1333.00   0.52158983   0.43034272
1334.00   0.51660013   0.43130162
1335.00   0.51160693   0.43226193
1336.00   0.50661022   0.43322363
1337.00   0.50161001   0.43418674
1338.00   0.49660631   0.43515125
1339.00   0.49159910   0.43611717
1340.00   0.48658839   0.43708449
1341.00   0.48157419   0.43805321
1342.00   0.47655648   0.43902335
1343.00   0.47153528   0.43999489
1344.00   0.46651058   0.44096784
1345.00   0.46148238   0.44194220
1346.00   0.45645068   0.44291797
1347.00   0.45141549   0.44389515
1348.00   0.44637680   0.44487375
1349.00   0.44133462   0.44585376
1350.00   0.43628895   0.44683518
1351.00   0.43123978   0.44781802
1352.00   0.42618711   0.44880227
1353.00   0.42113096   0.44978794
1354.00   0.41607131   0.45077504
1355.00   0.41100817   0.45176354
1356.00   0.40594153   0.45275347
1357.00   0.40087141   0.45374482
1358.00   0.39579780   0.45473760
1359.00   0.39072069   0.45573179
1360.00   0.38564010   0.45672741
1361.00   0.38055602   0.45772445
1362.00   0.37546845   0.45872292
1363.00   0.37037739   0.45972282
1364.00   0.36528285   0.46072414
1365.00   0.36018482   0.46172690
1366.00   0.35508330   0.46273108
1367.00   0.34997830   0.46373669
1368.00   0.34486981   0.46474373
1369.00   0.33975783   0.46575221
1370.00   0.33464238   0.46676211
1371.00   0.32952344   0.46777346
1372.00   0.32440102   0.46878623
1373.00   0.31927511   0.46980045
1374.00   0.31414572   0.47081610
1375.00   0.30901286   0.47183318
1376.00   0.30387651   0.47285171
1377.00   0.29873668   0.47387168
1378.00   0.29359337   0.47489308
1379.00   0.28844658   0.47591593
1380.00   0.28329632   0.47694022
1381.00   0.27814257   0.47796595
1382.00   0.27298535   0.47899313
1383.00   0.26782465   0.48002176
1384.00   0.26266047   0.48105182
1385.00   0.25749282   0.48208334
1386.00   0.25232170   0.48311630
1387.00   0.24714709   0.48415072
1388.00   0.24196902   0.48518658
1389.00   0.23678747   0.48622389
1390.00   0.23160244   0.48726266
1391.00   0.22641395   0.48830287
1392.00   0.22122198   0.48934455
1393.00   0.21602654   0.49038767
1394.00   0.21082763   0.49143225
1395.00   0.20562525   0.49247829
1396.00   0.20041940   0.49352578
1397.00   0.19521008   0.49457473
1398.00   0.18999729   0.49562515
1399.00   0.18478103   0.49667702
1400.00   0.17956130   0.49773035
1401.00   0.17433811   0.49878514
1402.00   0.16911145   0.49984140
1403.00   0.16388132   0.50089912
1404.00   0.15864773   0.50195830
1405.00   0.15341067   0.50301895
1406.00   0.14817015   0.50408107
1407.00   0.14292617   0.50514465
1408.00   0.13767872   0.50620971
1409.00   0.13242781   0.50727623
1410.00   0.12717343   0.50834422
1411.00   0.12191559   0.50941368
1412.00   0.11665430   0.51048461
1413.00   0.11138954   0.51155702
1414.00   0.10612132   0.51263090
1415.00   0.10084964   0.51370626
1416.00   0.09557450   0.51478309
1417.00   0.09029591   0.51586140
1418.00   0.08501385   0.51694118
1419.00   0.07972834   0.51802244
1420.00   0.07443937   0.51910519
1421.00   0.06914695   0.52018941
1422.00   0.06385107   0.52127511
1423.00   0.05855173   0.52236230
1424.00   0.05324894   0.52345097
1425.00   0.04794270   0.52454112
1426.00   0.04263300   0.52563275
1427.00   0.03731984   0.52672588
1428.00   0.03200324   0.52782049
1429.00   0.02668318   0.52891658
1430.00   0.02135968   0.53001417
1431.00   0.01603272   0.53111324
1432.00   0.01070231   0.53221381
1433.00   0.00536845   0.53331586
1434.00   0.00003114   0.53441941
1435.00  -0.00530961   0.53552445
1436.00  -0.01065382   0.53663099
1437.00  -0.01600147   0.53773902
1438.00  -0.02135257   0.53884854
1439.00  -0.02670712   0.53995956
1440.00  -0.03206511   0.54107208
1441.00  -0.03742655   0.54218610
1442.00  -0.04279143   0.54330162
1443.00  -0.04815975   0.54441863
1444.00  -0.05353152   0.54553715
1445.00  -0.05890674   0.54665717
1446.00  -0.06428539   0.54777870
1447.00  -0.06966749   0.54890172
1448.00  -0.07505303   0.55002626
1449.00  -0.08044201   0.55115230
1450.00  -0.08583443   0.55227984
1451.00  -0.09123029   0.55340889
1452.00  -0.09662959   0.55453945
1453.00  -0.10203233   0.55567152
1454.00  -0.10743850   0.55680510
1455.00  -0.11284812   0.55794019
1456.00  -0.11826117   0.55907680
1457.00  -0.12367765   0.56021491
1458.00  -0.12909758   0.56135454
1459.00  -0.13452093   0.56249569
1460.00  -0.13994773   0.56363835
1461.00  -0.14537796   0.56478253
1462.00  -0.15081162   0.56592822
1463.00  -0.15624871   0.56707544
1464.00  -0.16168924   0.56822417
1465.00  -0.16713319   0.56937442
1466.00  -0.17258058   0.57052620
1467.00  -0.17803140   0.57167949
1468.00  -0.18348566   0.57283431
1469.00  -0.18894334   0.57399066
1470.00  -0.19440445   0.57514852
1471.00  -0.19986898   0.57630792
1472.00  -0.20533695   0.57746884
1473.00  -0.21080834   0.57863128
1474.00  -0.21628316   0.57979526
1475.00  -0.22176141   0.58096076
1476.00  -0.22724308   0.58212780
1477.00  -0.23272818   0.58329637
1478.00  -0.23821670   0.58446646
1479.00  -0.24370865   0.58563810
1480.00  -0.24920402   0.58681126
1481.00  -0.25470281   0.58798596
1482.00  -0.26020503   0.58916220
1483.00  -0.26571066   0.59033997
1484.00  -0.27121972   0.59151928
1485.00  -0.27673220   0.59270012
1486.00  -0.28224810   0.59388251
1487.00  -0.28776742   0.59506644
1488.00  -0.29329016   0.59625190
1489.00  -0.29881631   0.59743891
1490.00  -0.30434588   0.59862747
1491.00  -0.30987887   0.59981756
1492.00  -0.31541528   0.60100920
1493.00  -0.32095511   0.60220239
1494.00  -0.32649834   0.60339712
1495.00  -0.33204500   0.60459340
1496.00  -0.33759507   0.60579123
1497.00  -0.34314855   0.60699061
1498.00  -0.34870544   0.60819153
1499.00  -0.35426575   0.60939401
1500.00  -0.35982947   0.61059804
1501.00  -0.36539660   0.61180362
1502.00  -0.37096714   0.61301076
1503.00  -0.37654110   0.61421945
1504.00  -0.38211846   0.61542969
1505.00  -0.38769923   0.61664150
1506.00  -0.39328341   0.61785486
1507.00  -0.39887100   0.61906977
1508.00  -0.40446199   0.62028625
1509.00  -0.41005640   0.62150428
1510.00  -0.41565421   0.62272388
1511.00  -0.42125542   0.62394504
1512.00  -0.42686004   0.62516776
1513.00  -0.43246806   0.62639204
1514.00  -0.43807949   0.62761789
1515.00  -0.44369433   0.62884530
1516.00  -0.44931256   0.63007428
1517.00  -0.45493420   0.63130483
1518.00  -0.46055924   0.63253694
1519.00  -0.46618768   0.63377063
1520.00  -0.47181952   0.63500588
1521.00  -0.47745476   0.63624270
1522.00  -0.48309340   0.63748110
1523.00  -0.48873543   0.63872106
1524.00  -0.49438087   0.63996260
1525.00  -0.50002971   0.64120572
1526.00  -0.50568194   0.64245041
1527.00  -0.51133757   0.64369667
1528.00  -0.51699659   0.64494451
1529.00  -0.52265901   0.64619393
1530.00  -0.52832482   0.64744493
1531.00  -0.53399403   0.64869751
1532.00  -0.53966663   0.64995166
1533.00  -0.54534263   0.65120740
1534.00  -0.55102201   0.65246472
1535.00  -0.55670479   0.65372363
1536.00  -0.56239096   0.65498411
1537.00  -0.56808052   0.65624619
1538.00  -0.57377347   0.65750984
1539.00  -0.57946981   0.65877509
1540.00  -0.58516954   0.66004192
1541.00  -0.59087266   0.66131034
1542.00  -0.59657917   0.66258035
1543.00  -0.60228906   0.66385195
1544.00  -0.60800234   0.66512514
1545.00  -0.61371900   0.66639992
1546.00  -0.61943905   0.66767630
1547.00  -0.62516249   0.66895426
1548.00  -0.63088931   0.67023383
1549.00  -0.63661951   0.67151498
1550.00  -0.64235310   0.67279774
1551.00  -0.64809006   0.67408209
1552.00  -0.65383041   0.67536804
1553.00  -0.65957415   0.67665559
1554.00  -0.66532126   0.67794473
1555.00  -0.67107175   0.67923548
1556.00  -0.67682562   0.68052783
1557.00  -0.68258287   0.68182179
1558.00  -0.68834350   0.68311734
1559.00  -0.69410751   0.68441450
1560.00  -0.69987489   0.68571327
1561.00  -0.70564565   0.68701364
1562.00  -0.71141979   0.68831562
1563.00  -0.71719730   0.68961920
1564.00  -0.72297819   0.69092440
1565.00  -0.72876245   0.69223120
1566.00  -0.73455008   0.69353961
1567.00  -0.74034109   0.69484964
1568.00  -0.74613547   0.69616127
1569.00  -0.75193322   0.69747452
1570.00  -0.75773434   0.69878939
1571.00  -0.76353884   0.70010587
1572.00  -0.76934670   0.70142396
1573.00  -0.77515793   0.70274367
1574.00  -0.78097253   0.70406500
1575.00  -0.78679050   0.70538794
1576.00  -0.79261184   0.70671251
1577.00  -0.79843655   0.70803870
1578.00  -0.80426462   0.70936650
1579.00  -0.81009605   0.71069593
1580.00  -0.81593086   0.71202698
1581.00  -0.82176902   0.71335965
1582.00  -0.82761055   0.71469395
1583.00  -0.83345545   0.71602987
1584.00  -0.83930370   0.71736742
1585.00  -0.84515532   0.71870660
1586.00  -0.85101030   0.72004740
1587.00  -0.85686865   0.72138984
1588.00  -0.86273035   0.72273390
1589.00  -0.86859541   0.72407959
1590.00  -0.87446383   0.72542692
1591.00  -0.88033561   0.72677587
1592.00  -0.88621075   0.72812646
1593.00  -0.89208925   0.72947869
1594.00  -0.89797110   0.73083254
1595.00  -0.90385631   0.73218804
1596.00  -0.90974487   0.73354517
1597.00  -0.91563679   0.73490394
1598.00  -0.92153207   0.73626434
1599.00  -0.92743070   0.73762639
1600.00  -0.93333268   0.73899007
1601.00  -0.93923801   0.74035540
1602.00  -0.94514670   0.74172237
1603.00  -0.95105873   0.74309098
1604.00  -0.95697412   0.74446123
1605.00  -0.96289286   0.74583313
1606.00  -0.96881495   0.74720668
1607.00  -0.97474039   0.74858187
1608.00  -0.98066917   0.74995870
1609.00  -0.98660130   0.75133719
1610.00  -0.99253678   0.75271732
1611.00  -0.99847561   0.75409910
1612.00  -1.00441778   0.75548254
1613.00  -1.01036330   0.75686762
1614.00  -1.01631217   0.75825436
1615.00  -1.02226437   0.75964275
1616.00  -1.02821992   0.76103279
1617.00  -1.03417882   0.76242449
1618.00  -1.04014105   0.76381784
1619.00  -1.04610663   0.76521286
1620.00  -1.05207555   0.76660952
1621.00  -1.05804781   0.76800785
1622.00  -1.06402341   0.76940784
1623.00  -1.07000235   0.77080948
1624.00  -1.07598463   0.77221279
1625.00  -1.08197024   0.77361775
1626.00  -1.08795920   0.77502439
1627.00  -1.09395149   0.77643268
1628.00  -1.09994711   0.77784264
1629.00  -1.10594607   0.77925426
1630.00  -1.11194837   0.78066755
1631.00  -1.11795400   0.78208250
1632.00  -1.12396297   0.78349913
1633.00  -1.12997527   0.78491742
1634.00  -1.13599090   0.78633738
1635.00  -1.14200986   0.78775901
1636.00  -1.14803215   0.78918232
1637.00  -1.15405778   0.79060729
1638.00  -1.16008673   0.79203394
1639.00  -1.16611902   0.79346226
1640.00  -1.17215463   0.79489226
1641.00  -1.17819357   0.79632393
1642.00  -1.18423584   0.79775728
1643.00  -1.19028144   0.79919230
1644.00  -1.19633036   0.80062901
1645.00  -1.20238261   0.80206739
1646.00  -1.20843819   0.80350745
1647.00  -1.21449709   0.80494919
1648.00  -1.22055931   0.80639262
1649.00  -1.22662485   0.80783772
1650.00  -1.23269372   0.80928451
1651.00  -1.23876591   0.81073298
1652.00  -1.24484143   0.81218314
1653.00  -1.25092026   0.81363498
1654.00  -1.25700241   0.81508851
1655.00  -1.26308789   0.81654373
1656.00  -1.26917668   0.81800064
1657.00  -1.27526879   0.81945923
1658.00  -1.28136422   0.82091952
1659.00  -1.28746296   0.82238149
1660.00  -1.29356502   0.82384516
1661.00  -1.29967040   0.82531052
1662.00  -1.30577910   0.82677757
1663.00  -1.31189110   0.82824632
1664.00  -1.31800643   0.82971676
1665.00  -1.32412506   0.83118890
1666.00  -1.33024701   0.83266274
1667.00  -1.33637227   0.83413827
1668.00  -1.34250084   0.83561550
1669.00  -1.34863273   0.83709443
1670.00  -1.35476792   0.83857507
1671.00  -1.36090642   0.84005740
1672.00  -1.36704824   0.84154143
1673.00  -1.37319336   0.84302717
1674.00  -1.37934178   0.84451461
1675.00  -1.38549352   0.84600375
1676.00  -1.39164856   0.84749460
1677.00  -1.39780691   0.84898716
1678.00  -1.40396857   0.85048142
1679.00  -1.41013352   0.85197739
1680.00  -1.41630179   0.85347507
1681.00  -1.42247335   0.85497446
1682.00  -1.42864822   0.85647556
1683.00  -1.43482639   0.85797837
1684.00  -1.44100786   0.85948290
1685.00  -1.44719264   0.86098913
1686.00  -1.45338071   0.86249708
1687.00  -1.45957209   0.86400675
1688.00  -1.46576676   0.86551812
1689.00  -1.47196473   0.86703122
1690.00  -1.47816600   0.86854603
1691.00  -1.48437057   0.87006256
1692.00  -1.49057843   0.87158081
1693.00  -1.49678959   0.87310078
1694.00  -1.50300404   0.87462247
1695.00  -1.50922179   0.87614588
1696.00  -1.51544283   0.87767102
1697.00  -1.52166717   0.87919787
1698.00  -1.52789480   0.88072645
1699.00  -1.53412572   0.88225676
1700.00  -1.54035993   0.88378879
1701.00  -1.54659744   0.88532255
1702.00  -1.55283823   0.88685803
1703.00  -1.55908231   0.88839524
1704.00  -1.56532969   0.88993418
1705.00  -1.57158035   0.89147486
1706.00  -1.57783430   0.89301726
1707.00  -1.58409153   0.89456139
1708.00  -1.59035205   0.89610725
1709.00  -1.59661586   0.89765485
1710.00  -1.60288295   0.89920419
1711.00  -1.60915333   0.90075525
1712.00  -1.61542699   0.90230806
1713.00  -1.62170394   0.90386259
1714.00  -1.62798417   0.90541887
1715.00  -1.63426768   0.90697689
1716.00  -1.64055447   0.90853664
1717.00  -1.64684454   0.91009813
1718.00  -1.65313789   0.91166137
1719.00  -1.65943452   0.91322634
1720.00  -1.66573443   0.91479306
1721.00  -1.67203762   0.91636152
1722.00  -1.67834409   0.91793173
1723.00  -1.68465383   0.91950368
1724.00  -1.69096685   0.92107737
1725.00  -1.69728314   0.92265281
1726.00  -1.70360271   0.92423000
1727.00  -1.70992556   0.92580894
1728.00  -1.71625168   0.92738963
1729.00  -1.72258107   0.92897206
1730.00  -1.72891373   0.93055625
1731.00  -1.73524967   0.93214219
1732.00  -1.74158887   0.93372988
1733.00  -1.74793135   0.93531932
1734.00  -1.75427710   0.93691052
1735.00  -1.76062612   0.93850347
1736.00  -1.76697840   0.94009818
1737.00  -1.77333395   0.94169464
1738.00  -1.77969277   0.94329287
1739.00  -1.78605486   0.94489285
1740.00  -1.79242021   0.94649459
1741.00  -1.79878883   0.94809809
1742.00  -1.80516072   0.94970334
1743.00  -1.81153586   0.95131037
1744.00  -1.81791427   0.95291915
1745.00  -1.82429595   0.95452970
1746.00  -1.83068088   0.95614201
1747.00  -1.83706908   0.95775608
1748.00  -1.84346054   0.95937192
1749.00  -1.84985526   0.96098953
1750.00  -1.85625324   0.96260890
1751.00  -1.86265447   0.96423005
1752.00  -1.86905897   0.96585296
1753.00  -1.87546672   0.96747764
1754.00  -1.88187773   0.96910409
1755.00  -1.88829200   0.97073231
1756.00  -1.89470952   0.97236231
1757.00  -1.90113030   0.97399408
1758.00  -1.90755433   0.97562762
1759.00  -1.91398162   0.97726294
1760.00  -1.92041216   0.97890003
1761.00  -1.92684595   0.98053890
1762.00  -1.93328299   0.98217954
1763.00  -1.93972329   0.98382197
1764.00  -1.94616683   0.98546617
1765.00  -1.95261363   0.98711215
1766.00  -1.95906367   0.98875991
1767.00  -1.96551697   0.99040946
1768.00  -1.97197351   0.99206078
1769.00  -1.97843330   0.99371389
1770.00  -1.98489633   0.99536878
1771.00  -1.99136261   0.99702546
1772.00  -1.99783214   0.99868392
1773.00  -2.00430491   1.00034417
1774.00  -2.01078093   1.00200621
1775.00  -2.01726018   1.00367003
1776.00  -2.02374269   1.00533564
1777.00  -2.03022843   1.00700305
1778.00  -2.03671741   1.00867224
1779.00  -2.04320964   1.01034322
1780.00  -2.04970511   1.01201600
1781.00  -2.05620381   1.01369056
1782.00  -2.06270576   1.01536692
1783.00  -2.06921094   1.01704508
1784.00  -2.07571936   1.01872503
1785.00  -2.08223102   1.02040678
1786.00  -2.08874591   1.02209032
1787.00  -2.09526404   1.02377566
1788.00  -2.10178540   1.02546280
1789.00  -2.10831000   1.02715174
1790.00  -2.11483783   1.02884248
1791.00  -2.12136890   1.03053502
1792.00  -2.12790319   1.03222936
1793.00  -2.13444072   1.03392551
1794.00  -2.14098148   1.03562345
1795.00  -2.14752547   1.03732320
1796.00  -2.15407269   1.03902476
1797.00  -2.16062314   1.04072812
1798.00  -2.16717682   1.04243329
1799.00  -2.17373372   1.04414027
1800.00  -2.18029385   1.04584905
1801.00  -2.18685721   1.04755965
1802.00  -2.19342379   1.04927205
1803.00  -2.19999360   1.05098626
1804.00  -2.20656664   1.05270229
1805.00  -2.21314289   1.05442013
1806.00  -2.21972237   1.05613978
1807.00  -2.22630508   1.05786124
1808.00  -2.23289100   1.05958452
1809.00  -2.23948015   1.06130962
1810.00  -2.24607251   1.06303653
1811.00  -2.25266810   1.06476526
1812.00  -2.25926690   1.06649580
1813.00  -2.26586893   1.06822817
1814.00  -2.27247417   1.06996235
1815.00  -2.27908263   1.07169836
1816.00  -2.28569430   1.07343619
1817.00  -2.29230919   1.07517583
1818.00  -2.29892730   1.07691731
1819.00  -2.30554862   1.07866060
1820.00  -2.31217315   1.08040572
1821.00  -2.31880090   1.08215266
1822.00  -2.32543186   1.08390143
1823.00  -2.33206603   1.08565203
1824.00  -2.33870342   1.08740445
1825.00  -2.34534401   1.08915871
1826.00  -2.35198781   1.09091479
1827.00  -2.35863483   1.09267270
1828.00  -2.36528505   1.09443245
1829.00  -2.37193848   1.09619402
1830.00  -2.37859511   1.09795743
1831.00  -2.38525496   1.09972267
1832.00  -2.39191800   1.10148974
1833.00  -2.39858426   1.10325865
1834.00  -2.40525372   1.10502940
1835.00  -2.41192638   1.10680198
1836.00  -2.41860224   1.10857640
1837.00  -2.42528131   1.11035265
1838.00  -2.43196358   1.11213075
1839.00  -2.43864905   1.11391069
1840.00  -2.44533772   1.11569246
1841.00  -2.45202960   1.11747608
1842.00  -2.45872467   1.11926154
1843.00  -2.46542294   1.12104884
1844.00  -2.47212440   1.12283799
1845.00  -2.47882907   1.12462898
1846.00  -2.48553693   1.12642181
1847.00  -2.49224798   1.12821649
1848.00  -2.49896224   1.13001302
1849.00  -2.50567968   1.13181140
1850.00  -2.51240032   1.13361162
1851.00  -2.51912415   1.13541369
1852.00  -2.52585118   1.13721762
1853.00  -2.53258140   1.13902339
1854.00  -2.53931481   1.14083102
1855.00  -2.54605141   1.14264050
1856.00  -2.55279119   1.14445183
1857.00  -2.55953417   1.14626502
1858.00  -2.56628034   1.14808006
1859.00  -2.57302969   1.14989695
1860.00  -2.57978224   1.15171570
1861.00  -2.58653796   1.15353631
1862.00  -2.59329688   1.15535878
1863.00  -2.60005898   1.15718311
1864.00  -2.60682426   1.15900930
1865.00  -2.61359273   1.16083734
1866.00  -2.62036438   1.16266725
1867.00  -2.62713921   1.16449902
1868.00  -2.63391722   1.16633265
1869.00  -2.64069842   1.16816815
1870.00  -2.64748279   1.17000551
1871.00  -2.65427035   1.17184473
1872.00  -2.66106108   1.17368582
1873.00  -2.66785499   1.17552878
1874.00  -2.67465208   1.17737361
1875.00  -2.68145235   1.17922030
1876.00  -2.68825580   1.18106886
1877.00  -2.69506241   1.18291930
1878.00  -2.70187221   1.18477160
1879.00  -2.70868518   1.18662577
1880.00  -2.71550132   1.18848182
1881.00  -2.72232063   1.19033974
1882.00  -2.72914312   1.19219954
1883.00  -2.73596878   1.19406120
1884.00  -2.74279761   1.19592475
1885.00  -2.74962961   1.19779017
1886.00  -2.75646478   1.19965746
1887.00  -2.76330312   1.20152664
1888.00  -2.77014462   1.20339769
1889.00  -2.77698930   1.20527062
1890.00  -2.78383714   1.20714544
1891.00  -2.79068814   1.20902213
1892.00  -2.79754232   1.21090071
1893.00  -2.80439965   1.21278116
1894.00  -2.81126015   1.21466350
1895.00  -2.81812382   1.21654773
1896.00  -2.82499065   1.21843384
1897.00  -2.83186064   1.22032183
1898.00  -2.83873379   1.22221171
1899.00  -2.84561010   1.22410348
1900.00  -2.85248957   1.22599714
1901.00  -2.85937220   1.22789268
1902.00  -2.86625799   1.22979012
1903.00  -2.87314694   1.23168944
1904.00  -2.88003904   1.23359066
1905.00  -2.88693430   1.23549377
1906.00  -2.89383272   1.23739877
1907.00  -2.90073429   1.23930566
1908.00  -2.90763902   1.24121445
1909.00  -2.91454690   1.24312513
1910.00  -2.92145793   1.24503771
1911.00  -2.92837212   1.24695219
1912.00  -2.93528945   1.24886856
1913.00  -2.94220994   1.25078683
1914.00  -2.94913358   1.25270700
1915.00  -2.95606037   1.25462907
1916.00  -2.96299031   1.25655304
1917.00  -2.96992339   1.25847891
1918.00  -2.97685963   1.26040668
1919.00  -2.98379901   1.26233635
1920.00  -2.99074154   1.26426793
1921.00  -2.99768721   1.26620142
1922.00  -3.00463603   1.26813680
1923.00  -3.01158799   1.27007410
1924.00  -3.01854309   1.27201330
1925.00  -3.02550134   1.27395441
1926.00  -3.03246273   1.27589742
1927.00  -3.03942726   1.27784235
1928.00  -3.04639494   1.27978918
1929.00  -3.05336575   1.28173793
1930.00  -3.06033970   1.28368858
1931.00  -3.06731679   1.28564115
1932.00  -3.07429702   1.28759563
1933.00  -3.08128039   1.28955203
1934.00  -3.08826689   1.29151034
1935.00  -3.09525653   1.29347056
1936.00  -3.10224930   1.29543270
1937.00  -3.10924521   1.29739676
1938.00  -3.11624425   1.29936273
1939.00  -3.12324643   1.30133062
1940.00  -3.13025173   1.30330043
1941.00  -3.13726017   1.30527217
1942.00  -3.14427174   1.30724582
1943.00  -3.15128645   1.30922139
1944.00  -3.15830428   1.31119888
1945.00  -3.16532524   1.31317830
1946.00  -3.17234932   1.31515964
1947.00  -3.17937654   1.31714291
1948.00  -3.18640688   1.31912810
1949.00  -3.19344035   1.32111521
1950.00  -3.20047695   1.32310426
1951.00  -3.20751666   1.32509523
1952.00  -3.21455951   1.32708813
1953.00  -3.22160547   1.32908295
1954.00  -3.22865456   1.33107971
1955.00  -3.23570678   1.33307840
1956.00  -3.24276211   1.33507902
1957.00  -3.24982056   1.33708157
1958.00  -3.25688214   1.33908605
1959.00  -3.26394683   1.34109247
1960.00  -3.27101464   1.34310082
1961.00  -3.27808557   1.34511111
1962.00  -3.28515962   1.34712333
1963.00  -3.29223678   1.34913749
1964.00  -3.29931706   1.35115358
1965.00  -3.30640045   1.35317162
1966.00  -3.31348696   1.35519159
1967.00  -3.32057658   1.35721350
1968.00  -3.32766932   1.35923736
1969.00  -3.33476516   1.36126315
1970.00  -3.34186412   1.36329089
1971.00  -3.34896619   1.36532057
1972.00  -3.35607137   1.36735219
1973.00  -3.36317966   1.36938576
1974.00  -3.37029106   1.37142127
1975.00  -3.37740556   1.37345872
1976.00  -3.38452318   1.37549813
1977.00  -3.39164390   1.37753948
1978.00  -3.39876772   1.37958278
1979.00  -3.40589465   1.38162802
1980.00  -3.41302469   1.38367522
1981.00  -3.42015783   1.38572437
1982.00  -3.42729407   1.38777547
1983.00  -3.43443342   1.38982852
1984.00  -3.44157586   1.39188352
1985.00  -3.44872141   1.39394048
1986.00  -3.45587006   1.39599939
1987.00  -3.46302181   1.39806025
1988.00  -3.47017666   1.40012307
1989.00  -3.47733460   1.40218785
1990.00  -3.48449565   1.40425458
1991.00  -3.49165979   1.40632327
1992.00  -3.49882702   1.40839392
1993.00  -3.50599735   1.41046653
1994.00  -3.51317078   1.41254110
1995.00  -3.52034730   1.41461763
1996.00  -3.52752691   1.41669612
1997.00  -3.53470962   1.41877658
1998.00  -3.54189542   1.42085899
1999.00  -3.54908430   1.42294337
2000.00  -3.55627628   1.42502972
