wavelength(nm)         real         imag
200.00   3.56790283   0.00634698
201.00   3.56457479   0.00644264
202.00   3.56123017   0.00653925
203.00   3.55786897   0.00663683
204.00   3.55449121   0.00673537
205.00   3.55109686   0.00683488
206.00   3.54768595   0.00693536
207.00   3.54425846   0.00703683
208.00   3.54081441   0.00713928
209.00   3.53735378   0.00724271
210.00   3.53387658   0.00734715
211.00   3.53038281   0.00745258
212.00   3.52687246   0.00755901
213.00   3.52334555   0.00766646
214.00   3.51980207   0.00777491
215.00   3.51624202   0.00788438
216.00   3.51266540   0.00799488
217.00   3.50907221   0.00810640
218.00   3.50546245   0.00821896
219.00   3.50183613   0.00833255
220.00   3.49819324   0.00844718
221.00   3.49453378   0.00856286
222.00   3.49085776   0.00867959
223.00   3.48716516   0.00879738
224.00   3.48345601   0.00891622
225.00   3.47973029   0.00903613
226.00   3.47598800   0.00915711
227.00   3.47222915   0.00927917
228.00   3.46845373   0.00940230
229.00   3.46466175   0.00952652
230.00   3.46085321   0.00965183
231.00   3.45702810   0.00977823
232.00   3.45318644   0.00990573
233.00   3.44932821   0.01003433
234.00   3.44545342   0.01016404
235.00   3.44156206   0.01029486
236.00   3.43765415   0.01042680
237.00   3.43372968   0.01055986
238.00   3.42978864   0.01069404
239.00   3.42583105   0.01082936
240.00   3.42185690   0.01096582
241.00   3.41786619   0.01110341
242.00   3.41385892   0.01124216
243.00   3.40983509   0.01138205
244.00   3.40579471   0.01152310
245.00   3.40173777   0.01166530
246.00   3.39766427   0.01180867
247.00   3.39357422   0.01195321
248.00   3.38946761   0.01209893
249.00   3.38534445   0.01224582
250.00   3.38120473   0.01239390
251.00   3.37704846   0.01254316
252.00   3.37287563   0.01269362
253.00   3.36868625   0.01284528
254.00   3.36448032   0.01299814
255.00   3.36025784   0.01315220
256.00   3.35601880   0.01330748
257.00   3.35176322   0.01346397
258.00   3.34749108   0.01362169
259.00   3.34320239   0.01378063
260.00   3.33889715   0.01394080
261.00   3.33457537   0.01410221
262.00   3.33023703   0.01426486
263.00   3.32588214   0.01442875
264.00   3.32151071   0.01459389
265.00   3.31712273   0.01476029
266.00   3.31271820   0.01492795
267.00   3.30829713   0.01509687
268.00   3.30385951   0.01526706
269.00   3.29940534   0.01543852
270.00   3.29493463   0.01561126
271.00   3.29044737   0.01578529
272.00   3.28594357   0.01596060
273.00   3.28142323   0.01613720
274.00   3.27688634   0.01631510
275.00   3.27233291   0.01649430
276.00   3.26776294   0.01667481
277.00   3.26317642   0.01685663
278.00   3.25857337   0.01703977
279.00   3.25395377   0.01722423
280.00   3.24931763   0.01741001
281.00   3.24466496   0.01759712
282.00   3.23999574   0.01778557
283.00   3.23530999   0.01797536
284.00   3.23060770   0.01816649
285.00   3.22588887   0.01835897
286.00   3.22115350   0.01855280
287.00   3.21640160   0.01874800
288.00   3.21163316   0.01894455
289.00   3.20684818   0.01914248
290.00   3.20204667   0.01934177
291.00   3.19722863   0.01954245
292.00   3.19239405   0.01974451
293.00   3.18754294   0.01994795
294.00   3.18267529   0.02015278
295.00   3.17779111   0.02035902
296.00   3.17289040   0.02056665
297.00   3.16797316   0.02077569
298.00   3.16303939   0.02098614
299.00   3.15808909   0.02119800
300.00   3.15312226   0.02141128
301.00   3.14813890   0.02162599
302.00   3.14313901   0.02184213
303.00   3.13812259   0.02205970
304.00   3.13308965   0.02227871
305.00   3.12804017   0.02249917
306.00   3.12297418   0.02272107
307.00   3.11789165   0.02294443
308.00   3.11279260   0.02316924
309.00   3.10767703   0.02339552
310.00   3.10254493   0.02362326
311.00   3.09739631   0.02385248
312.00   3.09223116   0.02408317
313.00   3.08704949   0.02431534
314.00   3.08185130   0.02454900
315.00   3.07663659   0.02478415
316.00   3.07140536   0.02502080
317.00   3.06615761   0.02525894
318.00   3.06089334   0.02549859
319.00   3.05561255   0.02573975
320.00   3.05031524   0.02598243
321.00   3.04500141   0.02622662
322.00   3.03967106   0.02647234
323.00   3.03432420   0.02671959
324.00   3.02896082   0.02696837
325.00   3.02358093   0.02721868
326.00   3.01818452   0.02747054
327.00   3.01277160   0.02772395
328.00   3.00734216   0.02797891
329.00   3.00189621   0.02823543
330.00   2.99643375   0.02849350
331.00   2.99095477   0.02875315
332.00   2.98545929   0.02901436
333.00   2.97994729   0.02927716
334.00   2.97441878   0.02954153
335.00   2.96887377   0.02980748
336.00   2.96331224   0.03007503
337.00   2.95773421   0.03034417
338.00   2.95213966   0.03061491
339.00   2.94652861   0.03088725
340.00   2.94090106   0.03116121
341.00   2.93525700   0.03143677
342.00   2.92959643   0.03171396
343.00   2.92391936   0.03199276
344.00   2.91822578   0.03227320
345.00   2.91251570   0.03255526
346.00   2.90678912   0.03283897
347.00   2.90104603   0.03312431
348.00   2.89528644   0.03341131
349.00   2.88951036   0.03369995
350.00   2.88371777   0.03399025
351.00   2.87790868   0.03428221
352.00   2.87208309   0.03457583
353.00   2.86624101   0.03487112
354.00   2.86038242   0.03516809
355.00   2.85450734   0.03546674
356.00   2.84861577   0.03576707
357.00   2.84270769   0.03606909
358.00   2.83678313   0.03637281
359.00   2.83084206   0.03667822
360.00   2.82488451   0.03698533
361.00   2.81891046   0.03729416
362.00   2.81291991   0.03760469
363.00   2.80691288   0.03791694
364.00   2.80088935   0.03823092
365.00   2.79484933   0.03854662
366.00   2.78879283   0.03886405
367.00   2.78271983   0.03918322
368.00   2.77663035   0.03950412
369.00   2.77052437   0.03982678
370.00   2.76440191   0.04015118
371.00   2.75826296   0.04047734
372.00   2.75210753   0.04080525
373.00   2.74593561   0.04113493
374.00   2.73974721   0.04146638
375.00   2.73354232   0.04179961
376.00   2.72732095   0.04213461
377.00   2.72108310   0.04247139
378.00   2.71482876   0.04280996
379.00   2.70855795   0.04315032
380.00   2.70227065   0.04349249
381.00   2.69596687   0.04383645
382.00   2.68964661   0.04418222
383.00   2.68330988   0.04452979
384.00   2.67695667   0.04487919
385.00   2.67058698   0.04523040
386.00   2.66420081   0.04558345
387.00   2.65779817   0.04593832
388.00   2.65137905   0.04629502
389.00   2.64494346   0.04665356
390.00   2.63849139   0.04701395
391.00   2.63202285   0.04737619
392.00   2.62553784   0.04774028
393.00   2.61903636   0.04810623
394.00   2.61251841   0.04847404
395.00   2.60598398   0.04884371
396.00   2.59943309   0.04921526
397.00   2.59286573   0.04958869
398.00   2.58628190   0.04996400
399.00   2.57968160   0.05034119
400.00   2.57306484   0.05072028
401.00   2.56643161   0.05110126
402.00   2.55978192   0.05148414
403.00   2.55311576   0.05186893
404.00   2.54643314   0.05225562
405.00   2.53973405   0.05264423
406.00   2.53301850   0.05303476
407.00   2.52628649   0.05342721
408.00   2.51953802   0.05382159
409.00   2.51277309   0.05421791
410.00   2.50599171   0.05461616
411.00   2.49919386   0.05501635
412.00   2.49237955   0.05541849
413.00   2.48554879   0.05582259
414.00   2.47870157   0.05622864
415.00   2.47183790   0.05663665
416.00   2.46495777   0.05704662
417.00   2.45806119   0.05745857
418.00   2.45114815   0.05787249
419.00   2.44421866   0.05828840
420.00   2.43727272   0.05870628
421.00   2.43031033   0.05912616
422.00   2.42333149   0.05954803
423.00   2.41633620   0.05997190
424.00   2.40932446   0.06039777
425.00   2.40229627   0.06082565
426.00   2.39525163   0.06125555
427.00   2.38819055   0.06168746
428.00   2.38111302   0.06212139
429.00   2.37401905   0.06255735
430.00   2.36690863   0.06299534
431.00   2.35978177   0.06343537
432.00   2.35263847   0.06387744
433.00   2.34547873   0.06432155
434.00   2.33830254   0.06476771
435.00   2.33110992   0.06521593
436.00   2.32390085   0.06566621
437.00   2.31667535   0.06611855
438.00   2.30943341   0.06657297
439.00   2.30217503   0.06702945
440.00   2.29490021   0.06748801
441.00   2.28760896   0.06794866
442.00   2.28030128   0.06841139
443.00   2.27297716   0.06887622
444.00   2.26563661   0.06934314
445.00   2.25827962   0.06981217
446.00   2.25090621   0.07028330
447.00   2.24351636   0.07075654
448.00   2.23611008   0.07123190
449.00   2.22868738   0.07170938
450.00   2.22124825   0.07218898
451.00   2.21379268   0.07267072
452.00   2.20632070   0.07315458
453.00   2.19883228   0.07364059
454.00   2.19132744   0.07412874
455.00   2.18380618   0.07461904
456.00   2.17626849   0.07511149
457.00   2.16871438   0.07560610
458.00   2.16114385   0.07610288
459.00   2.15355690   0.07660181
460.00   2.14595353   0.07710293
461.00   2.13833374   0.07760621
462.00   2.13069753   0.07811168
463.00   2.12304490   0.07861934
464.00   2.11537586   0.07912918
465.00   2.10769040   0.07964122
466.00   2.09998852   0.08015546
467.00   2.09227023   0.08067191
468.00   2.08453553   0.08119056
469.00   2.07678442   0.08171143
470.00   2.06901689   0.08223451
471.00   2.06123295   0.08275982
472.00   2.05343260   0.08328736
473.00   2.04561585   0.08381713
474.00   2.03778268   0.08434914
475.00   2.02993311   0.08488338
476.00   2.02206713   0.08541988
477.00   2.01418474   0.08595862
478.00   2.00628595   0.08649963
479.00   1.99837076   0.08704289
480.00   1.99043916   0.08758842
481.00   1.98249116   0.08813621
482.00   1.97452676   0.08868628
483.00   1.96654596   0.08923863
484.00   1.95854875   0.08979327
485.00   1.95053515   0.09035019
486.00   1.94250516   0.09090941
487.00   1.93445876   0.09147092
488.00   1.92639597   0.09203474
489.00   1.91831678   0.09260086
490.00   1.91022120   0.09316930
491.00   1.90210922   0.09374005
492.00   1.89398086   0.09431312
493.00   1.88583610   0.09488852
494.00   1.87767494   0.09546625
495.00   1.86949740   0.09604631
496.00   1.86130347   0.09662871
497.00   1.85309316   0.09721346
498.00   1.84486645   0.09780056
499.00   1.83662336   0.09839001
500.00   1.82836388   0.09898181
501.00   1.82008802   0.09957599
502.00   1.81179577   0.10017253
503.00   1.80348714   0.10077144
504.00   1.79516213   0.10137272
505.00   1.78682074   0.10197639
506.00   1.77846297   0.10258245
507.00   1.77008881   0.10319090
508.00   1.76169828   0.10380174
509.00   1.75329138   0.10441498
510.00   1.74486809   0.10503063
511.00   1.73642843   0.10564869
512.00   1.72797240   0.10626916
513.00   1.71949999   0.10689205
514.00   1.71101121   0.10751736
515.00   1.70250606   0.10814510
516.00   1.69398453   0.10877527
517.00   1.68544664   0.10940789
518.00   1.67689238   0.11004294
519.00   1.66832174   0.11068044
520.00   1.65973475   0.11132039
521.00   1.65113138   0.11196280
522.00   1.64251165   0.11260767
523.00   1.63387556   0.11325500
524.00   1.62522310   0.11390480
525.00   1.61655428   0.11455708
526.00   1.60786909   0.11521184
527.00   1.59916755   0.11586908
528.00   1.59044965   0.11652880
529.00   1.58171539   0.11719103
530.00   1.57296477   0.11785575
531.00   1.56419779   0.11852297
532.00   1.55541446   0.11919270
533.00   1.54661477   0.11986494
534.00   1.53779873   0.12053970
535.00   1.52896633   0.12121697
536.00   1.52011759   0.12189678
537.00   1.51125249   0.12257911
538.00   1.50237104   0.12326398
539.00   1.49347324   0.12395139
540.00   1.48455910   0.12464134
541.00   1.47562860   0.12533384
542.00   1.46668176   0.12602890
543.00   1.45771858   0.12672651
544.00   1.44873905   0.12742668
545.00   1.43974318   0.12812943
546.00   1.43073096   0.12883474
547.00   1.42170241   0.12954263
548.00   1.41265751   0.13025310
549.00   1.40359627   0.13096616
550.00   1.39451870   0.13168181
551.00   1.38542479   0.13240005
552.00   1.37631454   0.13312090
553.00   1.36718795   0.13384435
554.00   1.35804504   0.13457040
555.00   1.34888578   0.13529907
556.00   1.33971020   0.13603036
557.00   1.33051828   0.13676427
558.00   1.32131004   0.13750081
559.00   1.31208546   0.13823998
560.00   1.30284455   0.13898179
561.00   1.29358732   0.13972624
562.00   1.28431376   0.14047334
563.00   1.27502388   0.14122308
564.00   1.26571767   0.14197548
565.00   1.25639513   0.14273055
566.00   1.24705628   0.14348827
567.00   1.23770110   0.14424867
568.00   1.22832961   0.14501173
569.00   1.21894179   0.14577748
570.00   1.20953765   0.14654591
571.00   1.20011720   0.14731703
572.00   1.19068043   0.14809084
573.00   1.18122735   0.14886735
574.00   1.17175795   0.14964656
575.00   1.16227224   0.15042847
576.00   1.15277021   0.15121310
577.00   1.14325188   0.15200044
578.00   1.13371723   0.15279050
579.00   1.12416628   0.15358328
580.00   1.11459901   0.15437880
581.00   1.10501544   0.15517705
582.00   1.09541557   0.15597803
583.00   1.08579939   0.15678176
584.00   1.07616690   0.15758824
585.00   1.06651811   0.15839747
586.00   1.05685302   0.15920946
587.00   1.04717163   0.16002421
588.00   1.03747394   0.16084172
589.00   1.02775995   0.16166201
590.00   1.01802967   0.16248507
591.00   1.00828308   0.16331091
592.00   0.99852020   0.16413953
593.00   0.98874103   0.16497095
594.00   0.97894556   0.16580516
595.00   0.96913380   0.16664216
596.00   0.95930575   0.16748197
597.00   0.94946141   0.16832459
598.00   0.93960078   0.16917002
599.00   0.92972386   0.17001827
600.00   0.91983066   0.17086933
601.00   0.90992116   0.17172323
602.00   0.89999539   0.17257995
603.00   0.89005333   0.17343951
604.00   0.88009499   0.17430191
605.00   0.87012036   0.17516716
606.00   0.86012946   0.17603525
607.00   0.85012227   0.17690620
608.00   0.84009881   0.17778001
609.00   0.83005907   0.17865667
610.00   0.82000305   0.17953621
611.00   0.80993076   0.18041862
612.00   0.79984219   0.18130390
613.00   0.78973736   0.18219207
614.00   0.77961625   0.18308312
615.00   0.76947886   0.18397707
616.00   0.75932521   0.18487390
617.00   0.74915529   0.18577364
618.00   0.73896911   0.18667628
619.00   0.72876665   0.18758184
620.00   0.71854794   0.18849030
621.00   0.70831295   0.18940168
622.00   0.69806171   0.19031599
623.00   0.68779420   0.19123322
624.00   0.67751043   0.19215339
625.00   0.66721040   0.19307649
626.00   0.65689412   0.19400253
627.00   0.64656157   0.19493152
628.00   0.63621277   0.19586346
629.00   0.62584772   0.19679835
630.00   0.61546641   0.19773620
631.00   0.60506884   0.19867702
632.00   0.59465503   0.19962081
633.00   0.58422497   0.20056756
634.00   0.57377865   0.20151730
635.00   0.56331609   0.20247002
636.00   0.55283728   0.20342573
637.00   0.54234222   0.20438442
638.00   0.53183092   0.20534612
639.00   0.52130337   0.20631081
640.00   0.51075959   0.20727851
641.00   0.50019956   0.20824922
642.00   0.48962329   0.20922295
643.00   0.47903078   0.21019969
644.00   0.46842203   0.21117946
645.00   0.45779704   0.21216225
646.00   0.44715582   0.21314808
647.00   0.43649837   0.21413695
648.00   0.42582468   0.21512886
649.00   0.41513476   0.21612381
650.00   0.40442860   0.21712182
651.00   0.39370622   0.21812288
652.00   0.38296761   0.21912700
653.00   0.37221277   0.22013419
654.00   0.36144170   0.22114445
655.00   0.35065441   0.22215778
656.00   0.33985090   0.22317419
657.00   0.32903116   0.22419368
658.00   0.31819520   0.22521626
659.00   0.30734302   0.22624193
660.00   0.29647462   0.22727070
661.00   0.28559000   0.22830257
662.00   0.27468916   0.22933755
663.00   0.26377211   0.23037564
664.00   0.25283884   0.23141684
665.00   0.24188936   0.23246117
666.00   0.23092366   0.23350862
667.00   0.21994176   0.23455919
668.00   0.20894364   0.23561290
669.00   0.19792932   0.23666975
670.00   0.18689879   0.23772974
671.00   0.17585205   0.23879288
672.00   0.16478911   0.23985917
673.00   0.15370996   0.24092862
674.00   0.14261461   0.24200123
675.00   0.13150306   0.24307700
676.00   0.12037530   0.24415595
677.00   0.10923135   0.24523807
678.00   0.09807120   0.24632336
679.00   0.08689485   0.24741185
680.00   0.07570231   0.24850352
681.00   0.06449357   0.24959838
682.00   0.05326864   0.25069644
683.00   0.04202752   0.25179770
684.00   0.03077020   0.25290217
685.00   0.01949670   0.25400985
686.00   0.00820701   0.25512075
687.00  -0.00309887   0.25623487
688.00  -0.01442094   0.25735221
689.00  -0.02575919   0.25847278
690.00  -0.03711362   0.25959658
691.00  -0.04848423   0.26072363
692.00  -0.05987103   0.26185391
693.00  -0.07127401   0.26298745
694.00  -0.08269316   0.26412424
695.00  -0.09412850   0.26526428
696.00  -0.10558000   0.26640758
697.00  -0.11704769   0.26755415
698.00  -0.12853154   0.26870400
699.00  -0.14003157   0.26985711
700.00  -0.15154778   0.27101351
701.00  -0.16308015   0.27217319
702.00  -0.17462869   0.27333616
703.00  -0.18619339   0.27450242
704.00  -0.19777426   0.27567198
705.00  -0.20937130   0.27684484
706.00  -0.22098450   0.27802101
707.00  -0.23261387   0.27920049
708.00  -0.24425939   0.28038329
709.00  -0.25592108   0.28156940
710.00  -0.26759892   0.28275885
711.00  -0.27929292   0.28395162
712.00  -0.29100308   0.28514772
713.00  -0.30272939   0.28634717
714.00  -0.31447186   0.28754995
715.00  -0.32623048   0.28875609
716.00  -0.33800524   0.28996558
717.00  -0.34979616   0.29117842
718.00  -0.36160323   0.29239463
719.00  -0.37342644   0.29361420
720.00  -0.38526580   0.29483714
721.00  -0.39712131   0.29606346
722.00  -0.40899296   0.29729316
723.00  -0.42088075   0.29852624
724.00  -0.43278468   0.29976271
725.00  -0.44470475   0.30100257
726.00  -0.45664096   0.30224583
727.00  -0.46859331   0.30349250
728.00  -0.48056179   0.30474257
729.00  -0.49254640   0.30599605
730.00  -0.50454715   0.30725295
731.00  -0.51656403   0.30851327
732.00  -0.52859705   0.30977701
733.00  -0.54064619   0.31104418
734.00  -0.55271145   0.31231479
735.00  -0.56479285   0.31358883
736.00  -0.57689037   0.31486632
737.00  -0.58900401   0.31614726
738.00  -0.60113378   0.31743164
739.00  -0.61327967   0.31871949
740.00  -0.62544168   0.32001079
741.00  -0.63761980   0.32130556
742.00  -0.64981405   0.32260381
743.00  -0.66202441   0.32390552
744.00  -0.67425088   0.32521072
745.00  -0.68649347   0.32651940
746.00  -0.69875217   0.32783157
747.00  -0.71102699   0.32914723
748.00  -0.72331791   0.33046638
749.00  -0.73562494   0.33178904
750.00  -0.74794807   0.33311521
751.00  -0.76028731   0.33444489
752.00  -0.77264266   0.33577808
753.00  -0.78501411   0.33711480
754.00  -0.79740166   0.33845503
755.00  -0.80980531   0.33979880
756.00  -0.82222506   0.34114610
757.00  -0.83466091   0.34249694
758.00  -0.84711285   0.34385132
759.00  -0.85958089   0.34520925
760.00  -0.87206502   0.34657073
761.00  -0.88456524   0.34793576
762.00  -0.89708155   0.34930436
763.00  -0.90961396   0.35067652
764.00  -0.92216245   0.35205225
765.00  -0.93472703   0.35343156
766.00  -0.94730769   0.35481444
767.00  -0.95990444   0.35620091
768.00  -0.97251727   0.35759097
769.00  -0.98514618   0.35898462
770.00  -0.99779117   0.36038186
771.00  -1.01045224   0.36178271
772.00  -1.02312939   0.36318716
773.00  -1.03582261   0.36459522
774.00  -1.04853191   0.36600690
775.00  -1.06125728   0.36742219
776.00  -1.07399872   0.36884111
777.00  -1.08675623   0.37026366
778.00  -1.09952982   0.37168984
779.00  -1.11231946   0.37311966
780.00  -1.12512518   0.37455312
781.00  -1.13794696   0.37599023
782.00  -1.15078480   0.37743099
783.00  -1.16363871   0.37887540
784.00  -1.17650868   0.38032347
785.00  -1.18939470   0.38177521
786.00  -1.20229679   0.38323062
787.00  -1.21521493   0.38468969
788.00  -1.22814912   0.38615245
789.00  -1.24109937   0.38761889
790.00  -1.25406567   0.38908902
791.00  -1.26704802   0.39056284
792.00  -1.28004642   0.39204035
793.00  -1.29306087   0.39352156
794.00  -1.30609137   0.39500648
795.00  -1.31913791   0.39649511
796.00  -1.33220050   0.39798745
797.00  -1.34527913   0.39948351
798.00  -1.35837380   0.40098330
799.00  -1.37148451   0.40248681
800.00  -1.38461125   0.40399405
801.00  -1.39775404   0.40550503
802.00  -1.41091286   0.40701974
803.00  -1.42408771   0.40853821
804.00  -1.43727860   0.41006042
805.00  -1.45048552   0.41158639
806.00  -1.46370846   0.41311612
807.00  -1.47694744   0.41464961
808.00  -1.49020244   0.41618687
809.00  -1.50347347   0.41772790
810.00  -1.51676052   0.41927270
811.00  -1.53006360   0.42082129
812.00  -1.54338269   0.42237366
813.00  -1.55671781   0.42392983
814.00  -1.57006894   0.42548979
815.00  -1.58343609   0.42705354
816.00  -1.59681926   0.42862110
817.00  -1.61021844   0.43019247
818.00  -1.62363364   0.43176765
819.00  -1.63706484   0.43334665
820.00  -1.65051205   0.43492947
821.00  -1.66397528   0.43651612
822.00  -1.67745451   0.43810659
823.00  -1.69094974   0.43970090
824.00  -1.70446098   0.44129905
825.00  -1.71798822   0.44290105
826.00  -1.73153146   0.44450689
827.00  -1.74509070   0.44611658
828.00  -1.75866594   0.44773014
829.00  -1.77225718   0.44934755
830.00  -1.78586441   0.45096883
831.00  -1.79948764   0.45259398
832.00  -1.81312685   0.45422301
833.00  -1.82678206   0.45585591
834.00  -1.84045326   0.45749270
835.00  -1.85414045   0.45913338
836.00  -1.86784362   0.46077795
837.00  -1.88156277   0.46242642
838.00  -1.89529791   0.46407879
839.00  -1.90904904   0.46573507
840.00  -1.92281614   0.46739525
841.00  -1.93659922   0.46905936
842.00  -1.95039828   0.47072738
843.00  -1.96421331   0.47239932
844.00  -1.97804432   0.47407520
845.00  -1.99189130   0.47575501
846.00  -2.00575426   0.47743875
847.00  -2.01963318   0.47912644
848.00  -2.03352808   0.48081808
849.00  -2.04743894   0.48251366
850.00  -2.06136576   0.48421320
851.00  -2.07530855   0.48591671
852.00  -2.08926730   0.48762417
853.00  -2.10324201   0.48933560
854.00  -2.11723269   0.49105101
855.00  -2.13123932   0.49277040
856.00  -2.14526191   0.49449376
857.00  -2.15930045   0.49622112
858.00  -2.17335494   0.49795246
859.00  -2.18742539   0.49968780
860.00  -2.20151179   0.50142714
861.00  -2.21561414   0.50317049
862.00  -2.22973243   0.50491784
863.00  -2.24386667   0.50666921
864.00  -2.25801686   0.50842459
865.00  -2.27218299   0.51018400
866.00  -2.28636506   0.51194743
867.00  -2.30056307   0.51371490
868.00  -2.31477702   0.51548640
869.00  -2.32900690   0.51726194
870.00  -2.34325272   0.51904152
871.00  -2.35751448   0.52082516
872.00  -2.37179216   0.52261284
873.00  -2.38608578   0.52440459
874.00  -2.40039533   0.52620039
875.00  -2.41472080   0.52800026
876.00  -2.42906220   0.52980421
877.00  -2.44341953   0.53161223
878.00  -2.45779278   0.53342433
879.00  -2.47218195   0.53524051
880.00  -2.48658704   0.53706078
881.00  -2.50100804   0.53888515
882.00  -2.51544497   0.54071361
883.00  -2.52989781   0.54254618
884.00  -2.54436656   0.54438285
885.00  -2.55885123   0.54622363
886.00  -2.57335181   0.54806853
887.00  -2.58786829   0.54991755
888.00  -2.60240069   0.55177069
889.00  -2.61694899   0.55362796
890.00  -2.63151319   0.55548937
891.00  -2.64609330   0.55735491
892.00  -2.66068931   0.55922459
893.00  -2.67530122   0.56109842
894.00  -2.68992902   0.56297640
895.00  -2.70457273   0.56485854
896.00  -2.71923232   0.56674483
897.00  -2.73390782   0.56863529
898.00  -2.74859920   0.57052992
899.00  -2.76330647   0.57242872
900.00  -2.77802964   0.57433170
901.00  -2.79276869   0.57623886
902.00  -2.80752362   0.57815020
903.00  -2.82229444   0.58006574
904.00  -2.83708114   0.58198547
905.00  -2.85188373   0.58390940
906.00  -2.86670219   0.58583754
907.00  -2.88153653   0.58776988
908.00  -2.89638674   0.58970643
909.00  -2.91125283   0.59164721
910.00  -2.92613480   0.59359220
911.00  -2.94103263   0.59554142
912.00  -2.95594634   0.59749487
913.00  -2.97087591   0.59945256
914.00  -2.98582135   0.60141448
915.00  -3.00078265   0.60338065
916.00  -3.01575982   0.60535106
917.00  -3.03075285   0.60732573
918.00  -3.04576174   0.60930466
919.00  -3.06078648   0.61128784
920.00  -3.07582709   0.61327529
921.00  -3.09088355   0.61526701
922.00  -3.10595586   0.61726301
923.00  -3.12104403   0.61926328
924.00  -3.13614804   0.62126784
925.00  -3.15126791   0.62327669
926.00  -3.16640362   0.62528982
927.00  -3.18155518   0.62730726
928.00  -3.19672258   0.62932899
929.00  -3.21190582   0.63135503
930.00  -3.22710491   0.63338538
931.00  -3.24231983   0.63542004
932.00  -3.25755059   0.63745902
933.00  -3.27279719   0.63950233
934.00  -3.28805962   0.64154996
935.00  -3.30333788   0.64360192
936.00  -3.31863198   0.64565822
937.00  -3.33394190   0.64771886
938.00  -3.34926766   0.64978384
939.00  -3.36460923   0.65185317
940.00  -3.37996664   0.65392686
941.00  -3.39533986   0.65600490
942.00  -3.41072891   0.65808731
943.00  -3.42613377   0.66017408
944.00  -3.44155445   0.66226523
945.00  -3.45699095   0.66436075
946.00  -3.47244327   0.66646065
947.00  -3.48791139   0.66856493
948.00  -3.50339533   0.67067360
949.00  -3.51889508   0.67278667
950.00  -3.53441064   0.67490413
951.00  -3.54994200   0.67702599
952.00  -3.56548916   0.67915226
953.00  -3.58105213   0.68128294
954.00  -3.59663090   0.68341804
955.00  -3.61222547   0.68555755
956.00  -3.62783584   0.68770149
957.00  -3.64346200   0.68984986
958.00  -3.65910396   0.69200266
959.00  -3.67476171   0.69415989
960.00  -3.69043526   0.69632157
961.00  -3.70612459   0.69848769
962.00  -3.72182971   0.70065826
963.00  -3.73755061   0.70283329
964.00  -3.75328731   0.70501277
965.00  -3.76903978   0.70719672
966.00  -3.78480803   0.70938513
967.00  -3.80059207   0.71157802
968.00  -3.81639188   0.71377538
969.00  -3.83220747   0.71597723
970.00  -3.84803883   0.71818356
971.00  -3.86388597   0.72039437
972.00  -3.87974887   0.72260968
973.00  -3.89562755   0.72482949
974.00  -3.91152199   0.72705380
975.00  -3.92743220   0.72928262
976.00  -3.94335817   0.73151595
977.00  -3.95929991   0.73375379
978.00  -3.97525741   0.73599616
979.00  -3.99123066   0.73824304
980.00  -4.00721967   0.74049446
981.00  -4.02322444   0.74275041
982.00  -4.03924497   0.74501090
983.00  -4.05528124   0.74727592
984.00  -4.07133327   0.74954550
985.00  -4.08740104   0.75181962
986.00  -4.10348456   0.75409830
987.00  -4.11958383   0.75638153
988.00  -4.13569884   0.75866934
989.00  -4.15182960   0.76096170
990.00  -4.16797609   0.76325864
991.00  -4.18413832   0.76556016
992.00  -4.20031629   0.76786626
993.00  -4.21650999   0.77017694
994.00  -4.23271943   0.77249221
995.00  -4.24894460   0.77481207
996.00  -4.26518550   0.77713654
997.00  -4.28144213   0.77946560
998.00  -4.29771448   0.78179927
999.00  -4.31400256   0.78413756
1000.00  -4.33030636   0.78648046
1001.00  -4.34662588   0.78882798
1002.00  -4.36296112   0.79118012
1003.00  -4.37931208   0.79353689
1004.00  -4.39567876   0.79589829
1005.00  -4.41206115   0.79826433
1006.00  -4.42845925   0.80063502
1007.00  -4.44487307   0.80301034
1008.00  -4.46130259   0.80539032
1009.00  -4.47774782   0.80777495
1010.00  -4.49420875   0.81016425
1011.00  -4.51068539   0.81255820
1012.00  -4.52717773   0.81495682
1013.00  -4.54368578   0.81736012
1014.00  -4.56020952   0.81976809
1015.00  -4.57674895   0.82218074
1016.00  -4.59330408   0.82459807
1017.00  -4.60987491   0.82702010
1018.00  -4.62646142   0.82944681
1019.00  -4.64306363   0.83187823
1020.00  -4.65968152   0.83431435
1021.00  -4.67631510   0.83675517
1022.00  -4.69296437   0.83920071
1023.00  -4.70962932   0.84165096
1024.00  -4.72630994   0.84410593
1025.00  -4.74300625   0.84656562
1026.00  -4.75971823   0.84903004
1027.00  -4.77644589   0.85149919
1028.00  -4.79318923   0.85397308
1029.00  -4.80994823   0.85645171
1030.00  -4.82672291   0.85893509
1031.00  -4.84351325   0.86142322
1032.00  -4.86031926   0.86391609
1033.00  -4.87714094   0.86641373
1034.00  -4.89397828   0.86891613
1035.00  -4.91083128   0.87142330
1036.00  -4.92769993   0.87393524
1037.00  -4.94458425   0.87645195
1038.00  -4.96148422   0.87897345
1039.00  -4.97839985   0.88149973
1040.00  -4.99533113   0.88403079
1041.00  -5.01227806   0.88656665
1042.00  -5.02924064   0.88910731
1043.00  -5.04621886   0.89165277
1044.00  -5.06321273   0.89420303
1045.00  -5.08022224   0.89675810
1046.00  -5.09724740   0.89931799
1047.00  -5.11428819   0.90188270
1048.00  -5.13134462   0.90445222
1049.00  -5.14841669   0.90702658
1050.00  -5.16550439   0.90960577
1051.00  -5.18260772   0.91218979
1052.00  -5.19972669   0.91477865
1053.00  -5.21686128   0.91737236
1054.00  -5.23401150   0.91997092
1055.00  -5.25117735   0.92257433
1056.00  -5.26835881   0.92518259
1057.00  -5.28555590   0.92779572
1058.00  -5.30276861   0.93041372
1059.00  -5.31999694   0.93303658
1060.00  -5.33724088   0.93566432
1061.00  -5.35450044   0.93829694
1062.00  -5.37177561   0.94093444
1063.00  -5.38906639   0.94357682
1064.00  -5.40637278   0.94622410
1065.00  -5.42369477   0.94887628
1066.00  -5.44103237   0.95153335
1067.00  -5.45838557   0.95419533
1068.00  -5.47575438   0.95686222
1069.00  -5.49313878   0.95953402
1070.00  -5.51053878   0.96221074
1071.00  -5.52795438   0.96489238
1072.00  -5.54538557   0.96757895
1073.00  -5.56283235   0.97027044
1074.00  -5.58029472   0.97296687
1075.00  -5.59777268   0.97566824
1076.00  -5.61526623   0.97837455
1077.00  -5.63277536   0.98108581
1078.00  -5.65030007   0.98380203
1079.00  -5.66784037   0.98652319
1080.00  -5.68539624   0.98924932
1081.00  -5.70296769   0.99198041
1082.00  -5.72055472   0.99471647
1083.00  -5.73815732   0.99745750
1084.00  -5.75577549   1.00020351
1085.00  -5.77340923   1.00295450
1086.00  -5.79105854   1.00571048
1087.00  -5.80872341   1.00847145
1088.00  -5.82640385   1.01123741
1089.00  -5.84409985   1.01400837
1090.00  -5.86181141   1.01678433
1091.00  -5.87953853   1.01956530
1092.00  -5.89728121   1.02235128
1093.00  -5.91503944   1.02514228
1094.00  -5.93281322   1.02793829
1095.00  -5.95060256   1.03073933
1096.00  -5.96840744   1.03354540
1097.00  -5.98622787   1.03635651
1098.00  -6.00406384   1.03917264
1099.00  -6.02191536   1.04199382
1100.00  -6.03978242   1.04482005
1101.00  -6.05766502   1.04765132
1102.00  -6.07556316   1.05048765
1103.00  -6.09347683   1.05332904
1104.00  -6.11140604   1.05617549
1105.00  -6.12935078   1.05902700
1106.00  -6.14731104   1.06188359
1107.00  -6.16528684   1.06474525
1108.00  -6.18327816   1.06761199
1109.00  -6.20128501   1.07048381
1110.00  -6.21930738   1.07336073
1111.00  -6.23734527   1.07624273
1112.00  -6.25539868   1.07912983
1113.00  -6.27346760   1.08202203
1114.00  -6.29155204   1.08491934
1115.00  -6.30965199   1.08782176
1116.00  -6.32776746   1.09072928
1117.00  -6.34589843   1.09364193
1118.00  -6.36404491   1.09655970
1119.00  -6.38220689   1.09948259
1120.00  -6.40038438   1.10241062
1121.00  -6.41857737   1.10534378
1122.00  -6.43678586   1.10828208
1123.00  -6.45500985   1.11122552
1124.00  -6.47324933   1.11417411
1125.00  -6.49150430   1.11712785
1126.00  -6.50977477   1.12008674
1127.00  -6.52806073   1.12305080
1128.00  -6.54636217   1.12602002
1129.00  -6.56467910   1.12899441
1130.00  -6.58301152   1.13197397
1131.00  -6.60135941   1.13495871
1132.00  -6.61972279   1.13794863
1133.00  -6.63810164   1.14094373
1134.00  -6.65649597   1.14394403
1135.00  -6.67490578   1.14694951
1136.00  -6.69333105   1.14996020
1137.00  -6.71177180   1.15297609
1138.00  -6.73022802   1.15599718
1139.00  -6.74869970   1.15902349
1140.00  -6.76718684   1.16205501
1141.00  -6.78568945   1.16509175
1142.00  -6.80420752   1.16813371
1143.00  -6.82274105   1.17118090
1144.00  -6.84129003   1.17423333
1145.00  -6.85985447   1.17729098
1146.00  -6.87843436   1.18035388
1147.00  -6.89702971   1.18342203
1148.00  -6.91564050   1.18649542
1149.00  -6.93426674   1.18957406
1150.00  -6.95290842   1.19265796
1151.00  -6.97156554   1.19574713
1152.00  -6.99023811   1.19884156
1153.00  -7.00892612   1.20194125
1154.00  -7.02762956   1.20504623
1155.00  -7.04634844   1.20815648
1156.00  -7.06508275   1.21127201
1157.00  -7.08383249   1.21439283
1158.00  -7.10259766   1.21751894
1159.00  -7.12137826   1.22065034
1160.00  -7.14017428   1.22378705
1161.00  -7.15898572   1.22692905
1162.00  -7.17781259   1.23007637
1163.00  -7.19665488   1.23322900
1164.00  -7.21551258   1.23638694
1165.00  -7.23438570   1.23955020
1166.00  -7.25327423   1.24271879
1167.00  -7.27217817   1.24589270
1168.00  -7.29109752   1.24907195
1169.00  -7.31003228   1.25225654
1170.00  -7.32898244   1.25544647
1171.00  -7.34794801   1.25864174
1172.00  -7.36692898   1.26184236
1173.00  -7.38592534   1.26504833
1174.00  -7.40493711   1.26825967
1175.00  -7.42396427   1.27147636
1176.00  -7.44300682   1.27469842
1177.00  -7.46206476   1.27792586
1178.00  -7.48113810   1.28115866
1179.00  -7.50022682   1.28439685
1180.00  -7.51933092   1.28764042
1181.00  -7.53845041   1.29088937
1182.00  -7.55758528   1.29414372
1183.00  -7.57673552   1.29740346
1184.00  -7.59590115   1.30066860
1185.00  -7.61508215   1.30393915
1186.00  -7.63427852   1.30721510
1187.00  -7.65349026   1.31049647
1188.00  -7.67271738   1.31378325
1189.00  -7.69195986   1.31707546
1190.00  -7.71121770   1.32037309
1191.00  -7.73049091   1.32367614
1192.00  -7.74977947   1.32698463
1193.00  -7.76908340   1.33029856
1194.00  -7.78840268   1.33361793
1195.00  -7.80773732   1.33694275
1196.00  -7.82708731   1.34027301
1197.00  -7.84645265   1.34360873
1198.00  -7.86583334   1.34694991
1199.00  -7.88522938   1.35029655
1200.00  -7.90464076   1.35364865
1201.00  -7.92406748   1.35700623
1202.00  -7.94350955   1.36036928
1203.00  -7.96296695   1.36373781
1204.00  -7.98243969   1.36711182
1205.00  -8.00192776   1.37049132
1206.00  -8.02143116   1.37387632
1207.00  -8.04094990   1.37726680
1208.00  -8.06048396   1.38066279
1209.00  -8.08003335   1.38406428
1210.00  -8.09959806   1.38747128
1211.00  -8.11917810   1.39088380
1212.00  -8.13877345   1.39430182
1213.00  -8.15838412   1.39772537
1214.00  -8.17801011   1.40115445
1215.00  -8.19765141   1.40458905
1216.00  -8.21730802   1.40802918
1217.00  -8.23697995   1.41147486
1218.00  -8.25666718   1.41492607
1219.00  -8.27636971   1.41838283
1220.00  -8.29608755   1.42184514
1221.00  -8.31582069   1.42531300
1222.00  -8.33556913   1.42878642
1223.00  -8.35533286   1.43226541
1224.00  -8.37511190   1.43574995
1225.00  -8.39490622   1.43924007
1226.00  -8.41471583   1.44273577
1227.00  -8.43454074   1.44623704
1228.00  -8.45438093   1.44974390
1229.00  -8.47423640   1.45325634
1230.00  -8.49410716   1.45677437
1231.00  -8.51399320   1.46029800
1232.00  -8.53389451   1.46382723
1233.00  -8.55381111   1.46736206
1234.00  -8.57374297   1.47090249
1235.00  -8.59369011   1.47444854
1236.00  -8.61365252   1.47800021
1237.00  -8.63363019   1.48155750
1238.00  -8.65362314   1.48512041
1239.00  -8.67363134   1.48868894
1240.00  -8.69365481   1.49226311
1241.00  -8.71369353   1.49584292
1242.00  -8.73374752   1.49942837
1243.00  -8.75381676   1.50301946
1244.00  -8.77390125   1.50661620
1245.00  -8.79400099   1.51021859
1246.00  -8.81411598   1.51382664
1247.00  -8.83424622   1.51744036
1248.00  -8.85439170   1.52105973
1249.00  -8.87455243   1.52468478
1250.00  -8.89472839   1.52831550
1251.00  -8.91491960   1.53195190
1252.00  -8.93512604   1.53559398
1253.00  -8.95534771   1.53924174
1254.00  -8.97558462   1.54289520
1255.00  -8.99583676   1.54655435
1256.00  -9.01610412   1.55021920
1257.00  -9.03638671   1.55388975
1258.00  -9.05668452   1.55756600
1259.00  -9.07699756   1.56124797
1260.00  -9.09732581   1.56493565
1261.00  -9.11766928   1.56862905
1262.00  -9.13802797   1.57232818
1263.00  -9.15840186   1.57603303
1264.00  -9.17879097   1.57974361
1265.00  -9.19919529   1.58345992
1266.00  -9.21961481   1.58718198
1267.00  -9.24004954   1.59090978
1268.00  -9.26049947   1.59464333
1269.00  -9.28096460   1.59838262
1270.00  -9.30144493   1.60212768
1271.00  -9.32194045   1.60587849
1272.00  -9.34245117   1.60963507
1273.00  -9.36297708   1.61339741
1274.00  -9.38351817   1.61716553
1275.00  -9.40407446   1.62093942
1276.00  -9.42464593   1.62471910
1277.00  -9.44523258   1.62850456
1278.00  -9.46583441   1.63229580
1279.00  -9.48645142   1.63609284
1280.00  -9.50708361   1.63989568
1281.00  -9.52773097   1.64370431
1282.00  -9.54839350   1.64751875
1283.00  -9.56907120   1.65133900
1284.00  -9.58976407   1.65516507
1285.00  -9.61047211   1.65899695
1286.00  -9.63119531   1.66283465
1287.00  -9.65193367   1.66667817
1288.00  -9.67268719   1.67052753
1289.00  -9.69345586   1.67438272
1290.00  -9.71423969   1.67824374
1291.00  -9.73503867   1.68211061
1292.00  -9.75585281   1.68598332
1293.00  -9.77668209   1.68986189
1294.00  -9.79752651   1.69374630
1295.00  -9.81838608   1.69763658
1296.00  -9.83926080   1.70153271
1297.00  -9.86015065   1.70543471
1298.00  -9.88105563   1.70934258
1299.00  -9.90197576   1.71325633
1300.00  -9.92291101   1.71717595
1301.00  -9.94386140   1.72110146
1302.00  -9.96482691   1.72503285
1303.00  -9.98580755   1.72897013
1304.00 -10.00680332   1.73291331
1305.00 -10.02781420   1.73686239
1306.00 -10.04884021   1.74081736
1307.00 -10.06988133   1.74477825
1308.00 -10.09093757   1.74874504
1309.00 -10.11200892   1.75271775
1310.00 -10.13309538   1.75669638
1311.00 -10.15419695   1.76068093
1312.00 -10.17531363   1.76467141
1313.00 -10.19644541   1.76866782
1314.00 -10.21759229   1.77267016
1315.00 -10.23875428   1.77667844
1316.00 -10.25993136   1.78069267
1317.00 -10.28112353   1.78471284
1318.00 -10.30233080   1.78873897
1319.00 -10.32355316   1.79277105
1320.00 -10.34479061   1.79680908
1321.00 -10.36604314   1.80085309
1322.00 -10.38731076   1.80490306
1323.00 -10.40859346   1.80895900
1324.00 -10.42989124   1.81302091
1325.00 -10.45120410   1.81708881
1326.00 -10.47253203   1.82116268
1327.00 -10.49387504   1.82524255
1328.00 -10.51523312   1.82932841
1329.00 -10.53660626   1.83342026
1330.00 -10.55799447   1.83751811
1331.00 -10.57939775   1.84162197
1332.00 -10.60081609   1.84573184
1333.00 -10.62224949   1.84984771
1334.00 -10.64369794   1.85396960
1335.00 -10.66516145   1.85809752
1336.00 -10.68664001   1.86223145
1337.00 -10.70813363   1.86637141
1338.00 -10.72964229   1.87051741
1339.00 -10.75116600   1.87466944
1340.00 -10.77270475   1.87882751
1341.00 -10.79425855   1.88299163
1342.00 -10.81582738   1.88716179
1343.00 -10.83741125   1.89133800
1344.00 -10.85901016   1.89552028
1345.00 -10.88062410   1.89970861
1346.00 -10.90225307   1.90390300
1347.00 -10.92389706   1.90810346
1348.00 -10.94555609   1.91231000
1349.00 -10.96723014   1.91652261
1350.00 -10.98891920   1.92074130
1351.00 -11.01062329   1.92496608
1352.00 -11.03234240   1.92919694
1353.00 -11.05407652   1.93343390
1354.00 -11.07582565   1.93767695
1355.00 -11.09758979   1.94192610
1356.00 -11.11936894   1.94618136
1357.00 -11.14116310   1.95044273
1358.00 -11.16297225   1.95471020
1359.00 -11.18479641   1.95898380
1360.00 -11.20663557   1.96326351
1361.00 -11.22848973   1.96754935
1362.00 -11.25035888   1.97184131
1363.00 -11.27224302   1.97613941
1364.00 -11.29414215   1.98044365
1365.00 -11.31605627   1.98475402
1366.00 -11.33798537   1.98907054
1367.00 -11.35992946   1.99339321
1368.00 -11.38188852   1.99772203
1369.00 -11.40386257   2.00205700
1370.00 -11.42585159   2.00639814
1371.00 -11.44785559   2.01074544
1372.00 -11.46987455   2.01509891
1373.00 -11.49190849   2.01945855
1374.00 -11.51395739   2.02382437
1375.00 -11.53602125   2.02819636
1376.00 -11.55810008   2.03257455
1377.00 -11.58019387   2.03695892
1378.00 -11.60230262   2.04134948
1379.00 -11.62442632   2.04574623
1380.00 -11.64656497   2.05014919
1381.00 -11.66871858   2.05455835
1382.00 -11.69088713   2.05897372
1383.00 -11.71307063   2.06339531
1384.00 -11.73526908   2.06782310
1385.00 -11.75748246   2.07225712
1386.00 -11.77971079   2.07669737
1387.00 -11.80195405   2.08114384
1388.00 -11.82421224   2.08559654
1389.00 -11.84648537   2.09005548
1390.00 -11.86877343   2.09452065
1391.00 -11.89107641   2.09899208
1392.00 -11.91339432   2.10346974
1393.00 -11.93572716   2.10795367
1394.00 -11.95807491   2.11244384
1395.00 -11.98043758   2.11694028
1396.00 -12.00281517   2.12144298
1397.00 -12.02520767   2.12595195
1398.00 -12.04761509   2.13046719
1399.00 -12.07003741   2.13498870
1400.00 -12.09247464   2.13951650
1401.00 -12.11492677   2.14405058
1402.00 -12.13739381   2.14859094
1403.00 -12.15987574   2.15313760
1404.00 -12.18237257   2.15769056
1405.00 -12.20488430   2.16224981
1406.00 -12.22741092   2.16681536
1407.00 -12.24995243   2.17138723
1408.00 -12.27250883   2.17596540
1409.00 -12.29508012   2.18054989
1410.00 -12.31766628   2.18514070
1411.00 -12.34026733   2.18973783
1412.00 -12.36288326   2.19434129
1413.00 -12.38551406   2.19895108
1414.00 -12.40815974   2.20356720
1415.00 -12.43082029   2.20818967
1416.00 -12.45349571   2.21281847
1417.00 -12.47618599   2.21745363
1418.00 -12.49889114   2.22209513
1419.00 -12.52161115   2.22674299
1420.00 -12.54434602   2.23139721
1421.00 -12.56709575   2.23605779
1422.00 -12.58986034   2.24072473
1423.00 -12.61263977   2.24539805
1424.00 -12.63543406   2.25007774
1425.00 -12.65824320   2.25476381
1426.00 -12.68106718   2.25945626
1427.00 -12.70390600   2.26415510
1428.00 -12.72675967   2.26886032
1429.00 -12.74962817   2.27357195
1430.00 -12.77251151   2.27828996
1431.00 -12.79540968   2.28301439
1432.00 -12.81832269   2.28774521
1433.00 -12.84125052   2.29248245
1434.00 -12.86419318   2.29722610
1435.00 -12.88715067   2.30197617
1436.00 -12.91012297   2.30673266
1437.00 -12.93311010   2.31149557
1438.00 -12.95611204   2.31626492
1439.00 -12.97912880   2.32104069
1440.00 -13.00216037   2.32582291
1441.00 -13.02520675   2.33061157
1442.00 -13.04826794   2.33540667
1443.00 -13.07134394   2.34020822
1444.00 -13.09443473   2.34501622
1445.00 -13.11754033   2.34983068
1446.00 -13.14066072   2.35465160
1447.00 -13.16379591   2.35947898
1448.00 -13.18694590   2.36431284
1449.00 -13.21011067   2.36915316
1450.00 -13.23329024   2.37399996
1451.00 -13.25648459   2.37885325
1452.00 -13.27969372   2.38371301
1453.00 -13.30291763   2.38857927
1454.00 -13.32615633   2.39345201
1455.00 -13.34940980   2.39833125
1456.00 -13.37267804   2.40321700
1457.00 -13.39596106   2.40810924
1458.00 -13.41925884   2.41300799
1459.00 -13.44257139   2.41791326
1460.00 -13.46589871   2.42282504
1461.00 -13.48924079   2.42774334
1462.00 -13.51259762   2.43266816
1463.00 -13.53596922   2.43759951
1464.00 -13.55935557   2.44253739
1465.00 -13.58275667   2.44748180
1466.00 -13.60617252   2.45243276
1467.00 -13.62960312   2.45739025
1468.00 -13.65304847   2.46235430
1469.00 -13.67650856   2.46732489
1470.00 -13.69998338   2.47230204
1471.00 -13.72347295   2.47728574
1472.00 -13.74697725   2.48227601
1473.00 -13.77049628   2.48727284
1474.00 -13.79403005   2.49227624
1475.00 -13.81757854   2.49728622
1476.00 -13.84114176   2.50230277
1477.00 -13.86471970   2.50732591
1478.00 -13.88831236   2.51235563
1479.00 -13.91191974   2.51739194
1480.00 -13.93554184   2.52243484
1481.00 -13.95917865   2.52748434
1482.00 -13.98283017   2.53254044
1483.00 -14.00649640   2.53760315
1484.00 -14.03017734   2.54267246
1485.00 -14.05387298   2.54774839
1486.00 -14.07758332   2.55283093
1487.00 -14.10130836   2.55792009
1488.00 -14.12504810   2.56301588
1489.00 -14.14880253   2.56811830
1490.00 -14.17257165   2.57322734
1491.00 -14.19635546   2.57834302
1492.00 -14.22015396   2.58346535
1493.00 -14.24396714   2.58859431
1494.00 -14.26779500   2.59372992
1495.00 -14.29163754   2.59887218
1496.00 -14.31549476   2.60402110
1497.00 -14.33936666   2.60917668
1498.00 -14.36325322   2.61433892
1499.00 -14.38715446   2.61950782
1500.00 -14.41107036   2.62468340
1501.00 -14.43500093   2.62986565
1502.00 -14.45894616   2.63505458
1503.00 -14.48290604   2.64025019
1504.00 -14.50688059   2.64545248
1505.00 -14.53086979   2.65066147
1506.00 -14.55487364   2.65587714
1507.00 -14.57889214   2.66109952
1508.00 -14.60292529   2.66632860
1509.00 -14.62697308   2.67156438
1510.00 -14.65103552   2.67680687
1511.00 -14.67511260   2.68205607
1512.00 -14.69920431   2.68731199
1513.00 -14.72331066   2.69257463
1514.00 -14.74743164   2.69784399
1515.00 -14.77156725   2.70312009
1516.00 -14.79571748   2.70840291
1517.00 -14.81988234   2.71369247
1518.00 -14.84406183   2.71898877
1519.00 -14.86825593   2.72429181
1520.00 -14.89246465   2.72960160
1521.00 -14.91668799   2.73491814
1522.00 -14.94092594   2.74024143
1523.00 -14.96517850   2.74557149
1524.00 -14.98944567   2.75090830
1525.00 -15.01372744   2.75625188
1526.00 -15.03802381   2.76160224
1527.00 -15.06233478   2.76695936
1528.00 -15.08666035   2.77232327
1529.00 -15.11100052   2.77769395
1530.00 -15.13535528   2.78307142
1531.00 -15.15972463   2.78845568
1532.00 -15.18410856   2.79384673
1533.00 -15.20850708   2.79924458
1534.00 -15.23292019   2.80464923
1535.00 -15.25734787   2.81006069
1536.00 -15.28179013   2.81547895
1537.00 -15.30624696   2.82090402
1538.00 -15.33071837   2.82633591
1539.00 -15.35520435   2.83177462
1540.00 -15.37970489   2.83722016
1541.00 -15.40422000   2.84267252
1542.00 -15.42874968   2.84813171
1543.00 -15.45329391   2.85359774
1544.00 -15.47785270   2.85907060
1545.00 -15.50242604   2.86455031
1546.00 -15.52701394   2.87003686
1547.00 -15.55161638   2.87553027
1548.00 -15.57623338   2.88103053
1549.00 -15.60086491   2.88653764
1550.00 -15.62551099   2.89205162
1551.00 -15.65017161   2.89757246
1552.00 -15.67484677   2.90310017
1553.00 -15.69953646   2.90863476
1554.00 -15.72424068   2.91417622
1555.00 -15.74895943   2.91972456
1556.00 -15.77369271   2.92527979
1557.00 -15.79844052   2.93084190
1558.00 -15.82320284   2.93641091
1559.00 -15.84797969   2.94198681
1560.00 -15.87277105   2.94756961
1561.00 -15.89757692   2.95315931
1562.00 -15.92239731   2.95875592
1563.00 -15.94723221   2.96435944
1564.00 -15.97208161   2.96996988
1565.00 -15.99694552   2.97558723
1566.00 -16.02182393   2.98121151
1567.00 -16.04671683   2.98684271
1568.00 -16.07162424   2.99248084
1569.00 -16.09654614   2.99812590
1570.00 -16.12148252   3.00377791
1571.00 -16.14643340   3.00943685
1572.00 -16.17139877   3.01510274
1573.00 -16.19637861   3.02077557
1574.00 -16.22137294   3.02645536
1575.00 -16.24638175   3.03214210
1576.00 -16.27140503   3.03783581
1577.00 -16.29644279   3.04353647
1578.00 -16.32149502   3.04924411
1579.00 -16.34656171   3.05495871
1580.00 -16.37164287   3.06068029
1581.00 -16.39673850   3.06640885
1582.00 -16.42184858   3.07214439
1583.00 -16.44697313   3.07788692
1584.00 -16.47211212   3.08363644
1585.00 -16.49726557   3.08939295
1586.00 -16.52243348   3.09515646
1587.00 -16.54761583   3.10092696
1588.00 -16.57281262   3.10670448
1589.00 -16.59802386   3.11248900
1590.00 -16.62324953   3.11828053
1591.00 -16.64848965   3.12407909
1592.00 -16.67374420   3.12988466
1593.00 -16.69901318   3.13569725
1594.00 -16.72429659   3.14151687
1595.00 -16.74959442   3.14734352
1596.00 -16.77490669   3.15317721
1597.00 -16.80023337   3.15901794
1598.00 -16.82557447   3.16486570
1599.00 -16.85092999   3.17072052
1600.00 -16.87629993   3.17658238
1601.00 -16.90168427   3.18245130
1602.00 -16.92708303   3.18832727
1603.00 -16.95249619   3.19421031
1604.00 -16.97792375   3.20010041
1605.00 -17.00336572   3.20599757
1606.00 -17.02882208   3.21190182
1607.00 -17.05429284   3.21781313
1608.00 -17.07977800   3.22373153
1609.00 -17.10527754   3.22965701
1610.00 -17.13079147   3.23558957
1611.00 -17.15631979   3.24152923
1612.00 -17.18186249   3.24747598
1613.00 -17.20741957   3.25342983
1614.00 -17.23299103   3.25939078
1615.00 -17.25857687   3.26535884
1616.00 -17.28417707   3.27133401
1617.00 -17.30979165   3.27731629
1618.00 -17.33542059   3.28330568
1619.00 -17.36106390   3.28930220
1620.00 -17.38672157   3.29530584
1621.00 -17.41239360   3.30131661
1622.00 -17.43807998   3.30733451
1623.00 -17.46378072   3.31335955
1624.00 -17.48949582   3.31939172
1625.00 -17.51522526   3.32543104
1626.00 -17.54096904   3.33147750
1627.00 -17.56672717   3.33753112
1628.00 -17.59249965   3.34359189
1629.00 -17.61828646   3.34965981
1630.00 -17.64408760   3.35573490
1631.00 -17.66990308   3.36181715
1632.00 -17.69573289   3.36790657
1633.00 -17.72157703   3.37400317
1634.00 -17.74743549   3.38010694
1635.00 -17.77330828   3.38621788
1636.00 -17.79919538   3.39233602
1637.00 -17.82509680   3.39846134
1638.00 -17.85101254   3.40459385
1639.00 -17.87694259   3.41073355
1640.00 -17.90288695   3.41688046
1641.00 -17.92884561   3.42303456
1642.00 -17.95481858   3.42919587
1643.00 -17.98080586   3.43536439
1644.00 -18.00680743   3.44154013
1645.00 -18.03282329   3.44772308
1646.00 -18.05885345   3.45391325
1647.00 -18.08489790   3.46011064
1648.00 -18.11095664   3.46631526
1649.00 -18.13702967   3.47252712
1650.00 -18.16311697   3.47874621
1651.00 -18.18921856   3.48497253
1652.00 -18.21533443   3.49120610
1653.00 -18.24146457   3.49744692
1654.00 -18.26760898   3.50369498
1655.00 -18.29376766   3.50995030
1656.00 -18.31994061   3.51621288
1657.00 -18.34612783   3.52248271
1658.00 -18.37232930   3.52875982
1659.00 -18.39854504   3.53504418
1660.00 -18.42477503   3.54133583
1661.00 -18.45101927   3.54763474
1662.00 -18.47727777   3.55394094
1663.00 -18.50355051   3.56025442
1664.00 -18.52983750   3.56657518
1665.00 -18.55613874   3.57290324
1666.00 -18.58245421   3.57923858
1667.00 -18.60878392   3.58558123
1668.00 -18.63512787   3.59193118
1669.00 -18.66148604   3.59828843
1670.00 -18.68785845   3.60465299
1671.00 -18.71424509   3.61102486
1672.00 -18.74064595   3.61740405
1673.00 -18.76706103   3.62379055
1674.00 -18.79349033   3.63018438
1675.00 -18.81993384   3.63658554
1676.00 -18.84639157   3.64299403
1677.00 -18.87286351   3.64940985
1678.00 -18.89934966   3.65583301
1679.00 -18.92585001   3.66226350
1680.00 -18.95236457   3.66870135
1681.00 -18.97889333   3.67514654
1682.00 -19.00543628   3.68159909
1683.00 -19.03199343   3.68805899
1684.00 -19.05856477   3.69452625
1685.00 -19.08515030   3.70100087
1686.00 -19.11175002   3.70748286
1687.00 -19.13836392   3.71397222
1688.00 -19.16499200   3.72046895
1689.00 -19.19163426   3.72697306
1690.00 -19.21829070   3.73348455
1691.00 -19.24496131   3.74000343
1692.00 -19.27164609   3.74652970
1693.00 -19.29834504   3.75306335
1694.00 -19.32505815   3.75960441
1695.00 -19.35178543   3.76615286
1696.00 -19.37852686   3.77270871
1697.00 -19.40528245   3.77927197
1698.00 -19.43205220   3.78584265
1699.00 -19.45883610   3.79242073
1700.00 -19.48563414   3.79900623
1701.00 -19.51244634   3.80559916
1702.00 -19.53927267   3.81219951
1703.00 -19.56611315   3.81880728
1704.00 -19.59296776   3.82542249
1705.00 -19.61983651   3.83204514
1706.00 -19.64671939   3.83867522
1707.00 -19.67361641   3.84531274
1708.00 -19.70052754   3.85195772
1709.00 -19.72745281   3.85861014
1710.00 -19.75439219   3.86527001
1711.00 -19.78134570   3.87193734
1712.00 -19.80831332   3.87861214
1713.00 -19.83529505   3.88529439
1714.00 -19.86229089   3.89198412
1715.00 -19.88930084   3.89868132
1716.00 -19.91632490   3.90538599
1717.00 -19.94336306   3.91209814
1718.00 -19.97041532   3.91881777
1719.00 -19.99748168   3.92554489
1720.00 -20.02456213   3.93227950
1721.00 -20.05165667   3.93902160
1722.00 -20.07876530   3.94577119
1723.00 -20.10588802   3.95252829
1724.00 -20.13302482   3.95929289
1725.00 -20.16017570   3.96606500
1726.00 -20.18734065   3.97284462
1727.00 -20.21451969   3.97963175
1728.00 -20.24171279   3.98642641
1729.00 -20.26891997   3.99322858
1730.00 -20.29614121   4.00003828
1731.00 -20.32337652   4.00685551
1732.00 -20.35062589   4.01368027
1733.00 -20.37788931   4.02051256
1734.00 -20.40516680   4.02735240
1735.00 -20.43245833   4.03419978
1736.00 -20.45976392   4.04105471
1737.00 -20.48708355   4.04791718
1738.00 -20.51441723   4.05478721
1739.00 -20.54176495   4.06166480
1740.00 -20.56912671   4.06854995
1741.00 -20.59650250   4.07544266
1742.00 -20.62389233   4.08234294
1743.00 -20.65129619   4.08925079
1744.00 -20.67871408   4.09616622
1745.00 -20.70614600   4.10308923
1746.00 -20.73359194   4.11001982
1747.00 -20.76105189   4.11695799
1748.00 -20.78852587   4.12390376
1749.00 -20.81601386   4.13085712
1750.00 -20.84351586   4.13781807
1751.00 -20.87103187   4.14478663
1752.00 -20.89856188   4.15176278
1753.00 -20.92610590   4.15874655
1754.00 -20.95366392   4.16573793
1755.00 -20.98123594   4.17273692
1756.00 -21.00882195   4.17974352
1757.00 -21.03642195   4.18675775
1758.00 -21.06403595   4.19377961
1759.00 -21.09166393   4.20080909
1760.00 -21.11930589   4.20784621
1761.00 -21.14696184   4.21489096
1762.00 -21.17463176   4.22194335
1763.00 -21.20231566   4.22900338
1764.00 -21.23001353   4.23607106
1765.00 -21.25772537   4.24314639
1766.00 -21.28545118   4.25022937
1767.00 -21.31319096   4.25732001
1768.00 -21.34094469   4.26441831
1769.00 -21.36871238   4.27152428
1770.00 -21.39649403   4.27863791
1771.00 -21.42428964   4.28575921
1772.00 -21.45209919   4.29288818
1773.00 -21.47992269   4.30002484
1774.00 -21.50776014   4.30716917
1775.00 -21.53561152   4.31432120
1776.00 -21.56347685   4.32148090
1777.00 -21.59135611   4.32864831
1778.00 -21.61924931   4.33582340
1779.00 -21.64715644   4.34300620
1780.00 -21.67507749   4.35019670
1781.00 -21.70301247   4.35739490
1782.00 -21.73096138   4.36460082
1783.00 -21.75892420   4.37181445
1784.00 -21.78690094   4.37903579
1785.00 -21.81489159   4.38626486
1786.00 -21.84289616   4.39350164
1787.00 -21.87091463   4.40074616
1788.00 -21.89894701   4.40799841
1789.00 -21.92699329   4.41525839
1790.00 -21.95505347   4.42252610
1791.00 -21.98312755   4.42980156
1792.00 -22.01121552   4.43708477
1793.00 -22.03931738   4.44437572
1794.00 -22.06743314   4.45167443
1795.00 -22.09556277   4.45898088
1796.00 -22.12370629   4.46629510
1797.00 -22.15186370   4.47361708
1798.00 -22.18003497   4.48094683
1799.00 -22.20822013   4.48828435
1800.00 -22.23641915   4.49562963
1801.00 -22.26463204   4.50298270
1802.00 -22.29285880   4.51034354
1803.00 -22.32109943   4.51771217
1804.00 -22.34935391   4.52508858
1805.00 -22.37762225   4.53247279
1806.00 -22.40590444   4.53986478
1807.00 -22.43420049   4.54726458
1808.00 -22.46251038   4.55467217
1809.00 -22.49083413   4.56208757
1810.00 -22.51917171   4.56951078
1811.00 -22.54752314   4.57694180
1812.00 -22.57588840   4.58438063
1813.00 -22.60426750   4.59182728
1814.00 -22.63266043   4.59928175
1815.00 -22.66106719   4.60674405
1816.00 -22.68948777   4.61421417
1817.00 -22.71792218   4.62169213
1818.00 -22.74637041   4.62917792
1819.00 -22.77483245   4.63667156
1820.00 -22.80330832   4.64417303
1821.00 -22.83179799   4.65168235
1822.00 -22.86030147   4.65919952
1823.00 -22.88881876   4.66672454
1824.00 -22.91734985   4.67425741
1825.00 -22.94589475   4.68179815
1826.00 -22.97445344   4.68934675
1827.00 -23.00302592   4.69690322
1828.00 -23.03161220   4.70446755
1829.00 -23.06021227   4.71203976
1830.00 -23.08882612   4.71961985
1831.00 -23.11745376   4.72720781
1832.00 -23.14609517   4.73480366
1833.00 -23.17475037   4.74240740
1834.00 -23.20341934   4.75001903
1835.00 -23.23210208   4.75763855
1836.00 -23.26079859   4.76526597
1837.00 -23.28950887   4.77290129
1838.00 -23.31823291   4.78054452
1839.00 -23.34697071   4.78819565
1840.00 -23.37572227   4.79585470
1841.00 -23.40448758   4.80352165
1842.00 -23.43326664   4.81119653
1843.00 -23.46205946   4.81887933
1844.00 -23.49086602   4.82657005
1845.00 -23.51968632   4.83426871
1846.00 -23.54852036   4.84197529
1847.00 -23.57736815   4.84968981
1848.00 -23.60622966   4.85741227
1849.00 -23.63510491   4.86514267
1850.00 -23.66399388   4.87288102
1851.00 -23.69289659   4.88062731
1852.00 -23.72181301   4.88838156
1853.00 -23.75074316   4.89614376
1854.00 -23.77968702   4.90391393
1855.00 -23.80864460   4.91169205
1856.00 -23.83761589   4.91947814
1857.00 -23.86660088   4.92727220
1858.00 -23.89559959   4.93507424
1859.00 -23.92461199   4.94288425
1860.00 -23.95363810   4.95070224
1861.00 -23.98267790   4.95852821
1862.00 -24.01173140   4.96636218
1863.00 -24.04079859   4.97420413
1864.00 -24.06987946   4.98205407
1865.00 -24.09897403   4.98991201
1866.00 -24.12808227   4.99777795
1867.00 -24.15720420   5.00565190
1868.00 -24.18633980   5.01353385
1869.00 -24.21548907   5.02142381
1870.00 -24.24465202   5.02932179
1871.00 -24.27382863   5.03722778
1872.00 -24.30301891   5.04514180
1873.00 -24.33222285   5.05306384
1874.00 -24.36144045   5.06099390
1875.00 -24.39067171   5.06893200
1876.00 -24.41991662   5.07687813
1877.00 -24.44917518   5.08483230
1878.00 -24.47844739   5.09279451
1879.00 -24.50773325   5.10076476
1880.00 -24.53703274   5.10874306
1881.00 -24.56634588   5.11672942
1882.00 -24.59567265   5.12472383
1883.00 -24.62501305   5.13272629
1884.00 -24.65436709   5.14073682
1885.00 -24.68373475   5.14875541
1886.00 -24.71311603   5.15678207
1887.00 -24.74251094   5.16481680
1888.00 -24.77191947   5.17285961
1889.00 -24.80134161   5.18091049
1890.00 -24.83077736   5.18896946
1891.00 -24.86022672   5.19703651
1892.00 -24.88968969   5.20511165
1893.00 -24.91916627   5.21319488
1894.00 -24.94865644   5.22128621
1895.00 -24.97816022   5.22938564
1896.00 -25.00767759   5.23749316
1897.00 -25.03720855   5.24560880
1898.00 -25.06675310   5.25373254
1899.00 -25.09631123   5.26186439
1900.00 -25.12588295   5.27000436
1901.00 -25.15546825   5.27815245
1902.00 -25.18506713   5.28630865
1903.00 -25.21467958   5.29447299
1904.00 -25.24430560   5.30264545
1905.00 -25.27394519   5.31082605
1906.00 -25.30359835   5.31901478
1907.00 -25.33326507   5.32721165
1908.00 -25.36294535   5.33541666
1909.00 -25.39263919   5.34362982
1910.00 -25.42234658   5.35185112
1911.00 -25.45206752   5.36008058
1912.00 -25.48180201   5.36831819
1913.00 -25.51155005   5.37656397
1914.00 -25.54131162   5.38481790
1915.00 -25.57108674   5.39308000
1916.00 -25.60087539   5.40135027
1917.00 -25.63067758   5.40962871
1918.00 -25.66049330   5.41791533
1919.00 -25.69032254   5.42621013
1920.00 -25.72016531   5.43451311
1921.00 -25.75002160   5.44282427
1922.00 -25.77989140   5.45114362
1923.00 -25.80977473   5.45947117
1924.00 -25.83967156   5.46780691
1925.00 -25.86958191   5.47615085
1926.00 -25.89950576   5.48450299
1927.00 -25.92944312   5.49286334
1928.00 -25.95939397   5.50123190
1929.00 -25.98935833   5.50960867
1930.00 -26.01933618   5.51799365
1931.00 -26.04932752   5.52638685
1932.00 -26.07933235   5.53478828
1933.00 -26.10935066   5.54319793
1934.00 -26.13938246   5.55161581
1935.00 -26.16942774   5.56004192
1936.00 -26.19948650   5.56847627
1937.00 -26.22955873   5.57691886
1938.00 -26.25964443   5.58536969
1939.00 -26.28974360   5.59382876
1940.00 -26.31985623   5.60229608
1941.00 -26.34998232   5.61077166
1942.00 -26.38012188   5.61925549
1943.00 -26.41027489   5.62774758
1944.00 -26.44044135   5.63624793
1945.00 -26.47062127   5.64475654
1946.00 -26.50081463   5.65327343
1947.00 -26.53102144   5.66179858
1948.00 -26.56124168   5.67033201
1949.00 -26.59147537   5.67887372
1950.00 -26.62172249   5.68742371
1951.00 -26.65198304   5.69598199
1952.00 -26.68225702   5.70454856
1953.00 -26.71254443   5.71312341
1954.00 -26.74284526   5.72170656
1955.00 -26.77315951   5.73029801
1956.00 -26.80348718   5.73889776
1957.00 -26.83382826   5.74750582
1958.00 -26.86418276   5.75612218
1959.00 -26.89455066   5.76474686
1960.00 -26.92493197   5.77337985
1961.00 -26.95532668   5.78202116
1962.00 -26.98573479   5.79067078
1963.00 -27.01615629   5.79932874
1964.00 -27.04659119   5.80799502
1965.00 -27.07703948   5.81666963
1966.00 -27.10750116   5.82535258
1967.00 -27.13797622   5.83404386
1968.00 -27.16846466   5.84274348
1969.00 -27.19896648   5.85145145
1970.00 -27.22948168   5.86016777
1971.00 -27.26001025   5.86889244
1972.00 -27.29055219   5.87762546
1973.00 -27.32110749   5.88636683
1974.00 -27.35167616   5.89511657
1975.00 -27.38225818   5.90387467
1976.00 -27.41285357   5.91264114
1977.00 -27.44346231   5.92141598
1978.00 -27.47408440   5.93019920
1979.00 -27.50471983   5.93899078
1980.00 -27.53536862   5.94779075
1981.00 -27.56603074   5.95659911
1982.00 -27.59670621   5.96541584
1983.00 -27.62739501   5.97424097
1984.00 -27.65809714   5.98307450
1985.00 -27.68881260   5.99191641
1986.00 -27.71954139   6.00076673
1987.00 -27.75028351   6.00962545
1988.00 -27.78103894   6.01849258
1989.00 -27.81180770   6.02736811
1990.00 -27.84258976   6.03625206
1991.00 -27.87338514   6.04514442
1992.00 -27.90419383   6.05404521
1993.00 -27.93501583   6.06295441
1994.00 -27.96585112   6.07187204
1995.00 -27.99669972   6.08079810
1996.00 -28.02756162   6.08973259
1997.00 -28.05843680   6.09867552
1998.00 -28.08932528   6.10762688
1999.00 -28.12022705   6.11658669
2000.00 -28.15114210   6.12555494
