wavelength(nm)         real         imag
200.00   3.57356593   0.00623875
201.00   3.57029463   0.00633277
202.00   3.56700704   0.00642774
203.00   3.56370317   0.00652365
204.00   3.56038300   0.00662051
205.00   3.55704654   0.00671832
206.00   3.55369379   0.00681710
207.00   3.55032475   0.00691683
208.00   3.54693942   0.00701753
209.00   3.54353781   0.00711921
210.00   3.54011990   0.00722186
211.00   3.53668571   0.00732549
212.00   3.53323523   0.00743011
213.00   3.52976846   0.00753572
214.00   3.52628540   0.00764233
215.00   3.52278606   0.00774994
216.00   3.51927043   0.00785855
217.00   3.51573851   0.00796817
218.00   3.51219031   0.00807880
219.00   3.50862583   0.00819046
220.00   3.50504505   0.00830314
221.00   3.50144800   0.00841684
222.00   3.49783466   0.00853158
223.00   3.49420504   0.00864736
224.00   3.49055913   0.00876418
225.00   3.48689694   0.00888204
226.00   3.48321847   0.00900096
227.00   3.47952372   0.00912093
228.00   3.47581268   0.00924197
229.00   3.47208536   0.00936407
230.00   3.46834177   0.00948724
231.00   3.46458189   0.00961148
232.00   3.46080573   0.00973681
233.00   3.45701329   0.00986322
234.00   3.45320458   0.00999071
235.00   3.44937958   0.01011930
236.00   3.44553831   0.01024899
237.00   3.44168076   0.01037979
238.00   3.43780693   0.01051168
239.00   3.43391682   0.01064470
240.00   3.43001044   0.01077882
241.00   3.42608778   0.01091407
242.00   3.42214885   0.01105045
243.00   3.41819364   0.01118796
244.00   3.41422215   0.01132660
245.00   3.41023439   0.01146638
246.00   3.40623036   0.01160731
247.00   3.40221005   0.01174938
248.00   3.39817347   0.01189261
249.00   3.39412062   0.01203700
250.00   3.39005149   0.01218255
251.00   3.38596610   0.01232927
252.00   3.38186443   0.01247716
253.00   3.37774649   0.01262623
254.00   3.37361228   0.01277649
255.00   3.36946180   0.01292792
256.00   3.36529505   0.01308055
257.00   3.36111203   0.01323438
258.00   3.35691275   0.01338940
259.00   3.35269719   0.01354564
260.00   3.34846537   0.01370308
261.00   3.34421728   0.01386173
262.00   3.33995292   0.01402161
263.00   3.33567230   0.01418270
264.00   3.33137541   0.01434503
265.00   3.32706225   0.01450859
266.00   3.32273283   0.01467339
267.00   3.31838715   0.01483943
268.00   3.31402520   0.01500672
269.00   3.30964699   0.01517525
270.00   3.30525251   0.01534505
271.00   3.30084178   0.01551611
272.00   3.29641478   0.01568843
273.00   3.29197152   0.01586202
274.00   3.28751199   0.01603689
275.00   3.28303621   0.01621303
276.00   3.27854417   0.01639047
277.00   3.27403587   0.01656919
278.00   3.26951130   0.01674920
279.00   3.26497048   0.01693051
280.00   3.26041340   0.01711312
281.00   3.25584007   0.01729705
282.00   3.25125048   0.01748228
283.00   3.24664463   0.01766883
284.00   3.24202252   0.01785670
285.00   3.23738416   0.01804590
286.00   3.23272954   0.01823643
287.00   3.22805867   0.01842830
288.00   3.22337154   0.01862150
289.00   3.21866816   0.01881605
290.00   3.21394853   0.01901195
291.00   3.20921265   0.01920920
292.00   3.20446051   0.01940781
293.00   3.19969212   0.01960779
294.00   3.19490748   0.01980913
295.00   3.19010659   0.02001184
296.00   3.18528945   0.02021594
297.00   3.18045606   0.02042141
298.00   3.17560642   0.02062827
299.00   3.17074054   0.02083652
300.00   3.16585840   0.02104617
301.00   3.16096002   0.02125721
302.00   3.15604539   0.02146967
303.00   3.15111452   0.02168353
304.00   3.14616740   0.02189881
305.00   3.14120403   0.02211550
306.00   3.13622442   0.02233362
307.00   3.13122857   0.02255317
308.00   3.12621647   0.02277415
309.00   3.12118813   0.02299657
310.00   3.11614354   0.02322043
311.00   3.11108272   0.02344573
312.00   3.10600565   0.02367249
313.00   3.10091234   0.02390070
314.00   3.09580280   0.02413038
315.00   3.09067701   0.02436152
316.00   3.08553498   0.02459413
317.00   3.08037672   0.02482821
318.00   3.07520222   0.02506378
319.00   3.07001147   0.02530083
320.00   3.06480450   0.02553936
321.00   3.05958128   0.02577939
322.00   3.05434184   0.02602092
323.00   3.04908615   0.02626395
324.00   3.04381423   0.02650849
325.00   3.03852608   0.02675454
326.00   3.03322169   0.02700210
327.00   3.02790107   0.02725119
328.00   3.02256422   0.02750180
329.00   3.01721114   0.02775394
330.00   3.01184183   0.02800762
331.00   3.00645628   0.02826284
332.00   3.00105451   0.02851960
333.00   2.99563650   0.02877791
334.00   2.99020227   0.02903777
335.00   2.98475181   0.02929919
336.00   2.97928512   0.02956217
337.00   2.97380221   0.02982673
338.00   2.96830307   0.03009285
339.00   2.96278770   0.03036055
340.00   2.95725611   0.03062983
341.00   2.95170829   0.03090070
342.00   2.94614425   0.03117315
343.00   2.94056398   0.03144721
344.00   2.93496750   0.03172286
345.00   2.92935479   0.03200012
346.00   2.92372586   0.03227898
347.00   2.91808071   0.03255946
348.00   2.91241934   0.03284156
349.00   2.90674175   0.03312528
350.00   2.90104794   0.03341063
351.00   2.89533791   0.03369761
352.00   2.88961166   0.03398622
353.00   2.88386920   0.03427648
354.00   2.87811052   0.03456839
355.00   2.87233562   0.03486194
356.00   2.86654451   0.03515715
357.00   2.86073719   0.03545402
358.00   2.85491365   0.03575256
359.00   2.84907389   0.03605276
360.00   2.84321793   0.03635464
361.00   2.83734575   0.03665820
362.00   2.83145736   0.03696344
363.00   2.82555276   0.03727037
364.00   2.81963195   0.03757899
365.00   2.81369493   0.03788930
366.00   2.80774170   0.03820132
367.00   2.80177227   0.03851504
368.00   2.79578662   0.03883048
369.00   2.78978477   0.03914763
370.00   2.78376672   0.03946650
371.00   2.77773245   0.03978710
372.00   2.77168198   0.04010942
373.00   2.76561531   0.04043348
374.00   2.75953244   0.04075928
375.00   2.75343336   0.04108682
376.00   2.74731808   0.04141611
377.00   2.74118660   0.04174715
378.00   2.73503891   0.04207994
379.00   2.72887503   0.04241450
380.00   2.72269495   0.04275083
381.00   2.71649866   0.04308893
382.00   2.71028618   0.04342880
383.00   2.70405751   0.04377045
384.00   2.69781263   0.04411389
385.00   2.69155156   0.04445911
386.00   2.68527429   0.04480613
387.00   2.67898083   0.04515495
388.00   2.67267118   0.04550557
389.00   2.66634533   0.04585800
390.00   2.66000329   0.04621225
391.00   2.65364505   0.04656831
392.00   2.64727063   0.04692619
393.00   2.64088001   0.04728589
394.00   2.63447321   0.04764743
395.00   2.62805021   0.04801081
396.00   2.62161103   0.04837602
397.00   2.61515566   0.04874308
398.00   2.60868410   0.04911199
399.00   2.60219635   0.04948275
400.00   2.59569242   0.04985537
401.00   2.58917231   0.05022985
402.00   2.58263601   0.05060621
403.00   2.57608352   0.05098443
404.00   2.56951485   0.05136453
405.00   2.56293001   0.05174651
406.00   2.55632898   0.05213038
407.00   2.54971176   0.05251614
408.00   2.54307837   0.05290380
409.00   2.53642880   0.05329335
410.00   2.52976305   0.05368482
411.00   2.52308113   0.05407819
412.00   2.51638302   0.05447347
413.00   2.50966874   0.05487067
414.00   2.50293828   0.05526980
415.00   2.49619165   0.05567085
416.00   2.48942885   0.05607384
417.00   2.48264987   0.05647876
418.00   2.47585472   0.05688562
419.00   2.46904339   0.05729443
420.00   2.46221590   0.05770519
421.00   2.45537223   0.05811791
422.00   2.44851240   0.05853259
423.00   2.44163640   0.05894923
424.00   2.43474422   0.05936784
425.00   2.42783588   0.05978842
426.00   2.42091138   0.06021098
427.00   2.41397070   0.06063553
428.00   2.40701387   0.06106206
429.00   2.40004086   0.06149059
430.00   2.39305170   0.06192111
431.00   2.38604637   0.06235364
432.00   2.37902488   0.06278817
433.00   2.37198723   0.06322471
434.00   2.36493341   0.06366326
435.00   2.35786344   0.06410384
436.00   2.35077731   0.06454644
437.00   2.34367502   0.06499107
438.00   2.33655657   0.06543773
439.00   2.32942196   0.06588643
440.00   2.32227120   0.06633717
441.00   2.31510429   0.06678996
442.00   2.30792122   0.06724481
443.00   2.30072199   0.06770171
444.00   2.29350661   0.06816067
445.00   2.28627508   0.06862170
446.00   2.27902740   0.06908479
447.00   2.27176357   0.06954997
448.00   2.26448359   0.07001722
449.00   2.25718746   0.07048655
450.00   2.24987518   0.07095798
451.00   2.24254676   0.07143150
452.00   2.23520219   0.07190712
453.00   2.22784147   0.07238483
454.00   2.22046461   0.07286466
455.00   2.21307160   0.07334660
456.00   2.20566245   0.07383065
457.00   2.19823716   0.07431683
458.00   2.19079572   0.07480513
459.00   2.18333815   0.07529556
460.00   2.17586443   0.07578813
461.00   2.16837458   0.07628283
462.00   2.16086859   0.07677968
463.00   2.15334646   0.07727868
464.00   2.14580819   0.07777983
465.00   2.13825378   0.07828314
466.00   2.13068325   0.07878861
467.00   2.12309657   0.07929625
468.00   2.11549377   0.07980606
469.00   2.10787483   0.08031804
470.00   2.10023976   0.08083221
471.00   2.09258855   0.08134856
472.00   2.08492122   0.08186710
473.00   2.07723776   0.08238784
474.00   2.06953817   0.08291077
475.00   2.06182245   0.08343591
476.00   2.05409061   0.08396326
477.00   2.04634263   0.08449281
478.00   2.03857854   0.08502459
479.00   2.03079832   0.08555859
480.00   2.02300197   0.08609481
481.00   2.01518951   0.08663327
482.00   2.00736092   0.08717396
483.00   1.99951621   0.08771689
484.00   1.99165538   0.08826207
485.00   1.98377843   0.08880949
486.00   1.97588537   0.08935917
487.00   1.96797618   0.08991111
488.00   1.96005088   0.09046531
489.00   1.95210946   0.09102178
490.00   1.94415193   0.09158053
491.00   1.93617829   0.09214154
492.00   1.92818853   0.09270484
493.00   1.92018266   0.09327043
494.00   1.91216067   0.09383831
495.00   1.90412258   0.09440848
496.00   1.89606838   0.09498095
497.00   1.88799806   0.09555573
498.00   1.87991164   0.09613281
499.00   1.87180912   0.09671221
500.00   1.86369048   0.09729393
501.00   1.85555575   0.09787797
502.00   1.84740490   0.09846433
503.00   1.83923796   0.09905303
504.00   1.83105491   0.09964406
505.00   1.82285576   0.10023744
506.00   1.81464051   0.10083316
507.00   1.80640916   0.10143123
508.00   1.79816170   0.10203166
509.00   1.78989816   0.10263444
510.00   1.78161851   0.10323959
511.00   1.77332277   0.10384711
512.00   1.76501093   0.10445700
513.00   1.75668300   0.10506927
514.00   1.74833897   0.10568392
515.00   1.73997885   0.10630095
516.00   1.73160264   0.10692038
517.00   1.72321034   0.10754221
518.00   1.71480195   0.10816643
519.00   1.70637747   0.10879306
520.00   1.69793690   0.10942210
521.00   1.68948025   0.11005355
522.00   1.68100750   0.11068742
523.00   1.67251868   0.11132372
524.00   1.66401376   0.11196244
525.00   1.65549277   0.11260359
526.00   1.64695569   0.11324718
527.00   1.63840253   0.11389322
528.00   1.62983329   0.11454170
529.00   1.62124797   0.11519262
530.00   1.61264657   0.11584601
531.00   1.60402909   0.11650185
532.00   1.59539554   0.11716016
533.00   1.58674591   0.11782094
534.00   1.57808020   0.11848419
535.00   1.56939842   0.11914992
536.00   1.56070057   0.11981813
537.00   1.55198664   0.12048883
538.00   1.54325664   0.12116202
539.00   1.53451058   0.12183770
540.00   1.52574844   0.12251589
541.00   1.51697023   0.12319658
542.00   1.50817596   0.12387979
543.00   1.49936562   0.12456550
544.00   1.49053921   0.12525374
545.00   1.48169674   0.12594450
546.00   1.47283821   0.12663778
547.00   1.46396361   0.12733360
548.00   1.45507296   0.12803196
549.00   1.44616624   0.12873286
550.00   1.43724346   0.12943630
551.00   1.42830462   0.13014230
552.00   1.41934972   0.13085085
553.00   1.41037877   0.13156196
554.00   1.40139176   0.13227564
555.00   1.39238870   0.13299188
556.00   1.38336958   0.13371070
557.00   1.37433441   0.13443210
558.00   1.36528318   0.13515608
559.00   1.35621591   0.13588264
560.00   1.34713259   0.13661180
561.00   1.33803321   0.13734356
562.00   1.32891779   0.13807791
563.00   1.31978632   0.13881487
564.00   1.31063881   0.13955444
565.00   1.30147525   0.14029663
566.00   1.29229564   0.14104143
567.00   1.28309999   0.14178886
568.00   1.27388830   0.14253892
569.00   1.26466057   0.14329161
570.00   1.25541680   0.14404694
571.00   1.24615699   0.14480490
572.00   1.23688114   0.14556552
573.00   1.22758926   0.14632878
574.00   1.21828134   0.14709471
575.00   1.20895738   0.14786329
576.00   1.19961739   0.14863453
577.00   1.19026137   0.14940845
578.00   1.18088931   0.15018503
579.00   1.17150122   0.15096430
580.00   1.16209711   0.15174625
581.00   1.15267696   0.15253089
582.00   1.14324078   0.15331821
583.00   1.13378858   0.15410824
584.00   1.12432036   0.15490096
585.00   1.11483610   0.15569639
586.00   1.10533583   0.15649454
587.00   1.09581953   0.15729539
588.00   1.08628721   0.15809896
589.00   1.07673887   0.15890526
590.00   1.06717451   0.15971429
591.00   1.05759413   0.16052605
592.00   1.04799773   0.16134054
593.00   1.03838532   0.16215778
594.00   1.02875689   0.16297776
595.00   1.01911244   0.16380049
596.00   1.00945198   0.16462598
597.00   0.99977551   0.16545423
598.00   0.99008303   0.16628525
599.00   0.98037454   0.16711903
600.00   0.97065004   0.16795558
601.00   0.96090953   0.16879492
602.00   0.95115301   0.16963703
603.00   0.94138049   0.17048193
604.00   0.93159196   0.17132963
605.00   0.92178743   0.17218012
606.00   0.91196689   0.17303341
607.00   0.90213036   0.17388950
608.00   0.89227782   0.17474841
609.00   0.88240928   0.17561013
610.00   0.87252474   0.17647467
611.00   0.86262421   0.17734203
612.00   0.85270768   0.17821222
613.00   0.84277516   0.17908524
614.00   0.83282664   0.17996110
615.00   0.82286212   0.18083979
616.00   0.81288162   0.18172134
617.00   0.80288512   0.18260573
618.00   0.79287263   0.18349298
619.00   0.78284416   0.18438309
620.00   0.77279969   0.18527607
621.00   0.76273924   0.18617191
622.00   0.75266281   0.18707062
623.00   0.74257039   0.18797221
624.00   0.73246198   0.18887669
625.00   0.72233760   0.18978405
626.00   0.71219723   0.19069430
627.00   0.70204088   0.19160745
628.00   0.69186855   0.19252349
629.00   0.68168025   0.19344244
630.00   0.67147596   0.19436430
631.00   0.66125571   0.19528908
632.00   0.65101947   0.19621677
633.00   0.64076727   0.19714738
634.00   0.63049909   0.19808092
635.00   0.62021494   0.19901740
636.00   0.60991482   0.19995681
637.00   0.59959873   0.20089916
638.00   0.58926667   0.20184445
639.00   0.57891865   0.20279269
640.00   0.56855466   0.20374389
641.00   0.55817470   0.20469805
642.00   0.54777878   0.20565517
643.00   0.53736690   0.20661526
644.00   0.52693906   0.20757832
645.00   0.51649526   0.20854435
646.00   0.50603550   0.20951337
647.00   0.49555978   0.21048538
648.00   0.48506810   0.21146037
649.00   0.47456047   0.21243836
650.00   0.46403689   0.21341935
651.00   0.45349735   0.21440334
652.00   0.44294186   0.21539034
653.00   0.43237041   0.21638035
654.00   0.42178302   0.21737338
655.00   0.41117968   0.21836943
656.00   0.40056039   0.21936851
657.00   0.38992516   0.22037061
658.00   0.37927398   0.22137576
659.00   0.36860685   0.22238394
660.00   0.35792378   0.22339517
661.00   0.34722478   0.22440944
662.00   0.33650983   0.22542677
663.00   0.32577894   0.22644716
664.00   0.31503211   0.22747061
665.00   0.30426934   0.22849712
666.00   0.29349064   0.22952671
667.00   0.28269601   0.23055937
668.00   0.27188544   0.23159511
669.00   0.26105893   0.23263394
670.00   0.25021650   0.23367585
671.00   0.23935814   0.23472086
672.00   0.22848384   0.23576897
673.00   0.21759362   0.23682018
674.00   0.20668748   0.23787450
675.00   0.19576540   0.23893193
676.00   0.18482741   0.23999247
677.00   0.17387349   0.24105614
678.00   0.16290365   0.24212293
679.00   0.15191788   0.24319285
680.00   0.14091620   0.24426591
681.00   0.12989860   0.24534210
682.00   0.11886508   0.24642144
683.00   0.10781565   0.24750392
684.00   0.09675030   0.24858955
685.00   0.08566904   0.24967835
686.00   0.07457187   0.25077030
687.00   0.06345878   0.25186542
688.00   0.05232978   0.25296371
689.00   0.04118488   0.25406517
690.00   0.03002407   0.25516981
691.00   0.01884735   0.25627763
692.00   0.00765473   0.25738865
693.00  -0.00355380   0.25850285
694.00  -0.01477823   0.25962025
695.00  -0.02601856   0.26074086
696.00  -0.03727479   0.26186466
697.00  -0.04854692   0.26299168
698.00  -0.05983495   0.26412192
699.00  -0.07113888   0.26525537
700.00  -0.08245870   0.26639205
701.00  -0.09379441   0.26753195
702.00  -0.10514602   0.26867509
703.00  -0.11651352   0.26982146
704.00  -0.12789691   0.27097108
705.00  -0.13929619   0.27212394
706.00  -0.15071136   0.27328005
707.00  -0.16214241   0.27443942
708.00  -0.17358935   0.27560205
709.00  -0.18505217   0.27676794
710.00  -0.19653088   0.27793710
711.00  -0.20802547   0.27910953
712.00  -0.21953594   0.28028524
713.00  -0.23106229   0.28146423
714.00  -0.24260451   0.28264651
715.00  -0.25416262   0.28383207
716.00  -0.26573660   0.28502094
717.00  -0.27732645   0.28621310
718.00  -0.28893218   0.28740857
719.00  -0.30055378   0.28860734
720.00  -0.31219125   0.28980943
721.00  -0.32384459   0.29101484
722.00  -0.33551379   0.29222356
723.00  -0.34719887   0.29343562
724.00  -0.35889981   0.29465100
725.00  -0.37061661   0.29586972
726.00  -0.38234928   0.29709178
727.00  -0.39409780   0.29831719
728.00  -0.40586219   0.29954594
729.00  -0.41764244   0.30077805
730.00  -0.42943855   0.30201351
731.00  -0.44125051   0.30325234
732.00  -0.45307833   0.30449453
733.00  -0.46492200   0.30574009
734.00  -0.47678153   0.30698903
735.00  -0.48865690   0.30824135
736.00  -0.50054813   0.30949706
737.00  -0.51245521   0.31075615
738.00  -0.52437813   0.31201864
739.00  -0.53631690   0.31328452
740.00  -0.54827152   0.31455380
741.00  -0.56024198   0.31582650
742.00  -0.57222828   0.31710260
743.00  -0.58423042   0.31838212
744.00  -0.59624840   0.31966506
745.00  -0.60828223   0.32095142
746.00  -0.62033188   0.32224121
747.00  -0.63239738   0.32353444
748.00  -0.64447871   0.32483110
749.00  -0.65657587   0.32613121
750.00  -0.66868887   0.32743476
751.00  -0.68081770   0.32874176
752.00  -0.69296235   0.33005222
753.00  -0.70512284   0.33136614
754.00  -0.71729915   0.33268352
755.00  -0.72949129   0.33400438
756.00  -0.74169925   0.33532870
757.00  -0.75392303   0.33665650
758.00  -0.76616264   0.33798779
759.00  -0.77841806   0.33932256
760.00  -0.79068931   0.34066083
761.00  -0.80297637   0.34200258
762.00  -0.81527925   0.34334784
763.00  -0.82759794   0.34469661
764.00  -0.83993245   0.34604888
765.00  -0.85228277   0.34740466
766.00  -0.86464891   0.34876397
767.00  -0.87703085   0.35012679
768.00  -0.88942860   0.35149314
769.00  -0.90184215   0.35286303
770.00  -0.91427152   0.35423644
771.00  -0.92671668   0.35561340
772.00  -0.93917765   0.35699390
773.00  -0.95165442   0.35837795
774.00  -0.96414700   0.35976556
775.00  -0.97665537   0.36115672
776.00  -0.98917954   0.36255144
777.00  -1.00171950   0.36394974
778.00  -1.01427526   0.36535160
779.00  -1.02684681   0.36675703
780.00  -1.03943416   0.36816605
781.00  -1.05203730   0.36957865
782.00  -1.06465622   0.37099484
783.00  -1.07729094   0.37241462
784.00  -1.08994144   0.37383800
785.00  -1.10260772   0.37526498
786.00  -1.11528979   0.37669557
787.00  -1.12798765   0.37812977
788.00  -1.14070128   0.37956758
789.00  -1.15343070   0.38100901
790.00  -1.16617589   0.38245407
791.00  -1.17893686   0.38390276
792.00  -1.19171361   0.38535508
793.00  -1.20450613   0.38681103
794.00  -1.21731442   0.38827063
795.00  -1.23013849   0.38973387
796.00  -1.24297832   0.39120076
797.00  -1.25583393   0.39267131
798.00  -1.26870530   0.39414552
799.00  -1.28159244   0.39562339
800.00  -1.29449534   0.39710493
801.00  -1.30741401   0.39859015
802.00  -1.32034844   0.40007903
803.00  -1.33329863   0.40157161
804.00  -1.34626458   0.40306786
805.00  -1.35924628   0.40456781
806.00  -1.37224374   0.40607145
807.00  -1.38525696   0.40757879
808.00  -1.39828593   0.40908983
809.00  -1.41133066   0.41060459
810.00  -1.42439113   0.41212305
811.00  -1.43746736   0.41364523
812.00  -1.45055933   0.41517113
813.00  -1.46366705   0.41670076
814.00  -1.47679051   0.41823411
815.00  -1.48992972   0.41977121
816.00  -1.50308467   0.42131204
817.00  -1.51625536   0.42285661
818.00  -1.52944179   0.42440493
819.00  -1.54264396   0.42595700
820.00  -1.55586187   0.42751283
821.00  -1.56909551   0.42907242
822.00  -1.58234488   0.43063577
823.00  -1.59560999   0.43220290
824.00  -1.60889083   0.43377379
825.00  -1.62218739   0.43534847
826.00  -1.63549969   0.43692693
827.00  -1.64882771   0.43850917
828.00  -1.66217146   0.44009521
829.00  -1.67553093   0.44168504
830.00  -1.68890613   0.44327868
831.00  -1.70229704   0.44487611
832.00  -1.71570367   0.44647736
833.00  -1.72912603   0.44808242
834.00  -1.74256410   0.44969130
835.00  -1.75601788   0.45130400
836.00  -1.76948738   0.45292053
837.00  -1.78297259   0.45454088
838.00  -1.79647351   0.45616508
839.00  -1.80999014   0.45779311
840.00  -1.82352248   0.45942499
841.00  -1.83707053   0.46106071
842.00  -1.85063428   0.46270029
843.00  -1.86421373   0.46434373
844.00  -1.87780888   0.46599103
845.00  -1.89141974   0.46764219
846.00  -1.90504630   0.46929722
847.00  -1.91868855   0.47095613
848.00  -1.93234650   0.47261892
849.00  -1.94602015   0.47428559
850.00  -1.95970948   0.47595615
851.00  -1.97341451   0.47763060
852.00  -1.98713523   0.47930895
853.00  -2.00087164   0.48099120
854.00  -2.01462374   0.48267736
855.00  -2.02839152   0.48436742
856.00  -2.04217499   0.48606140
857.00  -2.05597414   0.48775930
858.00  -2.06978897   0.48946112
859.00  -2.08361948   0.49116687
860.00  -2.09746567   0.49287655
861.00  -2.11132754   0.49459017
862.00  -2.12520508   0.49630772
863.00  -2.13909830   0.49802922
864.00  -2.15300719   0.49975468
865.00  -2.16693175   0.50148408
866.00  -2.18087198   0.50321744
867.00  -2.19482788   0.50495477
868.00  -2.20879944   0.50669606
869.00  -2.22278667   0.50844132
870.00  -2.23678956   0.51019056
871.00  -2.25080812   0.51194378
872.00  -2.26484234   0.51370098
873.00  -2.27889221   0.51546217
874.00  -2.29295774   0.51722735
875.00  -2.30703893   0.51899653
876.00  -2.32113578   0.52076971
877.00  -2.33524827   0.52254690
878.00  -2.34937642   0.52432810
879.00  -2.36352022   0.52611331
880.00  -2.37767967   0.52790255
881.00  -2.39185476   0.52969580
882.00  -2.40604550   0.53149309
883.00  -2.42025188   0.53329440
884.00  -2.43447391   0.53509975
885.00  -2.44871157   0.53690915
886.00  -2.46296488   0.53872258
887.00  -2.47723382   0.54054007
888.00  -2.49151840   0.54236161
889.00  -2.50581862   0.54418721
890.00  -2.52013447   0.54601687
891.00  -2.53446595   0.54785060
892.00  -2.54881306   0.54968840
893.00  -2.56317579   0.55153028
894.00  -2.57755416   0.55337624
895.00  -2.59194815   0.55522628
896.00  -2.60635777   0.55708041
897.00  -2.62078300   0.55893863
898.00  -2.63522386   0.56080095
899.00  -2.64968034   0.56266737
900.00  -2.66415244   0.56453790
901.00  -2.67864015   0.56641254
902.00  -2.69314348   0.56829129
903.00  -2.70766242   0.57017416
904.00  -2.72219697   0.57206115
905.00  -2.73674713   0.57395228
906.00  -2.75131290   0.57584753
907.00  -2.76589428   0.57774692
908.00  -2.78049126   0.57965046
909.00  -2.79510384   0.58155813
910.00  -2.80973203   0.58346996
911.00  -2.82437582   0.58538594
912.00  -2.83903521   0.58730608
913.00  -2.85371020   0.58923038
914.00  -2.86840078   0.59115885
915.00  -2.88310695   0.59309149
916.00  -2.89782872   0.59502831
917.00  -2.91256608   0.59696930
918.00  -2.92731903   0.59891448
919.00  -2.94208757   0.60086385
920.00  -2.95687169   0.60281741
921.00  -2.97167140   0.60477516
922.00  -2.98648670   0.60673712
923.00  -3.00131757   0.60870329
924.00  -3.01616403   0.61067366
925.00  -3.03102606   0.61264825
926.00  -3.04590367   0.61462706
927.00  -3.06079685   0.61661009
928.00  -3.07570561   0.61859735
929.00  -3.09062994   0.62058884
930.00  -3.10556985   0.62258457
931.00  -3.12052532   0.62458453
932.00  -3.13549636   0.62658874
933.00  -3.15048296   0.62859720
934.00  -3.16548513   0.63060992
935.00  -3.18050286   0.63262689
936.00  -3.19553615   0.63464812
937.00  -3.21058500   0.63667362
938.00  -3.22564941   0.63870339
939.00  -3.24072938   0.64073744
940.00  -3.25582490   0.64277576
941.00  -3.27093597   0.64481837
942.00  -3.28606259   0.64686527
943.00  -3.30120477   0.64891645
944.00  -3.31636249   0.65097194
945.00  -3.33153576   0.65303172
946.00  -3.34672457   0.65509582
947.00  -3.36192893   0.65716422
948.00  -3.37714882   0.65923693
949.00  -3.39238426   0.66131396
950.00  -3.40763524   0.66339532
951.00  -3.42290175   0.66548100
952.00  -3.43818380   0.66757101
953.00  -3.45348138   0.66966536
954.00  -3.46879449   0.67176404
955.00  -3.48412314   0.67386707
956.00  -3.49946731   0.67597445
957.00  -3.51482701   0.67808618
958.00  -3.53020223   0.68020227
959.00  -3.54559298   0.68232272
960.00  -3.56099925   0.68444753
961.00  -3.57642104   0.68657672
962.00  -3.59185834   0.68871028
963.00  -3.60731117   0.69084821
964.00  -3.62277951   0.69299053
965.00  -3.63826336   0.69513724
966.00  -3.65376273   0.69728833
967.00  -3.66927761   0.69944383
968.00  -3.68480799   0.70160372
969.00  -3.70035389   0.70376802
970.00  -3.71591528   0.70593672
971.00  -3.73149219   0.70810984
972.00  -3.74708459   0.71028737
973.00  -3.76269249   0.71246933
974.00  -3.77831590   0.71465571
975.00  -3.79395480   0.71684652
976.00  -3.80960919   0.71904176
977.00  -3.82527908   0.72124145
978.00  -3.84096446   0.72344557
979.00  -3.85666533   0.72565414
980.00  -3.87238169   0.72786717
981.00  -3.88811354   0.73008465
982.00  -3.90386087   0.73230659
983.00  -3.91962369   0.73453299
984.00  -3.93540199   0.73676386
985.00  -3.95119577   0.73899920
986.00  -3.96700503   0.74123903
987.00  -3.98282976   0.74348333
988.00  -3.99866997   0.74573212
989.00  -4.01452565   0.74798539
990.00  -4.03039681   0.75024316
991.00  -4.04628343   0.75250543
992.00  -4.06218553   0.75477221
993.00  -4.07810309   0.75704348
994.00  -4.09403611   0.75931927
995.00  -4.10998460   0.76159958
996.00  -4.12594855   0.76388440
997.00  -4.14192796   0.76617375
998.00  -4.15792283   0.76846763
999.00  -4.17393316   0.77076604
1000.00  -4.18995894   0.77306899
1001.00  -4.20600017   0.77537647
1002.00  -4.22205686   0.77768851
1003.00  -4.23812899   0.78000509
1004.00  -4.25421658   0.78232622
1005.00  -4.27031960   0.78465192
1006.00  -4.28643808   0.78698217
1007.00  -4.30257200   0.78931700
1008.00  -4.31872135   0.79165639
1009.00  -4.33488615   0.79400036
1010.00  -4.35106639   0.79634891
1011.00  -4.36726206   0.79870204
1012.00  -4.38347316   0.80105976
1013.00  -4.39969970   0.80342207
1014.00  -4.41594167   0.80578898
1015.00  -4.43219907   0.80816049
1016.00  -4.44847189   0.81053660
1017.00  -4.46476014   0.81291732
1018.00  -4.48106382   0.81530266
1019.00  -4.49738291   0.81769261
1020.00  -4.51371743   0.82008719
1021.00  -4.53006736   0.82248639
1022.00  -4.54643272   0.82489022
1023.00  -4.56281348   0.82729869
1024.00  -4.57920967   0.82971180
1025.00  -4.59562126   0.83212955
1026.00  -4.61204826   0.83455194
1027.00  -4.62849067   0.83697899
1028.00  -4.64494849   0.83941069
1029.00  -4.66142171   0.84184706
1030.00  -4.67791034   0.84428809
1031.00  -4.69441436   0.84673378
1032.00  -4.71093379   0.84918415
1033.00  -4.72746861   0.85163920
1034.00  -4.74401883   0.85409893
1035.00  -4.76058445   0.85656334
1036.00  -4.77716545   0.85903245
1037.00  -4.79376185   0.86150624
1038.00  -4.81037363   0.86398474
1039.00  -4.82700081   0.86646794
1040.00  -4.84364336   0.86895584
1041.00  -4.86030130   0.87144846
1042.00  -4.87697463   0.87394579
1043.00  -4.89366333   0.87644784
1044.00  -4.91036741   0.87895462
1045.00  -4.92708687   0.88146612
1046.00  -4.94382170   0.88398236
1047.00  -4.96057191   0.88650333
1048.00  -4.97733748   0.88902904
1049.00  -4.99411843   0.89155950
1050.00  -5.01091474   0.89409470
1051.00  -5.02772642   0.89663466
1052.00  -5.04455346   0.89917938
1053.00  -5.06139587   0.90172886
1054.00  -5.07825363   0.90428310
1055.00  -5.09512676   0.90684212
1056.00  -5.11201524   0.90940590
1057.00  -5.12891908   0.91197447
1058.00  -5.14583826   0.91454782
1059.00  -5.16277281   0.91712596
1060.00  -5.17972270   0.91970889
1061.00  -5.19668793   0.92229661
1062.00  -5.21366852   0.92488914
1063.00  -5.23066445   0.92748647
1064.00  -5.24767572   0.93008860
1065.00  -5.26470233   0.93269555
1066.00  -5.28174428   0.93530732
1067.00  -5.29880156   0.93792390
1068.00  -5.31587419   0.94054531
1069.00  -5.33296214   0.94317155
1070.00  -5.35006543   0.94580263
1071.00  -5.36718405   0.94843854
1072.00  -5.38431799   0.95107929
1073.00  -5.40146726   0.95372489
1074.00  -5.41863186   0.95637534
1075.00  -5.43581177   0.95903065
1076.00  -5.45300701   0.96169081
1077.00  -5.47021757   0.96435583
1078.00  -5.48744344   0.96702573
1079.00  -5.50468463   0.96970049
1080.00  -5.52194113   0.97238013
1081.00  -5.53921295   0.97506465
1082.00  -5.55650007   0.97775405
1083.00  -5.57380250   0.98044834
1084.00  -5.59112024   0.98314753
1085.00  -5.60845328   0.98585161
1086.00  -5.62580162   0.98856059
1087.00  -5.64316527   0.99127447
1088.00  -5.66054421   0.99399327
1089.00  -5.67793845   0.99671698
1090.00  -5.69534798   0.99944560
1091.00  -5.71277281   1.00217915
1092.00  -5.73021293   1.00491762
1093.00  -5.74766833   1.00766102
1094.00  -5.76513903   1.01040936
1095.00  -5.78262501   1.01316264
1096.00  -5.80012628   1.01592086
1097.00  -5.81764282   1.01868402
1098.00  -5.83517465   1.02145214
1099.00  -5.85272175   1.02422521
1100.00  -5.87028414   1.02700324
1101.00  -5.88786179   1.02978623
1102.00  -5.90545472   1.03257419
1103.00  -5.92306292   1.03536713
1104.00  -5.94068639   1.03816504
1105.00  -5.95832512   1.04096793
1106.00  -5.97597912   1.04377580
1107.00  -5.99364839   1.04658866
1108.00  -6.01133291   1.04940652
1109.00  -6.02903270   1.05222937
1110.00  -6.04674774   1.05505723
1111.00  -6.06447804   1.05789009
1112.00  -6.08222359   1.06072795
1113.00  -6.09998440   1.06357084
1114.00  -6.11776045   1.06641874
1115.00  -6.13555175   1.06927166
1116.00  -6.15335830   1.07212961
1117.00  -6.17118010   1.07499259
1118.00  -6.18901713   1.07786060
1119.00  -6.20686941   1.08073365
1120.00  -6.22473693   1.08361175
1121.00  -6.24261968   1.08649489
1122.00  -6.26051767   1.08938308
1123.00  -6.27843089   1.09227633
1124.00  -6.29635934   1.09517464
1125.00  -6.31430302   1.09807801
1126.00  -6.33226193   1.10098645
1127.00  -6.35023607   1.10389996
1128.00  -6.36822543   1.10681855
1129.00  -6.38623001   1.10974221
1130.00  -6.40424981   1.11267097
1131.00  -6.42228483   1.11560481
1132.00  -6.44033506   1.11854374
1133.00  -6.45840051   1.12148777
1134.00  -6.47648117   1.12443690
1135.00  -6.49457704   1.12739114
1136.00  -6.51268812   1.13035049
1137.00  -6.53081441   1.13331495
1138.00  -6.54895590   1.13628452
1139.00  -6.56711259   1.13925922
1140.00  -6.58528448   1.14223905
1141.00  -6.60347158   1.14522401
1142.00  -6.62167386   1.14821410
1143.00  -6.63989135   1.15120932
1144.00  -6.65812403   1.15420969
1145.00  -6.67637190   1.15721521
1146.00  -6.69463495   1.16022588
1147.00  -6.71291320   1.16324170
1148.00  -6.73120663   1.16626269
1149.00  -6.74951524   1.16928883
1150.00  -6.76783904   1.17232015
1151.00  -6.78617801   1.17535663
1152.00  -6.80453217   1.17839829
1153.00  -6.82290149   1.18144513
1154.00  -6.84128600   1.18449716
1155.00  -6.85968567   1.18755437
1156.00  -6.87810051   1.19061678
1157.00  -6.89653052   1.19368438
1158.00  -6.91497570   1.19675718
1159.00  -6.93343604   1.19983519
1160.00  -6.95191154   1.20291840
1161.00  -6.97040221   1.20600683
1162.00  -6.98890803   1.20910047
1163.00  -7.00742901   1.21219934
1164.00  -7.02596514   1.21530343
1165.00  -7.04451642   1.21841275
1166.00  -7.06308285   1.22152731
1167.00  -7.08166444   1.22464710
1168.00  -7.10026117   1.22777214
1169.00  -7.11887304   1.23090242
1170.00  -7.13750005   1.23403795
1171.00  -7.15614221   1.23717873
1172.00  -7.17479951   1.24032477
1173.00  -7.19347194   1.24347608
1174.00  -7.21215950   1.24663265
1175.00  -7.23086220   1.24979449
1176.00  -7.24958003   1.25296161
1177.00  -7.26831299   1.25613401
1178.00  -7.28706107   1.25931169
1179.00  -7.30582428   1.26249465
1180.00  -7.32460261   1.26568291
1181.00  -7.34339606   1.26887646
1182.00  -7.36220463   1.27207531
1183.00  -7.38102832   1.27527947
1184.00  -7.39986712   1.27848893
1185.00  -7.41872104   1.28170371
1186.00  -7.43759007   1.28492380
1187.00  -7.45647420   1.28814921
1188.00  -7.47537344   1.29137994
1189.00  -7.49428779   1.29461601
1190.00  -7.51321724   1.29785740
1191.00  -7.53216179   1.30110414
1192.00  -7.55112144   1.30435621
1193.00  -7.57009618   1.30761363
1194.00  -7.58908602   1.31087639
1195.00  -7.60809096   1.31414451
1196.00  -7.62711098   1.31741799
1197.00  -7.64614610   1.32069682
1198.00  -7.66519630   1.32398102
1199.00  -7.68426158   1.32727059
1200.00  -7.70334195   1.33056554
1201.00  -7.72243740   1.33386586
1202.00  -7.74154792   1.33717156
1203.00  -7.76067353   1.34048265
1204.00  -7.77981421   1.34379913
1205.00  -7.79896996   1.34712100
1206.00  -7.81814078   1.35044827
1207.00  -7.83732667   1.35378094
1208.00  -7.85652763   1.35711902
1209.00  -7.87574365   1.36046251
1210.00  -7.89497474   1.36381141
1211.00  -7.91422088   1.36716573
1212.00  -7.93348209   1.37052547
1213.00  -7.95275835   1.37389064
1214.00  -7.97204966   1.37726124
1215.00  -7.99135603   1.38063727
1216.00  -8.01067745   1.38401875
1217.00  -8.03001392   1.38740566
1218.00  -8.04936543   1.39079802
1219.00  -8.06873199   1.39419584
1220.00  -8.08811359   1.39759910
1221.00  -8.10751023   1.40100783
1222.00  -8.12692191   1.40442202
1223.00  -8.14634862   1.40784168
1224.00  -8.16579037   1.41126681
1225.00  -8.18524715   1.41469741
1226.00  -8.20471896   1.41813349
1227.00  -8.22420580   1.42157506
1228.00  -8.24370766   1.42502212
1229.00  -8.26322455   1.42847466
1230.00  -8.28275646   1.43193270
1231.00  -8.30230340   1.43539624
1232.00  -8.32186534   1.43886529
1233.00  -8.34144231   1.44233984
1234.00  -8.36103429   1.44581991
1235.00  -8.38064127   1.44930549
1236.00  -8.40026327   1.45279659
1237.00  -8.41990028   1.45629321
1238.00  -8.43955229   1.45979537
1239.00  -8.45921931   1.46330305
1240.00  -8.47890132   1.46681627
1241.00  -8.49859834   1.47033504
1242.00  -8.51831035   1.47385934
1243.00  -8.53803736   1.47738920
1244.00  -8.55777936   1.48092461
1245.00  -8.57753635   1.48446557
1246.00  -8.59730833   1.48801209
1247.00  -8.61709530   1.49156418
1248.00  -8.63689725   1.49512184
1249.00  -8.65671418   1.49868507
1250.00  -8.67654610   1.50225388
1251.00  -8.69639299   1.50582827
1252.00  -8.71625486   1.50940824
1253.00  -8.73613171   1.51299380
1254.00  -8.75602352   1.51658496
1255.00  -8.77593031   1.52018171
1256.00  -8.79585206   1.52378406
1257.00  -8.81578878   1.52739202
1258.00  -8.83574047   1.53100559
1259.00  -8.85570712   1.53462477
1260.00  -8.87568872   1.53824956
1261.00  -8.89568528   1.54187998
1262.00  -8.91569680   1.54551603
1263.00  -8.93572327   1.54915770
1264.00  -8.95576470   1.55280501
1265.00  -8.97582107   1.55645795
1266.00  -8.99589239   1.56011654
1267.00  -9.01597865   1.56378077
1268.00  -9.03607986   1.56745065
1269.00  -9.05619601   1.57112618
1270.00  -9.07632709   1.57480737
1271.00  -9.09647312   1.57849422
1272.00  -9.11663407   1.58218674
1273.00  -9.13680996   1.58588493
1274.00  -9.15700078   1.58958879
1275.00  -9.17720653   1.59329833
1276.00  -9.19742721   1.59701355
1277.00  -9.21766280   1.60073446
1278.00  -9.23791332   1.60446105
1279.00  -9.25817876   1.60819334
1280.00  -9.27845912   1.61193133
1281.00  -9.29875439   1.61567502
1282.00  -9.31906457   1.61942442
1283.00  -9.33938967   1.62317952
1284.00  -9.35972967   1.62694034
1285.00  -9.38008458   1.63070688
1286.00  -9.40045440   1.63447914
1287.00  -9.42083912   1.63825712
1288.00  -9.44123874   1.64204083
1289.00  -9.46165326   1.64583028
1290.00  -9.48208267   1.64962547
1291.00  -9.50252698   1.65342639
1292.00  -9.52298618   1.65723307
1293.00  -9.54346026   1.66104549
1294.00  -9.56394924   1.66486367
1295.00  -9.58445310   1.66868760
1296.00  -9.60497185   1.67251730
1297.00  -9.62550547   1.67635276
1298.00  -9.64605398   1.68019399
1299.00  -9.66661736   1.68404100
1300.00  -9.68719562   1.68789379
1301.00  -9.70778875   1.69175235
1302.00  -9.72839675   1.69561670
1303.00  -9.74901961   1.69948685
1304.00  -9.76965735   1.70336278
1305.00  -9.79030995   1.70724451
1306.00  -9.81097741   1.71113205
1307.00  -9.83165972   1.71502539
1308.00  -9.85235690   1.71892454
1309.00  -9.87306893   1.72282951
1310.00  -9.89379582   1.72674029
1311.00  -9.91453755   1.73065689
1312.00  -9.93529414   1.73457932
1313.00  -9.95606557   1.73850758
1314.00  -9.97685184   1.74244168
1315.00  -9.99765296   1.74638161
1316.00 -10.01846892   1.75032738
1317.00 -10.03929971   1.75427900
1318.00 -10.06014535   1.75823647
1319.00 -10.08100581   1.76219979
1320.00 -10.10188111   1.76616897
1321.00 -10.12277123   1.77014401
1322.00 -10.14367618   1.77412492
1323.00 -10.16459596   1.77811170
1324.00 -10.18553056   1.78210435
1325.00 -10.20647998   1.78610287
1326.00 -10.22744422   1.79010728
1327.00 -10.24842327   1.79411758
1328.00 -10.26941714   1.79813376
1329.00 -10.29042582   1.80215584
1330.00 -10.31144931   1.80618381
1331.00 -10.33248761   1.81021769
1332.00 -10.35354071   1.81425747
1333.00 -10.37460861   1.81830316
1334.00 -10.39569132   1.82235476
1335.00 -10.41678882   1.82641228
1336.00 -10.43790112   1.83047572
1337.00 -10.45902821   1.83454509
1338.00 -10.48017010   1.83862038
1339.00 -10.50132678   1.84270161
1340.00 -10.52249824   1.84678878
1341.00 -10.54368449   1.85088188
1342.00 -10.56488552   1.85498094
1343.00 -10.58610133   1.85908594
1344.00 -10.60733192   1.86319689
1345.00 -10.62857729   1.86731380
1346.00 -10.64983743   1.87143667
1347.00 -10.67111234   1.87556550
1348.00 -10.69240202   1.87970031
1349.00 -10.71370647   1.88384108
1350.00 -10.73502569   1.88798783
1351.00 -10.75635967   1.89214057
1352.00 -10.77770841   1.89629928
1353.00 -10.79907191   1.90046399
1354.00 -10.82045016   1.90463469
1355.00 -10.84184317   1.90881138
1356.00 -10.86325093   1.91299407
1357.00 -10.88467344   1.91718277
1358.00 -10.90611070   1.92137748
1359.00 -10.92756270   1.92557820
1360.00 -10.94902945   1.92978493
1361.00 -10.97051093   1.93399768
1362.00 -10.99200716   1.93821646
1363.00 -11.01351812   1.94244127
1364.00 -11.03504382   1.94667210
1365.00 -11.05658424   1.95090898
1366.00 -11.07813940   1.95515189
1367.00 -11.09970929   1.95940084
1368.00 -11.12129389   1.96365584
1369.00 -11.14289323   1.96791690
1370.00 -11.16450728   1.97218401
1371.00 -11.18613605   1.97645717
1372.00 -11.20777954   1.98073641
1373.00 -11.22943774   1.98502170
1374.00 -11.25111065   1.98931307
1375.00 -11.27279827   1.99361052
1376.00 -11.29450060   1.99791404
1377.00 -11.31621764   2.00222364
1378.00 -11.33794937   2.00653933
1379.00 -11.35969581   2.01086112
1380.00 -11.38145695   2.01518899
1381.00 -11.40323278   2.01952297
1382.00 -11.42502330   2.02386304
1383.00 -11.44682852   2.02820923
1384.00 -11.46864842   2.03256152
1385.00 -11.49048301   2.03691993
1386.00 -11.51233229   2.04128445
1387.00 -11.53419624   2.04565510
1388.00 -11.55607488   2.05003187
1389.00 -11.57796819   2.05441477
1390.00 -11.59987619   2.05880381
1391.00 -11.62179885   2.06319898
1392.00 -11.64373618   2.06760030
1393.00 -11.66568818   2.07200776
1394.00 -11.68765485   2.07642136
1395.00 -11.70963619   2.08084112
1396.00 -11.73163218   2.08526704
1397.00 -11.75364283   2.08969912
1398.00 -11.77566814   2.09413737
1399.00 -11.79770811   2.09858178
1400.00 -11.81976273   2.10303236
1401.00 -11.84183200   2.10748912
1402.00 -11.86391591   2.11195207
1403.00 -11.88601447   2.11642119
1404.00 -11.90812768   2.12089651
1405.00 -11.93025552   2.12537801
1406.00 -11.95239801   2.12986571
1407.00 -11.97455513   2.13435961
1408.00 -11.99672689   2.13885972
1409.00 -12.01891327   2.14336603
1410.00 -12.04111429   2.14787856
1411.00 -12.06332993   2.15239729
1412.00 -12.08556020   2.15692225
1413.00 -12.10780509   2.16145343
1414.00 -12.13006460   2.16599084
1415.00 -12.15233873   2.17053448
1416.00 -12.17462748   2.17508435
1417.00 -12.19693084   2.17964047
1418.00 -12.21924881   2.18420282
1419.00 -12.24158139   2.18877142
1420.00 -12.26392857   2.19334627
1421.00 -12.28629036   2.19792738
1422.00 -12.30866675   2.20251474
1423.00 -12.33105774   2.20710836
1424.00 -12.35346333   2.21170825
1425.00 -12.37588351   2.21631441
1426.00 -12.39831828   2.22092685
1427.00 -12.42076765   2.22554556
1428.00 -12.44323160   2.23017055
1429.00 -12.46571014   2.23480183
1430.00 -12.48820326   2.23943939
1431.00 -12.51071096   2.24408325
1432.00 -12.53323324   2.24873340
1433.00 -12.55577010   2.25338986
1434.00 -12.57832153   2.25805262
1435.00 -12.60088753   2.26272169
1436.00 -12.62346810   2.26739707
1437.00 -12.64606324   2.27207876
1438.00 -12.66867294   2.27676678
1439.00 -12.69129721   2.28146111
1440.00 -12.71393603   2.28616178
1441.00 -12.73658942   2.29086878
1442.00 -12.75925735   2.29558211
1443.00 -12.78193984   2.30030178
1444.00 -12.80463688   2.30502779
1445.00 -12.82734847   2.30976016
1446.00 -12.85007461   2.31449887
1447.00 -12.87281528   2.31924393
1448.00 -12.89557050   2.32399536
1449.00 -12.91834026   2.32875314
1450.00 -12.94112455   2.33351729
1451.00 -12.96392338   2.33828782
1452.00 -12.98673674   2.34306471
1453.00 -13.00956463   2.34784798
1454.00 -13.03240704   2.35263764
1455.00 -13.05526398   2.35743368
1456.00 -13.07813544   2.36223610
1457.00 -13.10102143   2.36704492
1458.00 -13.12392192   2.37186014
1459.00 -13.14683694   2.37668176
1460.00 -13.16976646   2.38150978
1461.00 -13.19271050   2.38634421
1462.00 -13.21566905   2.39118505
1463.00 -13.23864210   2.39603231
1464.00 -13.26162965   2.40088598
1465.00 -13.28463171   2.40574608
1466.00 -13.30764826   2.41061261
1467.00 -13.33067931   2.41548557
1468.00 -13.35372485   2.42036496
1469.00 -13.37678488   2.42525079
1470.00 -13.39985941   2.43014307
1471.00 -13.42294842   2.43504179
1472.00 -13.44605191   2.43994696
1473.00 -13.46916988   2.44485858
1474.00 -13.49230234   2.44977667
1475.00 -13.51544927   2.45470121
1476.00 -13.53861068   2.45963222
1477.00 -13.56178656   2.46456970
1478.00 -13.58497690   2.46951365
1479.00 -13.60818172   2.47446408
1480.00 -13.63140100   2.47942099
1481.00 -13.65463474   2.48438438
1482.00 -13.67788295   2.48935426
1483.00 -13.70114561   2.49433063
1484.00 -13.72442272   2.49931350
1485.00 -13.74771429   2.50430287
1486.00 -13.77102031   2.50929874
1487.00 -13.79434078   2.51430112
1488.00 -13.81767570   2.51931002
1489.00 -13.84102505   2.52432542
1490.00 -13.86438885   2.52934734
1491.00 -13.88776709   2.53437579
1492.00 -13.91115976   2.53941076
1493.00 -13.93456687   2.54445227
1494.00 -13.95798841   2.54950030
1495.00 -13.98142438   2.55455488
1496.00 -14.00487477   2.55961599
1497.00 -14.02833959   2.56468365
1498.00 -14.05181883   2.56975786
1499.00 -14.07531249   2.57483863
1500.00 -14.09882056   2.57992595
1501.00 -14.12234305   2.58501983
1502.00 -14.14587996   2.59012027
1503.00 -14.16943127   2.59522728
1504.00 -14.19299699   2.60034086
1505.00 -14.21657711   2.60546102
1506.00 -14.24017164   2.61058776
1507.00 -14.26378056   2.61572108
1508.00 -14.28740388   2.62086099
1509.00 -14.31104160   2.62600749
1510.00 -14.33469371   2.63116058
1511.00 -14.35836021   2.63632027
1512.00 -14.38204110   2.64148656
1513.00 -14.40573638   2.64665946
1514.00 -14.42944603   2.65183897
1515.00 -14.45317007   2.65702509
1516.00 -14.47690848   2.66221783
1517.00 -14.50066127   2.66741719
1518.00 -14.52442844   2.67262317
1519.00 -14.54820997   2.67783578
1520.00 -14.57200587   2.68305503
1521.00 -14.59581614   2.68828091
1522.00 -14.61964077   2.69351343
1523.00 -14.64347976   2.69875259
1524.00 -14.66733311   2.70399840
1525.00 -14.69120082   2.70925086
1526.00 -14.71508288   2.71450997
1527.00 -14.73897929   2.71977575
1528.00 -14.76289005   2.72504818
1529.00 -14.78681515   2.73032728
1530.00 -14.81075460   2.73561305
1531.00 -14.83470839   2.74090550
1532.00 -14.85867652   2.74620462
1533.00 -14.88265898   2.75151042
1534.00 -14.90665578   2.75682291
1535.00 -14.93066691   2.76214209
1536.00 -14.95469237   2.76746795
1537.00 -14.97873216   2.77280052
1538.00 -15.00278626   2.77813978
1539.00 -15.02685469   2.78348575
1540.00 -15.05093744   2.78883842
1541.00 -15.07503451   2.79419780
1542.00 -15.09914589   2.79956390
1543.00 -15.12327158   2.80493672
1544.00 -15.14741158   2.81031626
1545.00 -15.17156588   2.81570252
1546.00 -15.19573449   2.82109552
1547.00 -15.21991741   2.82649525
1548.00 -15.24411462   2.83190171
1549.00 -15.26832613   2.83731492
1550.00 -15.29255193   2.84273487
1551.00 -15.31679202   2.84816157
1552.00 -15.34104640   2.85359502
1553.00 -15.36531507   2.85903522
1554.00 -15.38959803   2.86448219
1555.00 -15.41389526   2.86993591
1556.00 -15.43820678   2.87539641
1557.00 -15.46253257   2.88086368
1558.00 -15.48687263   2.88633772
1559.00 -15.51122697   2.89181853
1560.00 -15.53559558   2.89730613
1561.00 -15.55997845   2.90280052
1562.00 -15.58437559   2.90830169
1563.00 -15.60878699   2.91380966
1564.00 -15.63321265   2.91932442
1565.00 -15.65765256   2.92484599
1566.00 -15.68210673   2.93037435
1567.00 -15.70657515   2.93590953
1568.00 -15.73105782   2.94145152
1569.00 -15.75555474   2.94700032
1570.00 -15.78006590   2.95255594
1571.00 -15.80459130   2.95811838
1572.00 -15.82913094   2.96368765
1573.00 -15.85368482   2.96926375
1574.00 -15.87825293   2.97484669
1575.00 -15.90283528   2.98043646
1576.00 -15.92743185   2.98603307
1577.00 -15.95204265   2.99163652
1578.00 -15.97666767   2.99724683
1579.00 -16.00130692   3.00286399
1580.00 -16.02596038   3.00848800
1581.00 -16.05062806   3.01411887
1582.00 -16.07530996   3.01975661
1583.00 -16.10000607   3.02540121
1584.00 -16.12471638   3.03105268
1585.00 -16.14944090   3.03671103
1586.00 -16.17417963   3.04237625
1587.00 -16.19893255   3.04804836
1588.00 -16.22369968   3.05372735
1589.00 -16.24848100   3.05941324
1590.00 -16.27327652   3.06510601
1591.00 -16.29808622   3.07080568
1592.00 -16.32291012   3.07651225
1593.00 -16.34774820   3.08222573
1594.00 -16.37260047   3.08794611
1595.00 -16.39746691   3.09367340
1596.00 -16.42234754   3.09940761
1597.00 -16.44724234   3.10514874
1598.00 -16.47215131   3.11089678
1599.00 -16.49707445   3.11665176
1600.00 -16.52201177   3.12241366
1601.00 -16.54696325   3.12818250
1602.00 -16.57192889   3.13395827
1603.00 -16.59690869   3.13974099
1604.00 -16.62190265   3.14553065
1605.00 -16.64691077   3.15132725
1606.00 -16.67193304   3.15713081
1607.00 -16.69696946   3.16294133
1608.00 -16.72202002   3.16875880
1609.00 -16.74708474   3.17458323
1610.00 -16.77216359   3.18041463
1611.00 -16.79725659   3.18625300
1612.00 -16.82236372   3.19209835
1613.00 -16.84748499   3.19795067
1614.00 -16.87262039   3.20380997
1615.00 -16.89776992   3.20967626
1616.00 -16.92293358   3.21554953
1617.00 -16.94811136   3.22142980
1618.00 -16.97330327   3.22731706
1619.00 -16.99850929   3.23321132
1620.00 -17.02372943   3.23911259
1621.00 -17.04896369   3.24502086
1622.00 -17.07421206   3.25093614
1623.00 -17.09947454   3.25685843
1624.00 -17.12475112   3.26278774
1625.00 -17.15004181   3.26872408
1626.00 -17.17534660   3.27466743
1627.00 -17.20066549   3.28061782
1628.00 -17.22599848   3.28657524
1629.00 -17.25134556   3.29253969
1630.00 -17.27670673   3.29851118
1631.00 -17.30208199   3.30448971
1632.00 -17.32747134   3.31047530
1633.00 -17.35287477   3.31646793
1634.00 -17.37829228   3.32246761
1635.00 -17.40372387   3.32847435
1636.00 -17.42916953   3.33448816
1637.00 -17.45462927   3.34050903
1638.00 -17.48010308   3.34653696
1639.00 -17.50559096   3.35257197
1640.00 -17.53109290   3.35861405
1641.00 -17.55660890   3.36466321
1642.00 -17.58213897   3.37071946
1643.00 -17.60768309   3.37678279
1644.00 -17.63324127   3.38285321
1645.00 -17.65881350   3.38893073
1646.00 -17.68439978   3.39501534
1647.00 -17.71000011   3.40110705
1648.00 -17.73561448   3.40720587
1649.00 -17.76124289   3.41331180
1650.00 -17.78688535   3.41942483
1651.00 -17.81254184   3.42554499
1652.00 -17.83821236   3.43167226
1653.00 -17.86389692   3.43780665
1654.00 -17.88959550   3.44394817
1655.00 -17.91530811   3.45009682
1656.00 -17.94103475   3.45625261
1657.00 -17.96677540   3.46241553
1658.00 -17.99253008   3.46858559
1659.00 -18.01829877   3.47476279
1660.00 -18.04408147   3.48094714
1661.00 -18.06987819   3.48713865
1662.00 -18.09568891   3.49333731
1663.00 -18.12151364   3.49954312
1664.00 -18.14735237   3.50575610
1665.00 -18.17320510   3.51197625
1666.00 -18.19907183   3.51820357
1667.00 -18.22495255   3.52443805
1668.00 -18.25084727   3.53067972
1669.00 -18.27675597   3.53692856
1670.00 -18.30267866   3.54318459
1671.00 -18.32861534   3.54944781
1672.00 -18.35456600   3.55571821
1673.00 -18.38053063   3.56199581
1674.00 -18.40650925   3.56828061
1675.00 -18.43250183   3.57457261
1676.00 -18.45850839   3.58087182
1677.00 -18.48452892   3.58717823
1678.00 -18.51056341   3.59349186
1679.00 -18.53661187   3.59981270
1680.00 -18.56267429   3.60614077
1681.00 -18.58875066   3.61247605
1682.00 -18.61484099   3.61881856
1683.00 -18.64094527   3.62516831
1684.00 -18.66706351   3.63152528
1685.00 -18.69319569   3.63788950
1686.00 -18.71934181   3.64426095
1687.00 -18.74550188   3.65063965
1688.00 -18.77167589   3.65702560
1689.00 -18.79786383   3.66341880
1690.00 -18.82406571   3.66981925
1691.00 -18.85028152   3.67622697
1692.00 -18.87651125   3.68264194
1693.00 -18.90275492   3.68906418
1694.00 -18.92901250   3.69549370
1695.00 -18.95528401   3.70193048
1696.00 -18.98156944   3.70837454
1697.00 -19.00786878   3.71482588
1698.00 -19.03418203   3.72128451
1699.00 -19.06050920   3.72775042
1700.00 -19.08685027   3.73422362
1701.00 -19.11320525   3.74070412
1702.00 -19.13957413   3.74719192
1703.00 -19.16595691   3.75368702
1704.00 -19.19235358   3.76018942
1705.00 -19.21876415   3.76669913
1706.00 -19.24518861   3.77321615
1707.00 -19.27162696   3.77974049
1708.00 -19.29807920   3.78627215
1709.00 -19.32454532   3.79281113
1710.00 -19.35102532   3.79935744
1711.00 -19.37751920   3.80591108
1712.00 -19.40402695   3.81247205
1713.00 -19.43054858   3.81904035
1714.00 -19.45708408   3.82561600
1715.00 -19.48363344   3.83219899
1716.00 -19.51019667   3.83878933
1717.00 -19.53677376   3.84538703
1718.00 -19.56336471   3.85199207
1719.00 -19.58996952   3.85860448
1720.00 -19.61658818   3.86522424
1721.00 -19.64322069   3.87185137
1722.00 -19.66986705   3.87848587
1723.00 -19.69652726   3.88512774
1724.00 -19.72320131   3.89177699
1725.00 -19.74988920   3.89843362
1726.00 -19.77659092   3.90509763
1727.00 -19.80330649   3.91176902
1728.00 -19.83003588   3.91844781
1729.00 -19.85677911   3.92513399
1730.00 -19.88353616   3.93182757
1731.00 -19.91030703   3.93852854
1732.00 -19.93709173   3.94523693
1733.00 -19.96389025   3.95195271
1734.00 -19.99070258   3.95867591
1735.00 -20.01752873   3.96540653
1736.00 -20.04436868   3.97214456
1737.00 -20.07122245   3.97889001
1738.00 -20.09809002   3.98564289
1739.00 -20.12497139   3.99240320
1740.00 -20.15186656   3.99917094
1741.00 -20.17877553   4.00594611
1742.00 -20.20569830   4.01272873
1743.00 -20.23263485   4.01951878
1744.00 -20.25958520   4.02631629
1745.00 -20.28654933   4.03312124
1746.00 -20.31352725   4.03993365
1747.00 -20.34051894   4.04675351
1748.00 -20.36752442   4.05358083
1749.00 -20.39454367   4.06041561
1750.00 -20.42157669   4.06725787
1751.00 -20.44862348   4.07410759
1752.00 -20.47568404   4.08096479
1753.00 -20.50275836   4.08782946
1754.00 -20.52984645   4.09470162
1755.00 -20.55694829   4.10158126
1756.00 -20.58406389   4.10846839
1757.00 -20.61119325   4.11536301
1758.00 -20.63833636   4.12226512
1759.00 -20.66549321   4.12917473
1760.00 -20.69266381   4.13609185
1761.00 -20.71984815   4.14301647
1762.00 -20.74704623   4.14994860
1763.00 -20.77425805   4.15688824
1764.00 -20.80148360   4.16383540
1765.00 -20.82872289   4.17079008
1766.00 -20.85597590   4.17775227
1767.00 -20.88324264   4.18472200
1768.00 -20.91052311   4.19169926
1769.00 -20.93781729   4.19868405
1770.00 -20.96512520   4.20567637
1771.00 -20.99244681   4.21267624
1772.00 -21.01978214   4.21968365
1773.00 -21.04713118   4.22669860
1774.00 -21.07449393   4.23372111
1775.00 -21.10187038   4.24075117
1776.00 -21.12926054   4.24778879
1777.00 -21.15666439   4.25483397
1778.00 -21.18408194   4.26188671
1779.00 -21.21151318   4.26894702
1780.00 -21.23895811   4.27601491
1781.00 -21.26641673   4.28309036
1782.00 -21.29388903   4.29017340
1783.00 -21.32137502   4.29726402
1784.00 -21.34887468   4.30436222
1785.00 -21.37638803   4.31146801
1786.00 -21.40391504   4.31858139
1787.00 -21.43145573   4.32570237
1788.00 -21.45901008   4.33283095
1789.00 -21.48657811   4.33996713
1790.00 -21.51415979   4.34711091
1791.00 -21.54175513   4.35426231
1792.00 -21.56936414   4.36142131
1793.00 -21.59698679   4.36858794
1794.00 -21.62462310   4.37576218
1795.00 -21.65227306   4.38294405
1796.00 -21.67993666   4.39013354
1797.00 -21.70761391   4.39733066
1798.00 -21.73530479   4.40453542
1799.00 -21.76300932   4.41174781
1800.00 -21.79072748   4.41896784
1801.00 -21.81845927   4.42619552
1802.00 -21.84620469   4.43343084
1803.00 -21.87396374   4.44067382
1804.00 -21.90173641   4.44792444
1805.00 -21.92952271   4.45518273
1806.00 -21.95732262   4.46244867
1807.00 -21.98513615   4.46972228
1808.00 -22.01296329   4.47700356
1809.00 -22.04080404   4.48429251
1810.00 -22.06865840   4.49158913
1811.00 -22.09652636   4.49889343
1812.00 -22.12440792   4.50620541
1813.00 -22.15230308   4.51352508
1814.00 -22.18021184   4.52085243
1815.00 -22.20813420   4.52818748
1816.00 -22.23607014   4.53553022
1817.00 -22.26401967   4.54288066
1818.00 -22.29198278   4.55023880
1819.00 -22.31995948   4.55760465
1820.00 -22.34794976   4.56497820
1821.00 -22.37595361   4.57235947
1822.00 -22.40397104   4.57974845
1823.00 -22.43200203   4.58714515
1824.00 -22.46004660   4.59454957
1825.00 -22.48810473   4.60196172
1826.00 -22.51617642   4.60938160
1827.00 -22.54426168   4.61680920
1828.00 -22.57236049   4.62424455
1829.00 -22.60047285   4.63168763
1830.00 -22.62859876   4.63913846
1831.00 -22.65673823   4.64659703
1832.00 -22.68489124   4.65406336
1833.00 -22.71305779   4.66153743
1834.00 -22.74123788   4.66901926
1835.00 -22.76943151   4.67650885
1836.00 -22.79763867   4.68400620
1837.00 -22.82585937   4.69151132
1838.00 -22.85409359   4.69902421
1839.00 -22.88234134   4.70654487
1840.00 -22.91060261   4.71407331
1841.00 -22.93887740   4.72160953
1842.00 -22.96716571   4.72915353
1843.00 -22.99546753   4.73670532
1844.00 -23.02378287   4.74426490
1845.00 -23.05211171   4.75183227
1846.00 -23.08045407   4.75940744
1847.00 -23.10880992   4.76699040
1848.00 -23.13717927   4.77458118
1849.00 -23.16556213   4.78217975
1850.00 -23.19395847   4.78978614
1851.00 -23.22236831   4.79740034
1852.00 -23.25079164   4.80502236
1853.00 -23.27922845   4.81265220
1854.00 -23.30767875   4.82028986
1855.00 -23.33614253   4.82793535
1856.00 -23.36461978   4.83558867
1857.00 -23.39311051   4.84324982
1858.00 -23.42161471   4.85091881
1859.00 -23.45013239   4.85859564
1860.00 -23.47866352   4.86628032
1861.00 -23.50720813   4.87397284
1862.00 -23.53576619   4.88167321
1863.00 -23.56433771   4.88938144
1864.00 -23.59292268   4.89709752
1865.00 -23.62152111   4.90482146
1866.00 -23.65013298   4.91255327
1867.00 -23.67875831   4.92029294
1868.00 -23.70739707   4.92804049
1869.00 -23.73604928   4.93579591
1870.00 -23.76471492   4.94355920
1871.00 -23.79339400   4.95133038
1872.00 -23.82208652   4.95910944
1873.00 -23.85079246   4.96689639
1874.00 -23.87951182   4.97469123
1875.00 -23.90824461   4.98249396
1876.00 -23.93699083   4.99030459
1877.00 -23.96575046   4.99812312
1878.00 -23.99452350   5.00594955
1879.00 -24.02330996   5.01378390
1880.00 -24.05210982   5.02162615
1881.00 -24.08092309   5.02947631
1882.00 -24.10974977   5.03733440
1883.00 -24.13858985   5.04520040
1884.00 -24.16744332   5.05307433
1885.00 -24.19631019   5.06095618
1886.00 -24.22519045   5.06884597
1887.00 -24.25408410   5.07674369
1888.00 -24.28299114   5.08464934
1889.00 -24.31191156   5.09256294
1890.00 -24.34084536   5.10048448
1891.00 -24.36979253   5.10841397
1892.00 -24.39875309   5.11635141
1893.00 -24.42772701   5.12429680
1894.00 -24.45671430   5.13225015
1895.00 -24.48571496   5.14021146
1896.00 -24.51472899   5.14818073
1897.00 -24.54375637   5.15615797
1898.00 -24.57279711   5.16414319
1899.00 -24.60185121   5.17213637
1900.00 -24.63091865   5.18013753
1901.00 -24.65999945   5.18814667
1902.00 -24.68909359   5.19616380
1903.00 -24.71820108   5.20418891
1904.00 -24.74732190   5.21222201
1905.00 -24.77645606   5.22026311
1906.00 -24.80560356   5.22831220
1907.00 -24.83476439   5.23636929
1908.00 -24.86393854   5.24443439
1909.00 -24.89312603   5.25250749
1910.00 -24.92232683   5.26058860
1911.00 -24.95154096   5.26867773
1912.00 -24.98076840   5.27677487
1913.00 -25.01000916   5.28488003
1914.00 -25.03926322   5.29299322
1915.00 -25.06853060   5.30111443
1916.00 -25.09781128   5.30924367
1917.00 -25.12710526   5.31738094
1918.00 -25.15641255   5.32552625
1919.00 -25.18573313   5.33367960
1920.00 -25.21506700   5.34184099
1921.00 -25.24441417   5.35001043
1922.00 -25.27377462   5.35818792
1923.00 -25.30314836   5.36637346
1924.00 -25.33253538   5.37456705
1925.00 -25.36193567   5.38276871
1926.00 -25.39134925   5.39097842
1927.00 -25.42077610   5.39919621
1928.00 -25.45021622   5.40742206
1929.00 -25.47966960   5.41565598
1930.00 -25.50913626   5.42389798
1931.00 -25.53861617   5.43214806
1932.00 -25.56810934   5.44040622
1933.00 -25.59761577   5.44867247
1934.00 -25.62713545   5.45694680
1935.00 -25.65666838   5.46522923
1936.00 -25.68621456   5.47351975
1937.00 -25.71577398   5.48181837
1938.00 -25.74534665   5.49012509
1939.00 -25.77493255   5.49843991
1940.00 -25.80453168   5.50676285
1941.00 -25.83414405   5.51509389
1942.00 -25.86376965   5.52343305
1943.00 -25.89340848   5.53178033
1944.00 -25.92306053   5.54013572
1945.00 -25.95272580   5.54849925
1946.00 -25.98240429   5.55687090
1947.00 -26.01209599   5.56525068
1948.00 -26.04180091   5.57363859
1949.00 -26.07151903   5.58203464
1950.00 -26.10125036   5.59043884
1951.00 -26.13099490   5.59885117
1952.00 -26.16075263   5.60727166
1953.00 -26.19052356   5.61570029
1954.00 -26.22030769   5.62413708
1955.00 -26.25010501   5.63258202
1956.00 -26.27991551   5.64103512
1957.00 -26.30973920   5.64949639
1958.00 -26.33957608   5.65796582
1959.00 -26.36942613   5.66644343
1960.00 -26.39928936   5.67492920
1961.00 -26.42916577   5.68342315
1962.00 -26.45905534   5.69192528
1963.00 -26.48895808   5.70043560
1964.00 -26.51887399   5.70895410
1965.00 -26.54880306   5.71748079
1966.00 -26.57874529   5.72601567
1967.00 -26.60870067   5.73455874
1968.00 -26.63866921   5.74311002
1969.00 -26.66865090   5.75166949
1970.00 -26.69864573   5.76023717
1971.00 -26.72865371   5.76881306
1972.00 -26.75867483   5.77739716
1973.00 -26.78870909   5.78598948
1974.00 -26.81875649   5.79459001
1975.00 -26.84881701   5.80319876
1976.00 -26.87889067   5.81181574
1977.00 -26.90897745   5.82044095
1978.00 -26.93907736   5.82907439
1979.00 -26.96919038   5.83771606
1980.00 -26.99931653   5.84636596
1981.00 -27.02945579   5.85502411
1982.00 -27.05960816   5.86369050
1983.00 -27.08977364   5.87236514
1984.00 -27.11995222   5.88104803
1985.00 -27.15014391   5.88973917
1986.00 -27.18034870   5.89843857
1987.00 -27.21056658   5.90714622
1988.00 -27.24079756   5.91586214
1989.00 -27.27104163   5.92458633
1990.00 -27.30129878   5.93331878
1991.00 -27.33156902   5.94205951
1992.00 -27.36185235   5.95080851
1993.00 -27.39214875   5.95956579
1994.00 -27.42245823   5.96833135
1995.00 -27.45278078   5.97710520
1996.00 -27.48311640   5.98588734
1997.00 -27.51346509   5.99467776
1998.00 -27.54382684   6.00347648
1999.00 -27.57420165   6.01228350
2000.00 -27.60458953   6.02109882
