wavelength(nm)         real         imag
100.00   3.68538429   0.00205085
102.00   3.67671463   0.00217637
104.00   3.66787337   0.00230691
106.00   3.65886050   0.00244257
108.00   3.64967603   0.00258344
110.00   3.64031996   0.00272963
112.00   3.63079230   0.00288123
114.00   3.62109305   0.00303834
116.00   3.61122221   0.00320106
118.00   3.60117979   0.00336949
120.00   3.59096579   0.00354372
122.00   3.58058022   0.00372386
124.00   3.57002308   0.00391000
126.00   3.55929437   0.00410225
128.00   3.54839411   0.00430069
130.00   3.53732229   0.00450543
132.00   3.52607893   0.00471656
134.00   3.51466402   0.00493419
136.00   3.50307757   0.00515842
138.00   3.49131958   0.00538933
140.00   3.47939007   0.00562703
142.00   3.46728903   0.00587162
144.00   3.45501648   0.00612320
146.00   3.44257241   0.00638186
148.00   3.42995683   0.00664770
150.00   3.41716975   0.00692082
152.00   3.40421117   0.00720132
154.00   3.39108111   0.00748930
156.00   3.37777956   0.00778485
158.00   3.36430652   0.00808808
160.00   3.35066202   0.00839908
162.00   3.33684605   0.00871794
164.00   3.32285861   0.00904478
166.00   3.30869972   0.00937968
168.00   3.29436938   0.00972275
170.00   3.27986760   0.01007408
172.00   3.26519438   0.01043377
174.00   3.25034974   0.01080192
176.00   3.23533366   0.01117862
178.00   3.22014618   0.01156398
180.00   3.20478728   0.01195810
182.00   3.18925697   0.01236107
184.00   3.17355527   0.01277298
186.00   3.15768218   0.01319395
188.00   3.14163771   0.01362406
190.00   3.12542186   0.01406341
192.00   3.10903464   0.01451211
194.00   3.09247607   0.01497025
196.00   3.07574613   0.01543793
198.00   3.05884485   0.01591524
200.00   3.04177223   0.01640229
202.00   3.02452828   0.01689917
204.00   3.00711300   0.01740598
206.00   2.98952640   0.01792283
208.00   2.97176850   0.01844980
210.00   2.95383929   0.01898699
212.00   2.93573879   0.01953451
214.00   2.91746701   0.02009245
216.00   2.89902395   0.02066091
218.00   2.88040961   0.02123998
220.00   2.86162402   0.02182977
222.00   2.84266717   0.02243038
224.00   2.82353908   0.02304190
226.00   2.80423975   0.02366442
228.00   2.78476919   0.02429806
230.00   2.76512741   0.02494290
232.00   2.74531442   0.02559904
234.00   2.72533023   0.02626658
236.00   2.70517484   0.02694563
238.00   2.68484827   0.02763627
240.00   2.66435053   0.02833860
242.00   2.64368161   0.02905273
244.00   2.62284154   0.02977876
246.00   2.60183032   0.03051677
248.00   2.58064796   0.03126686
250.00   2.55929447   0.03202914
252.00   2.53776986   0.03280371
254.00   2.51607413   0.03359066
256.00   2.49420731   0.03439008
258.00   2.47216939   0.03520208
260.00   2.44996039   0.03602676
262.00   2.42758031   0.03686420
264.00   2.40502918   0.03771452
266.00   2.38230698   0.03857780
268.00   2.35941375   0.03945415
270.00   2.33634948   0.04034367
272.00   2.31311419   0.04124644
274.00   2.28970788   0.04216258
276.00   2.26613057   0.04309217
278.00   2.24238227   0.04403532
280.00   2.21846299   0.04499211
282.00   2.19437273   0.04596266
284.00   2.17011151   0.04694706
286.00   2.14567934   0.04794540
288.00   2.12107624   0.04895778
290.00   2.09630220   0.04998431
292.00   2.07135724   0.05102508
294.00   2.04624138   0.05208018
296.00   2.02095462   0.05314971
298.00   1.99549697   0.05423378
300.00   1.96986845   0.05533248
302.00   1.94406906   0.05644590
304.00   1.91809883   0.05757415
306.00   1.89195775   0.05871732
308.00   1.86564584   0.05987551
310.00   1.83916312   0.06104882
312.00   1.81250959   0.06223734
314.00   1.78568527   0.06344118
316.00   1.75869016   0.06466042
318.00   1.73152428   0.06589518
320.00   1.70418764   0.06714553
322.00   1.67668026   0.06841160
324.00   1.64900214   0.06969346
326.00   1.62115330   0.07099122
328.00   1.59313374   0.07230498
330.00   1.56494349   0.07363483
332.00   1.53658255   0.07498087
334.00   1.50805094   0.07634319
336.00   1.47934867   0.07772191
338.00   1.45047574   0.07911710
340.00   1.42143218   0.08052888
342.00   1.39221800   0.08195733
344.00   1.36283321   0.08340256
346.00   1.33327782   0.08486466
348.00   1.30355184   0.08634374
350.00   1.27365529   0.08783987
352.00   1.24358818   0.08935318
354.00   1.21335053   0.09088374
356.00   1.18294235   0.09243167
358.00   1.15236364   0.09399705
360.00   1.12161443   0.09557998
362.00   1.09069473   0.09718057
364.00   1.05960454   0.09879890
366.00   1.02834389   0.10043508
368.00   0.99691279   0.10208921
370.00   0.96531126   0.10376137
372.00   0.93353929   0.10545167
374.00   0.90159692   0.10716021
376.00   0.86948415   0.10888708
378.00   0.83720100   0.11063237
380.00   0.80474748   0.11239620
382.00   0.77212360   0.11417864
384.00   0.73932939   0.11597981
386.00   0.70636485   0.11779980
388.00   0.67322999   0.11963870
390.00   0.63992485   0.12149661
392.00   0.60644941   0.12337363
394.00   0.57280372   0.12526986
396.00   0.53898776   0.12718539
398.00   0.50500157   0.12912032
400.00   0.47084516   0.13107474
402.00   0.43651854   0.13304877
404.00   0.40202172   0.13504248
406.00   0.36735473   0.13705598
408.00   0.33251757   0.13908937
410.00   0.29751027   0.14114274
412.00   0.26233283   0.14321619
414.00   0.22698527   0.14530981
416.00   0.19146762   0.14742371
418.00   0.15577987   0.14955798
420.00   0.11992206   0.15171271
422.00   0.08389419   0.15388801
424.00   0.04769628   0.15608397
426.00   0.01132834   0.15830069
428.00  -0.02520960   0.16053826
430.00  -0.06191753   0.16279678
432.00  -0.09879544   0.16507635
434.00  -0.13584331   0.16737707
436.00  -0.17306113   0.16969903
438.00  -0.21044887   0.17204232
440.00  -0.24800652   0.17440705
442.00  -0.28573407   0.17679331
444.00  -0.32363150   0.17920120
446.00  -0.36169878   0.18163082
448.00  -0.39993592   0.18408226
450.00  -0.43834288   0.18655561
452.00  -0.47691966   0.18905098
454.00  -0.51566622   0.19156847
456.00  -0.55458257   0.19410816
458.00  -0.59366868   0.19667016
460.00  -0.63292453   0.19925455
462.00  -0.67235011   0.20186145
464.00  -0.71194541   0.20449094
466.00  -0.75171039   0.20714312
468.00  -0.79164505   0.20981809
470.00  -0.83174936   0.21251595
472.00  -0.87202332   0.21523678
474.00  -0.91246690   0.21798069
476.00  -0.95308008   0.22074778
478.00  -0.99386286   0.22353814
480.00  -1.03481520   0.22635186
482.00  -1.07593710   0.22918904
484.00  -1.11722852   0.23204979
486.00  -1.15868947   0.23493419
488.00  -1.20031991   0.23784234
490.00  -1.24211984   0.24077434
492.00  -1.28408922   0.24373029
494.00  -1.32622805   0.24671028
496.00  -1.36853630   0.24971440
498.00  -1.41101396   0.25274276
500.00  -1.45366101   0.25579545
502.00  -1.49647743   0.25887256
504.00  -1.53946320   0.26197419
506.00  -1.58261830   0.26510045
508.00  -1.62594272   0.26825142
510.00  -1.66943643   0.27142720
512.00  -1.71309941   0.27462788
514.00  -1.75693165   0.27785357
516.00  -1.80093313   0.28110436
518.00  -1.84510383   0.28438034
520.00  -1.88944373   0.28768162
522.00  -1.93395281   0.29100828
524.00  -1.97863105   0.29436043
526.00  -2.02347843   0.29773815
528.00  -2.06849493   0.30114155
530.00  -2.11368053   0.30457072
532.00  -2.15903522   0.30802576
534.00  -2.20455897   0.31150677
536.00  -2.25025176   0.31501383
538.00  -2.29611357   0.31854704
540.00  -2.34214439   0.32210651
542.00  -2.38834419   0.32569233
544.00  -2.43471295   0.32930458
546.00  -2.48125066   0.33294338
548.00  -2.52795729   0.33660881
550.00  -2.57483282   0.34030097
552.00  -2.62187724   0.34401995
554.00  -2.66909051   0.34776586
556.00  -2.71647263   0.35153878
558.00  -2.76402356   0.35533882
560.00  -2.81174330   0.35916607
562.00  -2.85963182   0.36302062
564.00  -2.90768909   0.36690257
566.00  -2.95591510   0.37081201
568.00  -3.00430983   0.37474905
570.00  -3.05287325   0.37871377
572.00  -3.10160535   0.38270628
574.00  -3.15050610   0.38672667
576.00  -3.19957548   0.39077502
578.00  -3.24881347   0.39485145
580.00  -3.29822005   0.39895604
582.00  -3.34779520   0.40308889
584.00  -3.39753889   0.40725010
586.00  -3.44745111   0.41143976
588.00  -3.49753184   0.41565796
590.00  -3.54778104   0.41990481
592.00  -3.59819870   0.42418039
594.00  -3.64878480   0.42848480
596.00  -3.69953932   0.43281815
598.00  -3.75046222   0.43718051
600.00  -3.80155350   0.44157199
602.00  -3.85281313   0.44599269
604.00  -3.90424109   0.45044270
606.00  -3.95583735   0.45492211
608.00  -4.00760189   0.45943101
610.00  -4.05953470   0.46396952
612.00  -4.11163573   0.46853771
614.00  -4.16390499   0.47313569
616.00  -4.21634243   0.47776354
618.00  -4.26894805   0.48242138
620.00  -4.32172181   0.48710928
622.00  -4.37466370   0.49182734
624.00  -4.42777368   0.49657567
626.00  -4.48105174   0.50135435
628.00  -4.53449786   0.50616348
630.00  -4.58811201   0.51100316
632.00  -4.64189417   0.51587348
634.00  -4.69584431   0.52077453
636.00  -4.74996241   0.52570641
638.00  -4.80424845   0.53066921
640.00  -4.85870240   0.53566304
642.00  -4.91332425   0.54068797
644.00  -4.96811396   0.54574412
646.00  -5.02307151   0.55083157
648.00  -5.07819689   0.55595042
650.00  -5.13349006   0.56110077
652.00  -5.18895100   0.56628270
654.00  -5.24457969   0.57149631
656.00  -5.30037610   0.57674170
658.00  -5.35634021   0.58201896
660.00  -5.41247199   0.58732819
662.00  -5.46877143   0.59266948
664.00  -5.52523849   0.59804293
666.00  -5.58187316   0.60344863
668.00  -5.63867540   0.60888667
670.00  -5.69564520   0.61435715
672.00  -5.75278252   0.61986017
674.00  -5.81008735   0.62539581
676.00  -5.86755965   0.63096418
678.00  -5.92519941   0.63656536
680.00  -5.98300660   0.64219945
682.00  -6.04098119   0.64786655
684.00  -6.09912316   0.65356676
686.00  -6.15743248   0.65930015
688.00  -6.21590913   0.66506684
690.00  -6.27455308   0.67086690
692.00  -6.33336431   0.67670045
694.00  -6.39234280   0.68256756
696.00  -6.45148851   0.68846835
698.00  -6.51080142   0.69440289
700.00  -6.57028150   0.70037129
702.00  -6.62992874   0.70637363
704.00  -6.68974310   0.71241002
706.00  -6.74972456   0.71848054
708.00  -6.80987309   0.72458529
710.00  -6.87018866   0.73072437
712.00  -6.93067126   0.73689787
714.00  -6.99132085   0.74310588
716.00  -7.05213740   0.74934850
718.00  -7.11312090   0.75562581
720.00  -7.17427131   0.76193792
722.00  -7.23558861   0.76828492
724.00  -7.29707278   0.77466690
726.00  -7.35872378   0.78108396
728.00  -7.42054158   0.78753618
730.00  -7.48252617   0.79402367
732.00  -7.54467752   0.80054652
734.00  -7.60699559   0.80710482
736.00  -7.66948037   0.81369866
738.00  -7.73213181   0.82032814
740.00  -7.79494991   0.82699335
742.00  -7.85793463   0.83369439
744.00  -7.92108594   0.84043135
746.00  -7.98440382   0.84720432
748.00  -8.04788823   0.85401340
750.00  -8.11153916   0.86085867
752.00  -8.17535657   0.86774024
754.00  -8.23934043   0.87465820
756.00  -8.30349072   0.88161263
758.00  -8.36780742   0.88860364
760.00  -8.43229049   0.89563132
762.00  -8.49693990   0.90269576
764.00  -8.56175563   0.90979705
766.00  -8.62673765   0.91693529
768.00  -8.69188593   0.92411056
770.00  -8.75720045   0.93132298
772.00  -8.82268117   0.93857261
774.00  -8.88832807   0.94585957
776.00  -8.95414111   0.95318394
778.00  -9.02012028   0.96054582
780.00  -9.08626553   0.96794530
782.00  -9.15257686   0.97538247
784.00  -9.21905421   0.98285743
786.00  -9.28569757   0.99037026
788.00  -9.35250691   0.99792107
790.00  -9.41948220   1.00550994
792.00  -9.48662340   1.01313697
794.00  -9.55393050   1.02080224
796.00  -9.62140346   1.02850587
798.00  -9.68904225   1.03624793
800.00  -9.75684685   1.04402851
802.00  -9.82481722   1.05184772
804.00  -9.89295333   1.05970565
806.00  -9.96125516   1.06760238
808.00 -10.02972268   1.07553801
810.00 -10.09835585   1.08351264
812.00 -10.16715465   1.09152635
814.00 -10.23611905   1.09957924
816.00 -10.30524902   1.10767140
818.00 -10.37454452   1.11580293
820.00 -10.44400553   1.12397391
822.00 -10.51363203   1.13218444
824.00 -10.58342397   1.14043461
826.00 -10.65338132   1.14872452
828.00 -10.72350407   1.15705425
830.00 -10.79379217   1.16542390
832.00 -10.86424561   1.17383356
834.00 -10.93486434   1.18228332
836.00 -11.00564834   1.19077328
838.00 -11.07659757   1.19930353
840.00 -11.14771201   1.20787416
842.00 -11.21899163   1.21648526
844.00 -11.29043639   1.22513693
846.00 -11.36204627   1.23382925
848.00 -11.43382123   1.24256233
850.00 -11.50576124   1.25133624
852.00 -11.57786627   1.26015109
854.00 -11.65013630   1.26900696
856.00 -11.72257128   1.27790395
858.00 -11.79517120   1.28684215
860.00 -11.86793601   1.29582166
862.00 -11.94086569   1.30484255
864.00 -12.01396020   1.31390494
866.00 -12.08721952   1.32300889
868.00 -12.16064360   1.33215452
870.00 -12.23423243   1.34134191
872.00 -12.30798597   1.35057116
874.00 -12.38190419   1.35984235
876.00 -12.45598705   1.36915557
878.00 -12.53023452   1.37851092
880.00 -12.60464658   1.38790850
882.00 -12.67922319   1.39734838
884.00 -12.75396431   1.40683067
886.00 -12.82886992   1.41635546
888.00 -12.90393998   1.42592283
890.00 -12.97917447   1.43553288
892.00 -13.05457335   1.44518569
894.00 -13.13013658   1.45488137
896.00 -13.20586413   1.46462000
898.00 -13.28175598   1.47440168
900.00 -13.35781209   1.48422649
902.00 -13.43403243   1.49409453
904.00 -13.51041696   1.50400589
906.00 -13.58696565   1.51396065
908.00 -13.66367847   1.52395892
910.00 -13.74055538   1.53400078
912.00 -13.81759636   1.54408632
914.00 -13.89480137   1.55421564
916.00 -13.97217038   1.56438882
918.00 -14.04970334   1.57460596
920.00 -14.12740024   1.58486714
922.00 -14.20526104   1.59517247
924.00 -14.28328570   1.60552202
926.00 -14.36147419   1.61591590
928.00 -14.43982648   1.62635419
930.00 -14.51834253   1.63683698
932.00 -14.59702231   1.64736436
934.00 -14.67586579   1.65793643
936.00 -14.75487293   1.66855327
938.00 -14.83404370   1.67921498
940.00 -14.91337806   1.68992165
942.00 -14.99287598   1.70067337
944.00 -15.07253743   1.71147022
946.00 -15.15236238   1.72231230
948.00 -15.23235078   1.73319970
950.00 -15.31250260   1.74413251
952.00 -15.39281782   1.75511083
954.00 -15.47329639   1.76613473
956.00 -15.55393828   1.77720432
958.00 -15.63474346   1.78831968
960.00 -15.71571189   1.79948090
962.00 -15.79684354   1.81068807
964.00 -15.87813837   1.82194129
966.00 -15.95959635   1.83324064
968.00 -16.04121745   1.84458622
970.00 -16.12300162   1.85597811
972.00 -16.20494884   1.86741641
974.00 -16.28705906   1.87890120
976.00 -16.36933226   1.89043258
978.00 -16.45176840   1.90201063
980.00 -16.53436744   1.91363545
982.00 -16.61712934   1.92530712
984.00 -16.70005408   1.93702574
986.00 -16.78314162   1.94879140
988.00 -16.86639192   1.96060418
990.00 -16.94980494   1.97246418
992.00 -17.03338066   1.98437148
994.00 -17.11711903   1.99632618
996.00 -17.20102002   2.00832836
998.00 -17.28508360   2.02037812
1000.00 -17.36930972   2.03247555
1002.00 -17.45369835   2.04462073
1004.00 -17.53824946   2.05681375
1006.00 -17.62296301   2.06905471
1008.00 -17.70783896   2.08134369
1010.00 -17.79287728   2.09368078
1012.00 -17.87807793   2.10606608
1014.00 -17.96344087   2.11849967
1016.00 -18.04896607   2.13098164
1018.00 -18.13465350   2.14351209
1020.00 -18.22050311   2.15609110
1022.00 -18.30651487   2.16871875
1024.00 -18.39268874   2.18139515
1026.00 -18.47902468   2.19412037
1028.00 -18.56552267   2.20689452
1030.00 -18.65218266   2.21971767
1032.00 -18.73900461   2.23258992
1034.00 -18.82598849   2.24551135
1036.00 -18.91313426   2.25848206
1038.00 -19.00044189   2.27150214
1040.00 -19.08791133   2.28457167
1042.00 -19.17554255   2.29769074
1044.00 -19.26333551   2.31085944
1046.00 -19.35129018   2.32407787
1048.00 -19.43940652   2.33734610
1050.00 -19.52768448   2.35066423
1052.00 -19.61612404   2.36403235
1054.00 -19.70472515   2.37745055
1056.00 -19.79348778   2.39091891
1058.00 -19.88241189   2.40443753
1060.00 -19.97149744   2.41800649
1062.00 -20.06074440   2.43162588
1064.00 -20.15015272   2.44529579
1066.00 -20.23972237   2.45901631
1068.00 -20.32945331   2.47278753
1070.00 -20.41934550   2.48660953
1072.00 -20.50939890   2.50048241
1074.00 -20.59961348   2.51440625
1076.00 -20.68998919   2.52838115
1078.00 -20.78052601   2.54240718
1080.00 -20.87122388   2.55648444
1082.00 -20.96208278   2.57061302
1084.00 -21.05310265   2.58479300
1086.00 -21.14428348   2.59902448
1088.00 -21.23562520   2.61330754
1090.00 -21.32712780   2.62764227
1092.00 -21.41879122   2.64202875
1094.00 -21.51061543   2.65646709
1096.00 -21.60260040   2.67095735
1098.00 -21.69474607   2.68549964
1100.00 -21.78705241   2.70009404
1102.00 -21.87951939   2.71474064
1104.00 -21.97214696   2.72943953
1106.00 -22.06493509   2.74419079
1108.00 -22.15788373   2.75899451
1110.00 -22.25099285   2.77385078
1112.00 -22.34426240   2.78875969
1114.00 -22.43769235   2.80372133
1116.00 -22.53128266   2.81873578
1118.00 -22.62503328   2.83380313
1120.00 -22.71894419   2.84892346
1122.00 -22.81301533   2.86409688
1124.00 -22.90724667   2.87932346
1126.00 -23.00163816   2.89460329
1128.00 -23.09618978   2.90993646
1130.00 -23.19090147   2.92532306
1132.00 -23.28577320   2.94076317
1134.00 -23.38080493   2.95625688
1136.00 -23.47599662   2.97180428
1138.00 -23.57134823   2.98740546
1140.00 -23.66685971   3.00306050
1142.00 -23.76253103   3.01876949
1144.00 -23.85836214   3.03453252
1146.00 -23.95435301   3.05034967
1148.00 -24.05050360   3.06622104
1150.00 -24.14681386   3.08214670
1152.00 -24.24328376   3.09812676
1154.00 -24.33991324   3.11416128
1156.00 -24.43670228   3.13025037
1158.00 -24.53365083   3.14639410
1160.00 -24.63075885   3.16259257
1162.00 -24.72802631   3.17884586
1164.00 -24.82545314   3.19515405
1166.00 -24.92303933   3.21151725
1168.00 -25.02078482   3.22793552
1170.00 -25.11868958   3.24440896
1172.00 -25.21675356   3.26093766
1174.00 -25.31497672   3.27752170
1176.00 -25.41335902   3.29416116
1178.00 -25.51190042   3.31085614
1180.00 -25.61060088   3.32760673
1182.00 -25.70946035   3.34441300
1184.00 -25.80847880   3.36127504
1186.00 -25.90765618   3.37819295
1188.00 -26.00699245   3.39516680
1190.00 -26.10648757   3.41219669
1192.00 -26.20614149   3.42928269
1194.00 -26.30595418   3.44642490
1196.00 -26.40592559   3.46362341
1198.00 -26.50605568   3.48087829
1200.00 -26.60634441   3.49818964
1202.00 -26.70679173   3.51555753
1204.00 -26.80739761   3.53298207
1206.00 -26.90816200   3.55046333
1208.00 -27.00908486   3.56800139
1210.00 -27.11016614   3.58559635
1212.00 -27.21140581   3.60324829
1214.00 -27.31280382   3.62095730
1216.00 -27.41436012   3.63872346
1218.00 -27.51607469   3.65654685
1220.00 -27.61794746   3.67442758
1222.00 -27.71997840   3.69236571
1224.00 -27.82216747   3.71036133
1226.00 -27.92451463   3.72841454
1228.00 -28.02701982   3.74652541
1230.00 -28.12968302   3.76469404
1232.00 -28.23250416   3.78292050
1234.00 -28.33548322   3.80120488
1236.00 -28.43862015   3.81954727
1238.00 -28.54191490   3.83794776
1240.00 -28.64536743   3.85640643
1242.00 -28.74897770   3.87492336
1244.00 -28.85274566   3.89349864
1246.00 -28.95667128   3.91213235
1248.00 -29.06075450   3.93082459
1250.00 -29.16499528   3.94957542
1252.00 -29.26939359   3.96838495
1254.00 -29.37394936   3.98725326
1256.00 -29.47866257   4.00618042
1258.00 -29.58353317   4.02516653
1260.00 -29.68856111   4.04421168
1262.00 -29.79374635   4.06331593
1264.00 -29.89908885   4.08247939
1266.00 -30.00458856   4.10170213
1268.00 -30.11024543   4.12098424
1270.00 -30.21605943   4.14032580
1272.00 -30.32203050   4.15972691
1274.00 -30.42815861   4.17918763
1276.00 -30.53444371   4.19870807
1278.00 -30.64088575   4.21828830
1280.00 -30.74748470   4.23792840
1282.00 -30.85424049   4.25762847
1284.00 -30.96115310   4.27738858
1286.00 -31.06822248   4.29720883
1288.00 -31.17544857   4.31708928
1290.00 -31.28283134   4.33703004
1292.00 -31.39037075   4.35703119
1294.00 -31.49806673   4.37709280
1296.00 -31.60591926   4.39721496
1298.00 -31.71392829   4.41739776
1300.00 -31.82209376   4.43764127
1302.00 -31.93041565   4.45794560
1304.00 -32.03889389   4.47831081
1306.00 -32.14752844   4.49873699
1308.00 -32.25631927   4.51922423
1310.00 -32.36526632   4.53977261
1312.00 -32.47436954   4.56038222
1314.00 -32.58362890   4.58105313
1316.00 -32.69304435   4.60178543
1318.00 -32.80261583   4.62257921
1320.00 -32.91234331   4.64343455
1322.00 -33.02222674   4.66435153
1324.00 -33.13226608   4.68533024
1326.00 -33.24246127   4.70637076
1328.00 -33.35281227   4.72747317
1330.00 -33.46331904   4.74863756
1332.00 -33.57398153   4.76986401
1334.00 -33.68479969   4.79115260
1336.00 -33.79577348   4.81250342
1338.00 -33.90690284   4.83391655
1340.00 -34.01818775   4.85539207
1342.00 -34.12962813   4.87693007
1344.00 -34.24122396   4.89853063
1346.00 -34.35297519   4.92019383
1348.00 -34.46488176   4.94191976
1350.00 -34.57694363   4.96370850
1352.00 -34.68916076   4.98556014
1354.00 -34.80153309   5.00747474
1356.00 -34.91406059   5.02945241
1358.00 -35.02674320   5.05149321
1360.00 -35.13958088   5.07359724
1362.00 -35.25257357   5.09576458
1364.00 -35.36572124   5.11799531
1366.00 -35.47902384   5.14028950
1368.00 -35.59248131   5.16264726
1370.00 -35.70609361   5.18506865
1372.00 -35.81986070   5.20755376
1374.00 -35.93378252   5.23010267
1376.00 -36.04785904   5.25271547
1378.00 -36.16209019   5.27539223
1380.00 -36.27647594   5.29813305
1382.00 -36.39101624   5.32093800
1384.00 -36.50571103   5.34380716
1386.00 -36.62056028   5.36674062
1388.00 -36.73556392   5.38973846
1390.00 -36.85072193   5.41280076
1392.00 -36.96603424   5.43592760
1394.00 -37.08150081   5.45911907
1396.00 -37.19712159   5.48237524
1398.00 -37.31289654   5.50569620
1400.00 -37.42882560   5.52908204
1402.00 -37.54490873   5.55253283
1404.00 -37.66114588   5.57604865
1406.00 -37.77753700   5.59962960
1408.00 -37.89408204   5.62327574
1410.00 -38.01078096   5.64698716
1412.00 -38.12763370   5.67076394
1414.00 -38.24464021   5.69460616
1416.00 -38.36180046   5.71851392
1418.00 -38.47911439   5.74248728
1420.00 -38.59658195   5.76652632
1422.00 -38.71420309   5.79063114
1424.00 -38.83197776   5.81480181
1426.00 -38.94990592   5.83903841
1428.00 -39.06798751   5.86334102
1430.00 -39.18622250   5.88770974
1432.00 -39.30461082   5.91214462
1434.00 -39.42315242   5.93664577
1436.00 -39.54184727   5.96121325
1438.00 -39.66069531   5.98584715
1440.00 -39.77969649   6.01054756
1442.00 -39.89885077   6.03531455
1444.00 -40.01815808   6.06014820
1446.00 -40.13761839   6.08504859
1448.00 -40.25723164   6.11001581
1450.00 -40.37699779   6.13504993
1452.00 -40.49691678   6.16015104
1454.00 -40.61698857   6.18531922
1456.00 -40.73721310   6.21055455
1458.00 -40.85759033   6.23585710
1460.00 -40.97812020   6.26122697
1462.00 -41.09880268   6.28666422
1464.00 -41.21963769   6.31216894
1466.00 -41.34062521   6.33774122
1468.00 -41.46176516   6.36338112
1470.00 -41.58305752   6.38908874
1472.00 -41.70450222   6.41486415
1474.00 -41.82609922   6.44070743
1476.00 -41.94784846   6.46661866
1478.00 -42.06974990   6.49259793
1480.00 -42.19180348   6.51864531
1482.00 -42.31400916   6.54476088
1484.00 -42.43636688   6.57094472
1486.00 -42.55887660   6.59719692
1488.00 -42.68153826   6.62351755
1490.00 -42.80435181   6.64990669
1492.00 -42.92731720   6.67636442
1494.00 -43.05043439   6.70289083
1496.00 -43.17370331   6.72948599
1498.00 -43.29712393   6.75614998
1500.00 -43.42069618   6.78288288
1502.00 -43.54442002   6.80968477
1504.00 -43.66829540   6.83655574
1506.00 -43.79232226   6.86349585
1508.00 -43.91650056   6.89050520
1510.00 -44.04083024   6.91758385
1512.00 -44.16531126   6.94473189
1514.00 -44.28994355   6.97194940
1516.00 -44.41472707   6.99923646
1518.00 -44.53966178   7.02659314
1520.00 -44.66474760   7.05401953
1522.00 -44.78998451   7.08151570
1524.00 -44.91537244   7.10908174
1526.00 -45.04091134   7.13671772
1528.00 -45.16660116   7.16442373
1530.00 -45.29244185   7.19219983
1532.00 -45.41843335   7.22004612
1534.00 -45.54457562   7.24796266
1536.00 -45.67086861   7.27594954
1538.00 -45.79731226   7.30400684
1540.00 -45.92390651   7.33213463
1542.00 -46.05065133   7.36033300
1544.00 -46.17754665   7.38860201
1546.00 -46.30459242   7.41694176
1548.00 -46.43178859   7.44535232
1550.00 -46.55913512   7.47383377
1552.00 -46.68663194   7.50238619
1554.00 -46.81427900   7.53100965
1556.00 -46.94207626   7.55970423
1558.00 -47.07002365   7.58847001
1560.00 -47.19812114   7.61730708
1562.00 -47.32636865   7.64621550
1564.00 -47.45476615   7.67519536
1566.00 -47.58331358   7.70424673
1568.00 -47.71201089   7.73336970
1570.00 -47.84085802   7.76256433
1572.00 -47.96985492   7.79183072
1574.00 -48.09900153   7.82116893
1576.00 -48.22829782   7.85057905
1578.00 -48.35774371   7.88006114
1580.00 -48.48733917   7.90961530
1582.00 -48.61708413   7.93924160
1584.00 -48.74697854   7.96894011
1586.00 -48.87702236   7.99871091
1588.00 -49.00721552   8.02855408
1590.00 -49.13755797   8.05846971
1592.00 -49.26804967   8.08845785
1594.00 -49.39869055   8.11851860
1596.00 -49.52948056   8.14865203
1598.00 -49.66041966   8.17885822
1600.00 -49.79150778   8.20913725
1602.00 -49.92274487   8.23948918
1604.00 -50.05413088   8.26991411
1606.00 -50.18566576   8.30041210
1608.00 -50.31734945   8.33098323
1610.00 -50.44918190   8.36162759
1612.00 -50.58116305   8.39234524
1614.00 -50.71329285   8.42313627
1616.00 -50.84557125   8.45400075
1618.00 -50.97799819   8.48493876
1620.00 -51.11057361   8.51595037
1622.00 -51.24329748   8.54703567
1624.00 -51.37616972   8.57819472
1626.00 -51.50919029   8.60942761
1628.00 -51.64235912   8.64073441
1630.00 -51.77567618   8.67211520
1632.00 -51.90914140   8.70357006
1634.00 -52.04275473   8.73509905
1636.00 -52.17651611   8.76670227
1638.00 -52.31042549   8.79837977
1640.00 -52.44448281   8.83013165
1642.00 -52.57868803   8.86195798
1644.00 -52.71304108   8.89385883
1646.00 -52.84754191   8.92583427
1648.00 -52.98219047   8.95788439
1650.00 -53.11698670   8.99000927
1652.00 -53.25193054   9.02220897
1654.00 -53.38702195   9.05448357
1656.00 -53.52226086   9.08683316
1658.00 -53.65764723   9.11925780
1660.00 -53.79318099   9.15175756
1662.00 -53.92886209   9.18433254
1664.00 -54.06469048   9.21698280
1666.00 -54.20066610   9.24970841
1668.00 -54.33678890   9.28250946
1670.00 -54.47305882   9.31538602
1672.00 -54.60947580   9.34833817
1674.00 -54.74603979   9.38136597
1676.00 -54.88275074   9.41446951
1678.00 -55.01960858   9.44764886
1680.00 -55.15661327   9.48090409
1682.00 -55.29376475   9.51423529
1684.00 -55.43106295   9.54764252
1686.00 -55.56850784   9.58112587
1688.00 -55.70609934   9.61468540
1690.00 -55.84383741   9.64832119
1692.00 -55.98172199   9.68203333
1694.00 -56.11975302   9.71582187
1696.00 -56.25793045   9.74968690
1698.00 -56.39625421   9.78362849
1700.00 -56.53472427   9.81764672
1702.00 -56.67334055   9.85174166
1704.00 -56.81210301   9.88591338
1706.00 -56.95101158   9.92016197
1708.00 -57.09006621   9.95448749
1710.00 -57.22926684   9.98889002
1712.00 -57.36861343  10.02336963
1714.00 -57.50810590  10.05792640
1716.00 -57.64774421  10.09256041
1718.00 -57.78752830  10.12727172
1720.00 -57.92745811  10.16206042
1722.00 -58.06753358  10.19692657
1724.00 -58.20775467  10.23187025
1726.00 -58.34812130  10.26689153
1728.00 -58.48863343  10.30199049
1730.00 -58.62929100  10.33716721
1732.00 -58.77009395  10.37242175
1734.00 -58.91104222  10.40775419
1736.00 -59.05213577  10.44316461
1738.00 -59.19337452  10.47865307
1740.00 -59.33475843  10.51421966
1742.00 -59.47628743  10.54986444
1744.00 -59.61796147  10.58558749
1746.00 -59.75978050  10.62138888
1748.00 -59.90174445  10.65726869
1750.00 -60.04385327  10.69322699
1752.00 -60.18610690  10.72926385
1754.00 -60.32850528  10.76537935
1756.00 -60.47104836  10.80157356
1758.00 -60.61373608  10.83784655
1760.00 -60.75656837  10.87419840
1762.00 -60.89954520  10.91062918
1764.00 -61.04266648  10.94713896
1766.00 -61.18593218  10.98372782
1768.00 -61.32934222  11.02039583
1770.00 -61.47289656  11.05714305
1772.00 -61.61659514  11.09396958
1774.00 -61.76043789  11.13087547
1776.00 -61.90442476  11.16786080
1778.00 -62.04855569  11.20492565
1780.00 -62.19283063  11.24207008
1782.00 -62.33724951  11.27929418
1784.00 -62.48181228  11.31659800
1786.00 -62.62651887  11.35398163
1788.00 -62.77136924  11.39144513
1790.00 -62.91636332  11.42898859
1792.00 -63.06150106  11.46661206
1794.00 -63.20678239  11.50431563
1796.00 -63.35220726  11.54209937
1798.00 -63.49777561  11.57996334
1800.00 -63.64348739  11.61790763
1802.00 -63.78934252  11.65593230
1804.00 -63.93534096  11.69403742
1806.00 -64.08148264  11.73222307
1808.00 -64.22776752  11.77048932
1810.00 -64.37419552  11.80883624
1812.00 -64.52076659  11.84726391
1814.00 -64.66748067  11.88577239
1816.00 -64.81433770  11.92436175
1818.00 -64.96133763  11.96303208
1820.00 -65.10848039  12.00178343
1822.00 -65.25576592  12.04061589
1824.00 -65.40319418  12.07952952
1826.00 -65.55076509  12.11852439
1828.00 -65.69847860  12.15760059
1830.00 -65.84633465  12.19675816
1832.00 -65.99433318  12.23599720
1834.00 -66.14247413  12.27531777
1836.00 -66.29075744  12.31471994
1838.00 -66.43918305  12.35420378
1840.00 -66.58775091  12.39376937
1842.00 -66.73646095  12.43341677
1844.00 -66.88531312  12.47314606
1846.00 -67.03430735  12.51295731
1848.00 -67.18344358  12.55285058
1850.00 -67.33272176  12.59282595
1852.00 -67.48214183  12.63288350
1854.00 -67.63170372  12.67302328
1856.00 -67.78140738  12.71324538
1858.00 -67.93125275  12.75354985
1860.00 -68.08123977  12.79393678
1862.00 -68.23136837  12.83440624
1864.00 -68.38163850  12.87495828
1866.00 -68.53205010  12.91559299
1868.00 -68.68260310  12.95631044
1870.00 -68.83329746  12.99711069
1872.00 -68.98413310  13.03799382
1874.00 -69.13510997  13.07895989
1876.00 -69.28622800  13.12000898
1878.00 -69.43748715  13.16114115
1880.00 -69.58888734  13.20235648
1882.00 -69.74042851  13.24365503
1884.00 -69.89211062  13.28503689
1886.00 -70.04393358  13.32650210
1888.00 -70.19589736  13.36805076
1890.00 -70.34800188  13.40968291
1892.00 -70.50024708  13.45139865
1894.00 -70.65263291  13.49319803
1896.00 -70.80515930  13.53508112
1898.00 -70.95782620  13.57704800
1900.00 -71.11063354  13.61909873
1902.00 -71.26358126  13.66123339
1904.00 -71.41666930  13.70345203
1906.00 -71.56989760  13.74575474
1908.00 -71.72326610  13.78814159
1910.00 -71.87677473  13.83061263
1912.00 -72.03042345  13.87316794
1914.00 -72.18421218  13.91580759
1916.00 -72.33814087  13.95853165
1918.00 -72.49220945  14.00134019
1920.00 -72.64641786  14.04423327
1922.00 -72.80076605  14.08721097
1924.00 -72.95525395  14.13027335
1926.00 -73.10988149  14.17342049
1928.00 -73.26464863  14.21665245
1930.00 -73.41955529  14.25996929
1932.00 -73.57460142  14.30337110
1934.00 -73.72978695  14.34685793
1936.00 -73.88511183  14.39042987
1938.00 -74.04057599  14.43408696
1940.00 -74.19617937  14.47782929
1942.00 -74.35192190  14.52165692
1944.00 -74.50780353  14.56556992
1946.00 -74.66382420  14.60956836
1948.00 -74.81998384  14.65365231
1950.00 -74.97628240  14.69782183
1952.00 -75.13271980  14.74207699
1954.00 -75.28929599  14.78641787
1956.00 -75.44601091  14.83084452
1958.00 -75.60286449  14.87535702
1960.00 -75.75985668  14.91995543
1962.00 -75.91698740  14.96463983
1964.00 -76.07425661  15.00941028
1966.00 -76.23166423  15.05426684
1968.00 -76.38921020  15.09920960
1970.00 -76.54689447  15.14423860
1972.00 -76.70471696  15.18935393
1974.00 -76.86267763  15.23455564
1976.00 -77.02077640  15.27984381
1978.00 -77.17901321  15.32521851
1980.00 -77.33738800  15.37067979
1982.00 -77.49590072  15.41622774
1984.00 -77.65455128  15.46186241
1986.00 -77.81333965  15.50758387
1988.00 -77.97226574  15.55339219
1990.00 -78.13132950  15.59928744
1992.00 -78.29053087  15.64526968
1994.00 -78.44986978  15.69133898
1996.00 -78.60934617  15.73749541
1998.00 -78.76895997  15.78373903
2000.00 -78.92871114  15.83006992
2002.00 -79.08859959  15.87648813
2004.00 -79.24862528  15.92299374
2006.00 -79.40878813  15.96958681
2008.00 -79.56908809  16.01626740
2010.00 -79.72952508  16.06303560
2012.00 -79.89009906  16.10989145
2014.00 -80.05080994  16.15683503
2016.00 -80.21165768  16.20386640
2018.00 -80.37264221  16.25098563
2020.00 -80.53376347  16.29819279
2022.00 -80.69502138  16.34548794
2024.00 -80.85641590  16.39287115
2026.00 -81.01794694  16.44034249
2028.00 -81.17961447  16.48790201
2030.00 -81.34141840  16.53554979
2032.00 -81.50335867  16.58328590
2034.00 -81.66543523  16.63111039
2036.00 -81.82764801  16.67902333
2038.00 -81.98999694  16.72702480
2040.00 -82.15248196  16.77511485
2042.00 -82.31510302  16.82329355
2044.00 -82.47786003  16.87156097
2046.00 -82.64075295  16.91991717
2048.00 -82.80378170  16.96836222
2050.00 -82.96694623  17.01689618
2052.00 -83.13024646  17.06551912
2054.00 -83.29368234  17.11423110
2056.00 -83.45725380  17.16303219
2058.00 -83.62096078  17.21192246
2060.00 -83.78480322  17.26090196
2062.00 -83.94878104  17.30997077
2064.00 -84.11289419  17.35912895
2066.00 -84.27714260  17.40837656
2068.00 -84.44152621  17.45771367
2070.00 -84.60604495  17.50714034
2072.00 -84.77069876  17.55665665
2074.00 -84.93548758  17.60626264
2076.00 -85.10041134  17.65595840
2078.00 -85.26546997  17.70574397
2080.00 -85.43066342  17.75561944
2082.00 -85.59599161  17.80558485
2084.00 -85.76145449  17.85564028
2086.00 -85.92705198  17.90578580
2088.00 -86.09278404  17.95602145
2090.00 -86.25865058  18.00634732
2092.00 -86.42465154  18.05676346
2094.00 -86.59078687  18.10726993
2096.00 -86.75705649  18.15786681
2098.00 -86.92346035  18.20855415
2100.00 -87.08999837  18.25933202
2102.00 -87.25667049  18.31020049
2104.00 -87.42347665  18.36115961
2106.00 -87.59041678  18.41220945
2108.00 -87.75749083  18.46335008
2110.00 -87.92469871  18.51458156
2112.00 -88.09204037  18.56590395
2114.00 -88.25951574  18.61731731
2116.00 -88.42712477  18.66882171
2118.00 -88.59486737  18.72041722
2120.00 -88.76274349  18.77210389
2122.00 -88.93075307  18.82388179
2124.00 -89.09889603  18.87575099
2126.00 -89.26717231  18.92771154
2128.00 -89.43558186  18.97976351
2130.00 -89.60412459  19.03190696
2132.00 -89.77280045  19.08414195
2134.00 -89.94160937  19.13646856
2136.00 -90.11055129  19.18888683
2138.00 -90.27962613  19.24139684
2140.00 -90.44883384  19.29399865
2142.00 -90.61817435  19.34669232
2144.00 -90.78764760  19.39947791
2146.00 -90.95725351  19.45235548
2148.00 -91.12699203  19.50532510
2150.00 -91.29686308  19.55838683
2152.00 -91.46686661  19.61154074
2154.00 -91.63700254  19.66478688
2156.00 -91.80727081  19.71812532
2158.00 -91.97767135  19.77155611
2160.00 -92.14820410  19.82507933
2162.00 -92.31886900  19.87869504
2164.00 -92.48966597  19.93240329
2166.00 -92.66059496  19.98620414
2168.00 -92.83165588  20.04009767
2170.00 -93.00284869  20.09408394
2172.00 -93.17417331  20.14816299
2174.00 -93.34562968  20.20233490
2176.00 -93.51721772  20.25659973
2178.00 -93.68893739  20.31095754
2180.00 -93.86078860  20.36540840
2182.00 -94.03277129  20.41995235
2184.00 -94.20488540  20.47458947
2186.00 -94.37713085  20.52931982
2188.00 -94.54950760  20.58414345
2190.00 -94.72201555  20.63906043
2192.00 -94.89465466  20.69407083
2194.00 -95.06742486  20.74917469
2196.00 -95.24032607  20.80437209
2198.00 -95.41335823  20.85966308
2200.00 -95.58652128  20.91504772
2202.00 -95.75981515  20.97052609
2204.00 -95.93323977  21.02609823
2206.00 -96.10679507  21.08176420
2208.00 -96.28048099  21.13752408
2210.00 -96.45429746  21.19337792
2212.00 -96.62824442  21.24932577
2214.00 -96.80232180  21.30536771
2216.00 -96.97652953  21.36150379
2218.00 -97.15086754  21.41773407
2220.00 -97.32533578  21.47405862
2222.00 -97.49993416  21.53047749
2224.00 -97.67466263  21.58699074
2226.00 -97.84952111  21.64359844
2228.00 -98.02450954  21.70030064
2230.00 -98.19962786  21.75709740
2232.00 -98.37487600  21.81398879
2234.00 -98.55025388  21.87097487
2236.00 -98.72576144  21.92805569
2238.00 -98.90139862  21.98523131
2240.00 -99.07716535  22.04250180
2242.00 -99.25306156  22.09986722
2244.00 -99.42908718  22.15732762
2246.00 -99.60524214  22.21488306
2248.00 -99.78152639  22.27253361
2250.00 -99.95793985  22.33027932
2252.00 -100.13448245  22.38812025
2254.00 -100.31115412  22.44605647
2256.00 -100.48795481  22.50408803
2258.00 -100.66488443  22.56221499
2260.00 -100.84194293  22.62043741
2262.00 -101.01913024  22.67875536
2264.00 -101.19644629  22.73716888
2266.00 -101.37389100  22.79567804
2268.00 -101.55146433  22.85428290
2270.00 -101.72916618  22.91298351
2272.00 -101.90699651  22.97177994
2274.00 -102.08495523  23.03067225
2276.00 -102.26304229  23.08966049
2278.00 -102.44125761  23.14874472
2280.00 -102.61960113  23.20792500
2282.00 -102.79807278  23.26720139
2284.00 -102.97667249  23.32657396
2286.00 -103.15540019  23.38604275
2288.00 -103.33425582  23.44560782
2290.00 -103.51323931  23.50526924
2292.00 -103.69235058  23.56502706
2294.00 -103.87158958  23.62488134
2296.00 -104.05095622  23.68483214
2298.00 -104.23045046  23.74487952
2300.00 -104.41007221  23.80502354
2302.00 -104.58982141  23.86526424
2304.00 -104.76969799  23.92560170
2306.00 -104.94970188  23.98603597
2308.00 -105.12983302  24.04656711
2310.00 -105.31009133  24.10719517
2312.00 -105.49047675  24.16792022
2314.00 -105.67098921  24.22874231
2316.00 -105.85162863  24.28966150
2318.00 -106.03239496  24.35067784
2320.00 -106.21328813  24.41179139
2322.00 -106.39430806  24.47300222
2324.00 -106.57545468  24.53431038
2326.00 -106.75672793  24.59571592
2328.00 -106.93812775  24.65721891
2330.00 -107.11965405  24.71881940
2332.00 -107.30130677  24.78051745
2334.00 -107.48308585  24.84231311
2336.00 -107.66499121  24.90420645
2338.00 -107.84702279  24.96619751
2340.00 -108.02918052  25.02828636
2342.00 -108.21146432  25.09047306
2344.00 -108.39387414  25.15275765
2346.00 -108.57640989  25.21514021
2348.00 -108.75907152  25.27762077
2350.00 -108.94185895  25.34019941
2352.00 -109.12477211  25.40287617
2354.00 -109.30781094  25.46565112
2356.00 -109.49097536  25.52852431
2358.00 -109.67426531  25.59149580
2360.00 -109.85768072  25.65456564
2362.00 -110.04122152  25.71773388
2364.00 -110.22488763  25.78100060
2366.00 -110.40867900  25.84436584
2368.00 -110.59259555  25.90782965
2370.00 -110.77663720  25.97139210
2372.00 -110.96080391  26.03505324
2374.00 -111.14509558  26.09881312
2376.00 -111.32951216  26.16267181
2378.00 -111.51405357  26.22662936
2380.00 -111.69871975  26.29068582
2382.00 -111.88351063  26.35484125
2384.00 -112.06842613  26.41909570
2386.00 -112.25346619  26.48344923
2388.00 -112.43863074  26.54790191
2390.00 -112.62391970  26.61245377
2392.00 -112.80933301  26.67710488
2394.00 -112.99487060  26.74185530
2396.00 -113.18053240  26.80670507
2398.00 -113.36631835  26.87165425
2400.00 -113.55222836  26.93670291
2402.00 -113.73826237  27.00185109
2404.00 -113.92442031  27.06709884
2406.00 -114.11070211  27.13244623
2408.00 -114.29710770  27.19789331
2410.00 -114.48363702  27.26344013
2412.00 -114.67028999  27.32908676
2414.00 -114.85706653  27.39483323
2416.00 -115.04396659  27.46067961
2418.00 -115.23099009  27.52662596
2420.00 -115.41813697  27.59267232
2422.00 -115.60540714  27.65881876
2424.00 -115.79280055  27.72506532
2426.00 -115.98031712  27.79141206
2428.00 -116.16795678  27.85785903
2430.00 -116.35571946  27.92440630
2432.00 -116.54360510  27.99105391
2434.00 -116.73161361  28.05780192
2436.00 -116.91974494  28.12465038
2438.00 -117.10799901  28.19159934
2440.00 -117.29637575  28.25864887
2442.00 -117.48487509  28.32579901
2444.00 -117.67349696  28.39304981
2446.00 -117.86224129  28.46040134
2448.00 -118.05110801  28.52785365
2450.00 -118.24009705  28.59540678
2452.00 -118.42920833  28.66306080
2454.00 -118.61844180  28.73081575
2456.00 -118.80779738  28.79867169
2458.00 -118.99727499  28.86662868
2460.00 -119.18687457  28.93468676
2462.00 -119.37659605  29.00284599
2464.00 -119.56643935  29.07110643
2466.00 -119.75640441  29.13946812
2468.00 -119.94649116  29.20793112
2470.00 -120.13669951  29.27649548
2472.00 -120.32702942  29.34516126
2474.00 -120.51748079  29.41392851
2476.00 -120.70805357  29.48279729
2478.00 -120.89874768  29.55176763
2480.00 -121.08956305  29.62083960
2482.00 -121.28049961  29.69001326
2484.00 -121.47155729  29.75928864
2486.00 -121.66273602  29.82866582
2488.00 -121.85403573  29.89814483
2490.00 -122.04545634  29.96772573
2492.00 -122.23699779  30.03740857
2494.00 -122.42866001  30.10719341
2496.00 -122.62044291  30.17708029
2498.00 -122.81234644  30.24706928
2500.00 -123.00437053  30.31716042
2502.00 -123.19651509  30.38735376
2504.00 -123.38878007  30.45764936
2506.00 -123.58116538  30.52804727
2508.00 -123.77367096  30.59854753
2510.00 -123.96629674  30.66915021
2512.00 -124.15904264  30.73985536
2514.00 -124.35190860  30.81066302
2516.00 -124.54489454  30.88157324
2518.00 -124.73800039  30.95258609
2520.00 -124.93122608  31.02370160
2522.00 -125.12457154  31.09491984
2524.00 -125.31803670  31.16624086
2526.00 -125.51162149  31.23766469
2528.00 -125.70532583  31.30919141
2530.00 -125.89914966  31.38082105
2532.00 -126.09309289  31.45255367
2534.00 -126.28715547  31.52438932
2536.00 -126.48133732  31.59632805
2538.00 -126.67563837  31.66836992
2540.00 -126.87005854  31.74051497
2542.00 -127.06459777  31.81276325
2544.00 -127.25925598  31.88511482
2546.00 -127.45403310  31.95756972
2548.00 -127.64892907  32.03012801
2550.00 -127.84394380  32.10278974
2552.00 -128.03907723  32.17555495
2554.00 -128.23432928  32.24842371
2556.00 -128.42969989  32.32139605
2558.00 -128.62518898  32.39447203
2560.00 -128.82079648  32.46765170
2562.00 -129.01652232  32.54093512
2564.00 -129.21236643  32.61432232
2566.00 -129.40832873  32.68781336
2568.00 -129.60440915  32.76140830
2570.00 -129.80060763  32.83510717
2572.00 -129.99692408  32.90891004
2574.00 -130.19335844  32.98281695
2576.00 -130.38991064  33.05682794
2578.00 -130.58658060  33.13094308
2580.00 -130.78336825  33.20516241
2582.00 -130.98027352  33.27948598
2584.00 -131.17729634  33.35391384
2586.00 -131.37443663  33.42844603
2588.00 -131.57169433  33.50308262
2590.00 -131.76906935  33.57782364
2592.00 -131.96656164  33.65266916
2594.00 -132.16417112  33.72761921
2596.00 -132.36189770  33.80267384
2598.00 -132.55974133  33.87783311
2600.00 -132.75770194  33.95309707
2602.00 -132.95577944  34.02846576
2604.00 -133.15397376  34.10393923
2606.00 -133.35228484  34.17951753
2608.00 -133.55071260  34.25520072
2610.00 -133.74925697  34.33098883
2612.00 -133.94791787  34.40688193
2614.00 -134.14669525  34.48288005
2616.00 -134.34558901  34.55898324
2618.00 -134.54459909  34.63519156
2620.00 -134.74372542  34.71150506
2622.00 -134.94296792  34.78792377
2624.00 -135.14232653  34.86444776
2626.00 -135.34180116  34.94107706
2628.00 -135.54139175  35.01781173
2630.00 -135.74109823  35.09465182
2632.00 -135.94092052  35.17159737
2634.00 -136.14085854  35.24864843
2636.00 -136.34091224  35.32580504
2638.00 -136.54108153  35.40306727
2640.00 -136.74136634  35.48043515
2642.00 -136.94176660  35.55790874
2644.00 -137.14228223  35.63548807
2646.00 -137.34291317  35.71317321
2648.00 -137.54365934  35.79096419
2650.00 -137.74452067  35.86886106
2652.00 -137.94549708  35.94686388
2654.00 -138.14658851  36.02497269
2656.00 -138.34779487  36.10318753
2658.00 -138.54911610  36.18150845
2660.00 -138.75055213  36.25993551
2662.00 -138.95210288  36.33846875
2664.00 -139.15376827  36.41710821
2666.00 -139.35554824  36.49585395
2668.00 -139.55744271  36.57470600
2670.00 -139.75945161  36.65366443
2672.00 -139.96157487  36.73272926
2674.00 -140.16381241  36.81190056
2676.00 -140.36616416  36.89117837
2678.00 -140.56863005  36.97056273
2680.00 -140.77121001  37.05005369
2682.00 -140.97390395  37.12965130
2684.00 -141.17671181  37.20935561
2686.00 -141.37963352  37.28916666
2688.00 -141.58266900  37.36908449
2690.00 -141.78581818  37.44910916
2692.00 -141.98908098  37.52924071
2694.00 -142.19245733  37.60947918
2696.00 -142.39594717  37.68982463
2698.00 -142.59955041  37.77027710
2700.00 -142.80326698  37.85083664
2702.00 -143.00709681  37.93150328
2704.00 -143.21103983  38.01227708
2706.00 -143.41509596  38.09315809
2708.00 -143.61926513  38.17414635
2710.00 -143.82354726  38.25524190
2712.00 -144.02794229  38.33644479
2714.00 -144.23245014  38.41775507
2716.00 -144.43707073  38.49917278
2718.00 -144.64180400  38.58069796
2720.00 -144.84664986  38.66233067
2722.00 -145.05160825  38.74407095
2724.00 -145.25667909  38.82591885
2726.00 -145.46186231  38.90787440
2728.00 -145.66715783  38.98993766
2730.00 -145.87256559  39.07210867
2732.00 -146.07808550  39.15438747
2734.00 -146.28371750  39.23677411
2736.00 -146.48946151  39.31926864
2738.00 -146.69531745  39.40187110
2740.00 -146.90128526  39.48458153
2742.00 -147.10736486  39.56739999
2744.00 -147.31355617  39.65032650
2746.00 -147.51985913  39.73336113
2748.00 -147.72627365  39.81650391
2750.00 -147.93279967  39.89975489
2752.00 -148.13943711  39.98311411
2754.00 -148.34618590  40.06658163
2756.00 -148.55304596  40.15015747
2758.00 -148.76001722  40.23384169
2760.00 -148.96709961  40.31763433
2762.00 -149.17429305  40.40153543
2764.00 -149.38159747  40.48554504
2766.00 -149.58901279  40.56966321
2768.00 -149.79653894  40.65388997
2770.00 -150.00417585  40.73822538
2772.00 -150.21192344  40.82266947
2774.00 -150.41978164  40.90722228
2776.00 -150.62775038  40.99188388
2778.00 -150.83582957  41.07665428
2780.00 -151.04401916  41.16153355
2782.00 -151.25231905  41.24652172
2784.00 -151.46072919  41.33161884
2786.00 -151.66924948  41.41682495
2788.00 -151.87787987  41.50214009
2790.00 -152.08662028  41.58756432
2792.00 -152.29547063  41.67309766
2794.00 -152.50443084  41.75874016
2796.00 -152.71350085  41.84449188
2798.00 -152.92268059  41.93035284
2800.00 -153.13196996  42.01632310
2802.00 -153.34136891  42.10240269
2804.00 -153.55087736  42.18859167
2806.00 -153.76049523  42.27489007
2808.00 -153.97022244  42.36129793
2810.00 -154.18005894  42.44781530
2812.00 -154.39000463  42.53444222
2814.00 -154.60005945  42.62117873
2816.00 -154.81022332  42.70802488
2818.00 -155.02049617  42.79498071
2820.00 -155.23087793  42.88204625
2822.00 -155.44136851  42.96922157
2824.00 -155.65196785  43.05650668
2826.00 -155.86267586  43.14390165
2828.00 -156.07349249  43.23140650
2830.00 -156.28441764  43.31902129
2832.00 -156.49545125  43.40674605
2834.00 -156.70659325  43.49458083
2836.00 -156.91784355  43.58252566
2838.00 -157.12920209  43.67058060
2840.00 -157.34066878  43.75874568
2842.00 -157.55224356  43.84702094
2844.00 -157.76392635  43.93540643
2846.00 -157.97571708  44.02390218
2848.00 -158.18761567  44.11250825
2850.00 -158.39962204  44.20122466
2852.00 -158.61173613  44.29005147
2854.00 -158.82395785  44.37898870
2856.00 -159.03628714  44.46803642
2858.00 -159.24872391  44.55719465
2860.00 -159.46126810  44.64646343
2862.00 -159.67391963  44.73584282
2864.00 -159.88667842  44.82533284
2866.00 -160.09954440  44.91493354
2868.00 -160.31251750  45.00464497
2870.00 -160.52559764  45.09446716
2872.00 -160.73878474  45.18440015
2874.00 -160.95207873  45.27444398
2876.00 -161.16547954  45.36459870
2878.00 -161.37898709  45.45486435
2880.00 -161.59260131  45.54524096
2882.00 -161.80632212  45.63572858
2884.00 -162.02014944  45.72632724
2886.00 -162.23408321  45.81703699
2888.00 -162.44812334  45.90785787
2890.00 -162.66226977  45.99878992
2892.00 -162.87652241  46.08983318
2894.00 -163.09088120  46.18098769
2896.00 -163.30534605  46.27225348
2898.00 -163.51991690  46.36363060
2900.00 -163.73459367  46.45511910
2902.00 -163.94937627  46.54671900
2904.00 -164.16426465  46.63843035
2906.00 -164.37925872  46.73025318
2908.00 -164.59435841  46.82218755
2910.00 -164.80956364  46.91423349
2912.00 -165.02487434  47.00639103
2914.00 -165.24029043  47.09866022
2916.00 -165.45581184  47.19104109
2918.00 -165.67143849  47.28353370
2920.00 -165.88717031  47.37613806
2922.00 -166.10300723  47.46885424
2924.00 -166.31894916  47.56168225
2926.00 -166.53499603  47.65462215
2928.00 -166.75114777  47.74767398
2930.00 -166.96740431  47.84083776
2932.00 -167.18376556  47.93411355
2934.00 -167.40023145  48.02750137
2936.00 -167.61680192  48.12100128
2938.00 -167.83347687  48.21461330
2940.00 -168.05025624  48.30833748
2942.00 -168.26713995  48.40217385
2944.00 -168.48412793  48.49612246
2946.00 -168.70122010  48.59018333
2948.00 -168.91841638  48.68435652
2950.00 -169.13571671  48.77864206
2952.00 -169.35312100  48.87303999
2954.00 -169.57062918  48.96755034
2956.00 -169.78824117  49.06217316
2958.00 -170.00595691  49.15690848
2960.00 -170.22377631  49.25175634
2962.00 -170.44169930  49.34671678
2964.00 -170.65972580  49.44178983
2966.00 -170.87785574  49.53697554
2968.00 -171.09608905  49.63227395
2970.00 -171.31442564  49.72768508
2972.00 -171.53286544  49.82320899
2974.00 -171.75140838  49.91884570
2976.00 -171.97005438  50.01459525
2978.00 -172.18880337  50.11045769
2980.00 -172.40765527  50.20643304
2982.00 -172.62661000  50.30252135
2984.00 -172.84566749  50.39872266
2986.00 -173.06482767  50.49503699
2988.00 -173.28409046  50.59146440
2990.00 -173.50345577  50.68800491
2992.00 -173.72292355  50.78465857
2994.00 -173.94249371  50.88142540
2996.00 -174.16216618  50.97830546
2998.00 -174.38194087  51.07529877
3000.00 -174.60181773  51.17240537
3002.00 -174.82179666  51.26962530
3004.00 -175.04187760  51.36695859
3006.00 -175.26206047  51.46440529
3008.00 -175.48234519  51.56196542
3010.00 -175.70273169  51.65963903
3012.00 -175.92321989  51.75742615
3014.00 -176.14380972  51.85532682
3016.00 -176.36450109  51.95334108
3018.00 -176.58529395  52.05146896
3020.00 -176.80618820  52.14971049
3022.00 -177.02718378  52.24806572
3024.00 -177.24828061  52.34653468
3026.00 -177.46947861  52.44511741
3028.00 -177.69077771  52.54381394
3030.00 -177.91217783  52.64262431
3032.00 -178.13367889  52.74154855
3034.00 -178.35528083  52.84058670
3036.00 -178.57698355  52.93973880
3038.00 -178.79878700  53.03900489
3040.00 -179.02069109  53.13838499
3042.00 -179.24269575  53.23787914
3044.00 -179.46480090  53.33748739
3046.00 -179.68700647  53.43720975
3048.00 -179.90931237  53.53704628
3050.00 -180.13171854  53.63699701
3052.00 -180.35422490  53.73706196
3054.00 -180.57683137  53.83724119
3056.00 -180.79953787  53.93753471
3058.00 -181.02234434  54.03794257
3060.00 -181.24525069  54.13846481
3062.00 -181.46825686  54.23910145
3064.00 -181.69136275  54.33985253
3066.00 -181.91456830  54.44071809
3068.00 -182.13787344  54.54169816
3070.00 -182.36127808  54.64279278
3072.00 -182.58478215  54.74400198
3074.00 -182.80838557  54.84532580
3076.00 -183.03208828  54.94676427
3078.00 -183.25589018  55.04831743
3080.00 -183.47979121  55.14998530
3082.00 -183.70379129  55.25176793
3084.00 -183.92789035  55.35366535
3086.00 -184.15208830  55.45567759
3088.00 -184.37638508  55.55780469
3090.00 -184.60078060  55.66004668
3092.00 -184.82527479  55.76240360
3094.00 -185.04986758  55.86487548
3096.00 -185.27455889  55.96746235
3098.00 -185.49934864  56.07016425
3100.00 -185.72423675  56.17298122
3102.00 -185.94922316  56.27591328
3104.00 -186.17430778  56.37896047
3106.00 -186.39949054  56.48212282
3108.00 -186.62477136  56.58540037
3110.00 -186.85015017  56.68879315
3112.00 -187.07562689  56.79230120
3114.00 -187.30120144  56.89592454
3116.00 -187.52687376  56.99966322
3118.00 -187.75264375  57.10351726
3120.00 -187.97851135  57.20748669
3122.00 -188.20447648  57.31157156
3124.00 -188.43053906  57.41577190
3126.00 -188.65669903  57.52008773
3128.00 -188.88295629  57.62451910
3130.00 -189.10931078  57.72906602
3132.00 -189.33576242  57.83372855
3134.00 -189.56231113  57.93850670
3136.00 -189.78895684  58.04340052
3138.00 -190.01569947  58.14841003
3140.00 -190.24253895  58.25353527
3142.00 -190.46947519  58.35877627
3144.00 -190.69650813  58.46413306
3146.00 -190.92363768  58.56960568
3148.00 -191.15086377  58.67519416
3150.00 -191.37818633  58.78089853
3152.00 -191.60560528  58.88671883
3154.00 -191.83312053  58.99265507
3156.00 -192.06073203  59.09870731
3158.00 -192.28843968  59.20487557
3160.00 -192.51624341  59.31115987
3162.00 -192.74414316  59.41756026
3164.00 -192.97213883  59.52407677
3166.00 -193.20023035  59.63070943
3168.00 -193.42841766  59.73745826
3170.00 -193.65670067  59.84432331
3172.00 -193.88507930  59.95130460
3174.00 -194.11355348  60.05840217
3176.00 -194.34212314  60.16561604
3178.00 -194.57078819  60.27294625
3180.00 -194.79954856  60.38039283
3182.00 -195.02840418  60.48795582
3184.00 -195.25735496  60.59563523
3186.00 -195.48640084  60.70343111
3188.00 -195.71554173  60.81134348
3190.00 -195.94477756  60.91937239
3192.00 -196.17410825  61.02751784
3194.00 -196.40353373  61.13577989
3196.00 -196.63305392  61.24415856
3198.00 -196.86266874  61.35265388
3200.00 -197.09237812  61.46126588
3202.00 -197.32218198  61.56999459
3204.00 -197.55208025  61.67884005
3206.00 -197.78207285  61.78780228
3208.00 -198.01215969  61.89688131
3210.00 -198.24234072  62.00607718
3212.00 -198.47261584  62.11538992
3214.00 -198.70298498  62.22481955
3216.00 -198.93344807  62.33436611
3218.00 -199.16400503  62.44402963
3220.00 -199.39465579  62.55381013
3222.00 -199.62540026  62.66370765
3224.00 -199.85623838  62.77372222
3226.00 -200.08717005  62.88385387
3228.00 -200.31819522  62.99410263
3230.00 -200.54931380  63.10446853
3232.00 -200.78052571  63.21495159
3234.00 -201.01183088  63.32555185
3236.00 -201.24322924  63.43626934
3238.00 -201.47472070  63.54710409
3240.00 -201.70630519  63.65805612
3242.00 -201.93798263  63.76912547
3244.00 -202.16975295  63.88031217
3246.00 -202.40161607  63.99161625
3248.00 -202.63357192  64.10303773
3250.00 -202.86562041  64.21457664
3252.00 -203.09776147  64.32623302
3254.00 -203.32999503  64.43800690
3256.00 -203.56232101  64.54989830
3258.00 -203.79473932  64.66190725
3260.00 -204.02724991  64.77403378
3262.00 -204.25985268  64.88627792
3264.00 -204.49254756  64.99863970
3266.00 -204.72533448  65.11111915
3268.00 -204.95821336  65.22371629
3270.00 -205.19118412  65.33643117
3272.00 -205.42424668  65.44926379
3274.00 -205.65740098  65.56221421
3276.00 -205.89064693  65.67528243
3278.00 -206.12398446  65.78846849
3280.00 -206.35741348  65.90177243
3282.00 -206.59093393  66.01519426
3284.00 -206.82454573  66.12873402
3286.00 -207.05824880  66.24239173
3288.00 -207.29204306  66.35616742
3290.00 -207.52592844  66.47006113
3292.00 -207.75990486  66.58407287
3294.00 -207.99397225  66.69820269
3296.00 -208.22813052  66.81245059
3298.00 -208.46237961  66.92681662
3300.00 -208.69671943  67.04130081
3302.00 -208.93114991  67.15590317
3304.00 -209.16567097  67.27062374
3306.00 -209.40028253  67.38546254
3308.00 -209.63498453  67.50041961
3310.00 -209.86977687  67.61549496
3312.00 -210.10465950  67.73068864
3314.00 -210.33963232  67.84600066
3316.00 -210.57469526  67.96143105
3318.00 -210.80984825  68.07697984
3320.00 -211.04509121  68.19264706
3322.00 -211.28042407  68.30843273
3324.00 -211.51584673  68.42433689
3326.00 -211.75135914  68.54035955
3328.00 -211.98696122  68.65650075
3330.00 -212.22265288  68.77276052
3332.00 -212.45843404  68.88913887
3334.00 -212.69430465  69.00563584
3336.00 -212.93026461  69.12225146
3338.00 -213.16631385  69.23898574
3340.00 -213.40245229  69.35583873
3342.00 -213.63867986  69.47281043
3344.00 -213.87499648  69.58990089
3346.00 -214.11140208  69.70711013
3348.00 -214.34789657  69.82443817
3350.00 -214.58447989  69.94188504
3352.00 -214.82115194  70.05945076
3354.00 -215.05791267  70.17713537
3356.00 -215.29476199  70.29493889
3358.00 -215.53169982  70.41286135
3360.00 -215.76872609  70.53090277
3362.00 -216.00584072  70.64906317
3364.00 -216.24304364  70.76734259
3366.00 -216.48033476  70.88574105
3368.00 -216.71771402  71.00425857
3370.00 -216.95518133  71.12289519
3372.00 -217.19273661  71.24165092
3374.00 -217.43037980  71.36052580
3376.00 -217.66811082  71.47951984
3378.00 -217.90592959  71.59863308
3380.00 -218.14383602  71.71786554
3382.00 -218.38183005  71.83721725
3384.00 -218.61991160  71.95668823
3386.00 -218.85808060  72.07627850
3388.00 -219.09633695  72.19598810
3390.00 -219.33468060  72.31581704
3392.00 -219.57311146  72.43576535
3394.00 -219.81162946  72.55583306
3396.00 -220.05023451  72.67602020
3398.00 -220.28892655  72.79632678
3400.00 -220.52770549  72.91675284
3402.00 -220.76657126  73.03729839
3404.00 -221.00552379  73.15796346
3406.00 -221.24456299  73.27874808
3408.00 -221.48368879  73.39965228
3410.00 -221.72290112  73.52067607
3412.00 -221.96219989  73.64181948
3414.00 -222.20158503  73.76308254
3416.00 -222.44105646  73.88446526
3418.00 -222.68061411  74.00596769
3420.00 -222.92025790  74.12758983
3422.00 -223.15998775  74.24933171
3424.00 -223.39980359  74.37119337
3426.00 -223.63970534  74.49317481
3428.00 -223.87969292  74.61527607
3430.00 -224.11976627  74.73749718
3432.00 -224.35992529  74.85983814
3434.00 -224.60016991  74.98229900
3436.00 -224.84050006  75.10487976
3438.00 -225.08091566  75.22758047
3440.00 -225.32141664  75.35040113
3442.00 -225.56200291  75.47334178
3444.00 -225.80267441  75.59640243
3446.00 -226.04343105  75.71958311
3448.00 -226.28427275  75.84288385
3450.00 -226.52519945  75.96630467
3452.00 -226.76621106  76.08984559
3454.00 -227.00730751  76.21350664
3456.00 -227.24848872  76.33728783
3458.00 -227.48975461  76.46118919
3460.00 -227.73110512  76.58521075
3462.00 -227.97254015  76.70935253
3464.00 -228.21405964  76.83361455
3466.00 -228.45566351  76.95799683
3468.00 -228.69735168  77.08249940
3470.00 -228.93912407  77.20712228
3472.00 -229.18098062  77.33186550
3474.00 -229.42292123  77.45672907
3476.00 -229.66494584  77.58171302
3478.00 -229.90705437  77.70681737
3480.00 -230.14924675  77.83204214
3482.00 -230.39152288  77.95738736
3484.00 -230.63388271  78.08285305
3486.00 -230.87632615  78.20843923
3488.00 -231.11885313  78.33414593
3490.00 -231.36146356  78.45997316
3492.00 -231.60415738  78.58592095
3494.00 -231.84693451  78.71198932
3496.00 -232.08979486  78.83817830
3498.00 -232.33273837  78.96448790
3500.00 -232.57576495  79.09091814
3502.00 -232.81887454  79.21746906
3504.00 -233.06206705  79.34414067
3506.00 -233.30534240  79.47093299
3508.00 -233.54870053  79.59784605
3510.00 -233.79214135  79.72487986
3512.00 -234.03566479  79.85203446
3514.00 -234.27927077  79.97930985
3516.00 -234.52295921  80.10670606
3518.00 -234.76673005  80.23422312
3520.00 -235.01058319  80.36186104
3522.00 -235.25451857  80.48961985
3524.00 -235.49853610  80.61749957
3526.00 -235.74263572  80.74550022
3528.00 -235.98681735  80.87362182
3530.00 -236.23108090  81.00186439
3532.00 -236.47542631  81.13022795
3534.00 -236.71985349  81.25871252
3536.00 -236.96436237  81.38731813
3538.00 -237.20895287  81.51604480
3540.00 -237.45362492  81.64489254
3542.00 -237.69837844  81.77386138
3544.00 -237.94321336  81.90295134
3546.00 -238.18812959  82.03216244
3548.00 -238.43312706  82.16149470
3550.00 -238.67820570  82.29094814
3552.00 -238.92336542  82.42052278
3554.00 -239.16860615  82.55021864
3556.00 -239.41392782  82.68003575
3558.00 -239.65933035  82.80997411
3560.00 -239.90481366  82.94003376
3562.00 -240.15037768  83.07021472
3564.00 -240.39602232  83.20051699
3566.00 -240.64174751  83.33094061
3568.00 -240.88755319  83.46148560
3570.00 -241.13343926  83.59215197
3572.00 -241.37940565  83.72293974
3574.00 -241.62545230  83.85384893
3576.00 -241.87157911  83.98487957
3578.00 -242.11778601  84.11603168
3580.00 -242.36407294  84.24730526
3582.00 -242.61043980  84.37870035
3584.00 -242.85688653  84.51021696
3586.00 -243.10341305  84.64185512
3588.00 -243.35001928  84.77361483
3590.00 -243.59670514  84.90549613
3592.00 -243.84347057  85.03749903
3594.00 -244.09031547  85.16962355
3596.00 -244.33723979  85.30186971
3598.00 -244.58424343  85.43423753
3600.00 -244.83132633  85.56672702
3602.00 -245.07848840  85.69933821
3604.00 -245.32572958  85.83207112
3606.00 -245.57304978  85.96492576
3608.00 -245.82044893  86.09790216
3610.00 -246.06792695  86.23100033
3612.00 -246.31548376  86.36422030
3614.00 -246.56311930  86.49756207
3616.00 -246.81083348  86.63102568
3618.00 -247.05862622  86.76461113
3620.00 -247.30649746  86.89831845
3622.00 -247.55444711  87.03214765
3624.00 -247.80247509  87.16609876
3626.00 -248.05058134  87.30017180
3628.00 -248.29876577  87.43436677
3630.00 -248.54702832  87.56868370
3632.00 -248.79536889  87.70312261
3634.00 -249.04378742  87.83768352
3636.00 -249.29228383  87.97236644
3638.00 -249.54085805  88.10717139
3640.00 -249.78950999  88.24209840
3642.00 -250.03823958  88.37714747
3644.00 -250.28704675  88.51231863
3646.00 -250.53593142  88.64761189
3648.00 -250.78489351  88.78302727
3650.00 -251.03393295  88.91856480
3652.00 -251.28304965  89.05422448
3654.00 -251.53224355  89.19000634
3656.00 -251.78151457  89.32591039
3658.00 -252.03086263  89.46193665
3660.00 -252.28028765  89.59808514
3662.00 -252.52978957  89.73435588
3664.00 -252.77936829  89.87074888
3666.00 -253.02902376  90.00726416
3668.00 -253.27875588  90.14390173
3670.00 -253.52856459  90.28066162
3672.00 -253.77844980  90.41754385
3674.00 -254.02841145  90.55454842
3676.00 -254.27844945  90.69167536
3678.00 -254.52856374  90.82892468
3680.00 -254.77875423  90.96629641
3682.00 -255.02902084  91.10379055
3684.00 -255.27936351  91.24140712
3686.00 -255.52978215  91.37914615
3688.00 -255.78027669  91.51700764
3690.00 -256.03084705  91.65499162
3692.00 -256.28149316  91.79309810
3694.00 -256.53221494  91.93132709
3696.00 -256.78301232  92.06967862
3698.00 -257.03388521  92.20815270
3700.00 -257.28483355  92.34674935
3702.00 -257.53585725  92.48546858
3704.00 -257.78695625  92.62431041
3706.00 -258.03813046  92.76327485
3708.00 -258.28937980  92.90236193
3710.00 -258.54070421  93.04157166
3712.00 -258.79210361  93.18090405
3714.00 -259.04357792  93.32035911
3716.00 -259.29512706  93.45993688
3718.00 -259.54675096  93.59963736
3720.00 -259.79844954  93.73946056
3722.00 -260.05022273  93.87940651
3724.00 -260.30207044  94.01947522
3726.00 -260.55399262  94.15966671
3728.00 -260.80598917  94.29998098
3730.00 -261.05806002  94.44041806
3732.00 -261.31020510  94.58097796
3734.00 -261.56242433  94.72166070
3736.00 -261.81471764  94.86246630
3738.00 -262.06708495  95.00339476
3740.00 -262.31952617  95.14444610
3742.00 -262.57204125  95.28562034
3744.00 -262.82463009  95.42691750
3746.00 -263.07729263  95.56833759
3748.00 -263.33002879  95.70988061
3750.00 -263.58283850  95.85154660
3752.00 -263.83572167  95.99333556
3754.00 -264.08867823  96.13524751
3756.00 -264.34170811  96.27728247
3758.00 -264.59481123  96.41944044
3760.00 -264.84798751  96.56172145
3762.00 -265.10123688  96.70412550
3764.00 -265.35455927  96.84665262
3766.00 -265.60795459  96.98930281
3768.00 -265.86142277  97.13207610
3770.00 -266.11496374  97.27497249
3772.00 -266.36857741  97.41799200
3774.00 -266.62226372  97.56113465
3776.00 -266.87602259  97.70440045
3778.00 -267.12985394  97.84778941
3780.00 -267.38375770  97.99130154
3782.00 -267.63773379  98.13493687
3784.00 -267.89178213  98.27869541
3786.00 -268.14590265  98.42257717
3788.00 -268.40009527  98.56658215
3790.00 -268.65435992  98.71071039
3792.00 -268.90869653  98.85496189
3794.00 -269.16310501  98.99933667
3796.00 -269.41758529  99.14383473
3798.00 -269.67213730  99.28845610
3800.00 -269.92676095  99.43320078
3802.00 -270.18145618  99.57806879
3804.00 -270.43622291  99.72306015
3806.00 -270.69106106  99.86817487
3808.00 -270.94597056 100.01341295
3810.00 -271.20095133 100.15877442
3812.00 -271.45600329 100.30425929
3814.00 -271.71112638 100.44986757
3816.00 -271.96632050 100.59559927
3818.00 -272.22158560 100.74145441
3820.00 -272.47692159 100.88743300
3822.00 -272.73232840 101.03353505
3824.00 -272.98780595 101.17976058
3826.00 -273.24335417 101.32610960
3828.00 -273.49897298 101.47258212
3830.00 -273.75466231 101.61917815
3832.00 -274.01042207 101.76589771
3834.00 -274.26625220 101.91274082
3836.00 -274.52215262 102.05970747
3838.00 -274.77812325 102.20679770
3840.00 -275.03416403 102.35401150
3842.00 -275.29027486 102.50134889
3844.00 -275.54645568 102.64880988
3846.00 -275.80270642 102.79639449
3848.00 -276.05902699 102.94410273
3850.00 -276.31541732 103.09193461
3852.00 -276.57187734 103.23989014
3854.00 -276.82840696 103.38796934
3856.00 -277.08500613 103.53617221
3858.00 -277.34167475 103.68449877
3860.00 -277.59841276 103.83294903
3862.00 -277.85522007 103.98152301
3864.00 -278.11209662 104.13022071
3866.00 -278.36904233 104.27904215
3868.00 -278.62605712 104.42798733
3870.00 -278.88314092 104.57705628
3872.00 -279.14029365 104.72624900
3874.00 -279.39751524 104.87556550
3876.00 -279.65480561 105.02500580
3878.00 -279.91216469 105.17456990
3880.00 -280.16959240 105.32425783
3882.00 -280.42708866 105.47406958
3884.00 -280.68465341 105.62400517
3886.00 -280.94228656 105.77406462
3888.00 -281.19998804 105.92424793
3890.00 -281.45775778 106.07455512
3892.00 -281.71559569 106.22498619
3894.00 -281.97350171 106.37554116
3896.00 -282.23147577 106.52622003
3898.00 -282.48951777 106.67702283
3900.00 -282.74762766 106.82794956
3902.00 -283.00580535 106.97900023
3904.00 -283.26405077 107.13017485
3906.00 -283.52236384 107.28147343
3908.00 -283.78074450 107.43289599
3910.00 -284.03919265 107.58444253
3912.00 -284.29770824 107.73611307
3914.00 -284.55629118 107.88790761
3916.00 -284.81494140 108.03982617
3918.00 -285.07365882 108.19186875
3920.00 -285.33244337 108.34403537
3922.00 -285.59129498 108.49632604
3924.00 -285.85021356 108.64874077
3926.00 -286.10919905 108.80127957
3928.00 -286.36825136 108.95394244
3930.00 -286.62737043 109.10672940
3932.00 -286.88655618 109.25964046
3934.00 -287.14580854 109.41267563
3936.00 -287.40512742 109.56583492
3938.00 -287.66451276 109.71911834
3940.00 -287.92396447 109.87252589
3942.00 -288.18348249 110.02605760
3944.00 -288.44306674 110.17971346
3946.00 -288.70271715 110.33349349
3948.00 -288.96243363 110.48739770
3950.00 -289.22221612 110.64142609
3952.00 -289.48206454 110.79557868
3954.00 -289.74197882 110.94985548
3956.00 -290.00195887 111.10425649
3958.00 -290.26200463 111.25878173
3960.00 -290.52211603 111.41343120
3962.00 -290.78229297 111.56820492
3964.00 -291.04253540 111.72310289
3966.00 -291.30284324 111.87812512
3968.00 -291.56321641 112.03327163
3970.00 -291.82365483 112.18854241
3972.00 -292.08415844 112.34393748
3974.00 -292.34472716 112.49945686
3976.00 -292.60536091 112.65510054
3978.00 -292.86605962 112.81086854
3980.00 -293.12682321 112.96676086
3982.00 -293.38765161 113.12277752
3984.00 -293.64854475 113.27891852
3986.00 -293.90950255 113.43518387
3988.00 -294.17052493 113.59157358
3990.00 -294.43161182 113.74808767
3992.00 -294.69276315 113.90472612
3994.00 -294.95397884 114.06148897
3996.00 -295.21525882 114.21837621
3998.00 -295.47660301 114.37538785
4000.00 -295.73801134 114.53252391
4002.00 -295.99948373 114.68978438
4004.00 -296.26102011 114.84716928
4006.00 -296.52262041 115.00467862
4008.00 -296.78428455 115.16231240
4010.00 -297.04601245 115.32007063
4012.00 -297.30780405 115.47795333
4014.00 -297.56965926 115.63596049
4016.00 -297.83157801 115.79409212
4018.00 -298.09356024 115.95234824
4020.00 -298.35560585 116.11072886
4022.00 -298.61771479 116.26923397
4024.00 -298.87988697 116.42786359
4026.00 -299.14212232 116.58661772
4028.00 -299.40442077 116.74549638
4030.00 -299.66678224 116.90449957
4032.00 -299.92920666 117.06362729
4034.00 -300.19169395 117.22287956
4036.00 -300.45424404 117.38225638
4038.00 -300.71685686 117.54175776
4040.00 -300.97953232 117.70138371
4042.00 -301.24227037 117.86113424
4044.00 -301.50507091 118.02100934
4046.00 -301.76793389 118.18100903
4048.00 -302.03085922 118.34113332
4050.00 -302.29384682 118.50138221
4052.00 -302.55689664 118.66175572
4054.00 -302.82000858 118.82225383
4056.00 -303.08318259 118.98287657
4058.00 -303.34641857 119.14362395
4060.00 -303.60971647 119.30449596
4062.00 -303.87307620 119.46549261
4064.00 -304.13649769 119.62661391
4066.00 -304.39998087 119.78785988
4068.00 -304.66352566 119.94923050
4070.00 -304.92713199 120.11072580
4072.00 -305.19079979 120.27234577
4074.00 -305.45452898 120.43409043
4076.00 -305.71831948 120.59595977
4078.00 -305.98217123 120.75795382
4080.00 -306.24608415 120.92007256
4082.00 -306.51005816 121.08231601
4084.00 -306.77409319 121.24468418
4086.00 -307.03818917 121.40717707
4088.00 -307.30234602 121.56979469
4090.00 -307.56656368 121.73253704
4092.00 -307.83084206 121.89540412
4094.00 -308.09518109 122.05839596
4096.00 -308.35958070 122.22151254
4098.00 -308.62404081 122.38475388
4100.00 -308.88856136 122.54811999
4102.00 -309.15314226 122.71161086
4104.00 -309.41778344 122.87522650
4106.00 -309.68248483 123.03896693
4108.00 -309.94724636 123.20283214
4110.00 -310.21206795 123.36682214
4112.00 -310.47694953 123.53093693
4114.00 -310.74189103 123.69517653
4116.00 -311.00689236 123.85954094
4118.00 -311.27195346 124.02403015
4120.00 -311.53707425 124.18864419
4122.00 -311.80225467 124.35338305
4124.00 -312.06749463 124.51824673
4126.00 -312.33279406 124.68323525
4128.00 -312.59815289 124.84834860
4130.00 -312.86357105 125.01358680
4132.00 -313.12904846 125.17894985
4134.00 -313.39458505 125.34443775
4136.00 -313.66018074 125.51005051
4138.00 -313.92583546 125.67578813
4140.00 -314.19154915 125.84165062
4142.00 -314.45732171 126.00763798
4144.00 -314.72315309 126.17375022
4146.00 -314.98904320 126.33998734
4148.00 -315.25499198 126.50634934
4150.00 -315.52099935 126.67283624
4152.00 -315.78706524 126.83944803
4154.00 -316.05318957 127.00618472
4156.00 -316.31937227 127.17304631
4158.00 -316.58561327 127.34003282
4160.00 -316.85191250 127.50714423
4162.00 -317.11826987 127.67438056
4164.00 -317.38468532 127.84174182
4166.00 -317.65115878 128.00922800
4168.00 -317.91769016 128.17683910
4170.00 -318.18427941 128.34457514
4172.00 -318.45092644 128.51243612
4174.00 -318.71763118 128.68042204
4176.00 -318.98439355 128.84853290
4178.00 -319.25121350 129.01676871
4180.00 -319.51809093 129.18512948
4182.00 -319.78502578 129.35361520
4184.00 -320.05201798 129.52222588
4186.00 -320.31906745 129.69096153
4188.00 -320.58617412 129.85982214
4190.00 -320.85333792 130.02880772
4192.00 -321.12055877 130.19791828
4194.00 -321.38783660 130.36715381
4196.00 -321.65517134 130.53651433
4198.00 -321.92256291 130.70599983
4200.00 -322.19001124 130.87561032
4202.00 -322.45751626 131.04534580
4204.00 -322.72507789 131.21520627
4206.00 -322.99269607 131.38519174
4208.00 -323.26037072 131.55530221
4210.00 -323.52810176 131.72553769
4212.00 -323.79588913 131.89589817
4214.00 -324.06373275 132.06638366
4216.00 -324.33163255 132.23699416
4218.00 -324.59958845 132.40772968
4220.00 -324.86760038 132.57859021
4222.00 -325.13566827 132.74957577
4224.00 -325.40379205 132.92068635
4226.00 -325.67197165 133.09192196
4228.00 -325.94020698 133.26328259
4230.00 -326.20849798 133.43476826
4232.00 -326.47684458 133.60637896
4234.00 -326.74524670 133.77811470
4236.00 -327.01370428 133.94997547
4238.00 -327.28221723 134.12196129
4240.00 -327.55078548 134.29407215
4242.00 -327.81940897 134.46630805
4244.00 -328.08808762 134.63866901
4246.00 -328.35682135 134.81115501
4248.00 -328.62561010 134.98376606
4250.00 -328.89445379 135.15650217
4252.00 -329.16335236 135.32936334
4254.00 -329.43230572 135.50234957
4256.00 -329.70131380 135.67546085
4258.00 -329.97037654 135.84869720
4260.00 -330.23949385 136.02205861
4262.00 -330.50866567 136.19554508
4264.00 -330.77789193 136.36915663
4266.00 -331.04717255 136.54289324
4268.00 -331.31650746 136.71675493
4270.00 -331.58589659 136.89074168
4272.00 -331.85533987 137.06485351
4274.00 -332.12483721 137.23909042
4276.00 -332.39438856 137.41345240
4278.00 -332.66399384 137.58793946
4280.00 -332.93365297 137.76255161
4282.00 -333.20336589 137.93728883
4284.00 -333.47313251 138.11215113
4286.00 -333.74295278 138.28713852
4288.00 -334.01282662 138.46225099
4290.00 -334.28275395 138.63748855
4292.00 -334.55273470 138.81285120
4294.00 -334.82276881 138.98833893
4296.00 -335.09285619 139.16395175
4298.00 -335.36299678 139.33968967
4300.00 -335.63319050 139.51555267
4302.00 -335.90343729 139.69154076
4304.00 -336.17373707 139.86765395
4306.00 -336.44408976 140.04389223
4308.00 -336.71449530 140.22025560
4310.00 -336.98495362 140.39674407
4312.00 -337.25546464 140.57335764
4314.00 -337.52602829 140.75009630
4316.00 -337.79664450 140.92696005
4318.00 -338.06731319 141.10394890
4320.00 -338.33803430 141.28106285
4322.00 -338.60880775 141.45830190
4324.00 -338.87963347 141.63566604
4326.00 -339.15051140 141.81315528
4328.00 -339.42144145 141.99076962
4330.00 -339.69242355 142.16850906
4332.00 -339.96345764 142.34637360
4334.00 -340.23454364 142.52436323
4336.00 -340.50568148 142.70247797
4338.00 -340.77687109 142.88071780
4340.00 -341.04811240 143.05908273
4342.00 -341.31940533 143.23757276
4344.00 -341.59074982 143.41618789
4346.00 -341.86214578 143.59492812
4348.00 -342.13359316 143.77379344
4350.00 -342.40509188 143.95278386
4352.00 -342.67664186 144.13189938
4354.00 -342.94824304 144.31114000
4356.00 -343.21989534 144.49050571
4358.00 -343.49159869 144.66999652
4360.00 -343.76335303 144.84961242
4362.00 -344.03515827 145.02935342
4364.00 -344.30701436 145.20921951
4366.00 -344.57892121 145.38921070
4368.00 -344.85087875 145.56932698
4370.00 -345.12288692 145.74956835
4372.00 -345.39494564 145.92993481
4374.00 -345.66705484 146.11042636
4376.00 -345.93921445 146.29104301
4378.00 -346.21142440 146.47178474
4380.00 -346.48368462 146.65265156
4382.00 -346.75599503 146.83364346
4384.00 -347.02835556 147.01476045
4386.00 -347.30076615 147.19600253
4388.00 -347.57322673 147.37736969
4390.00 -347.84573721 147.55886193
4392.00 -348.11829753 147.74047925
4394.00 -348.39090762 147.92222165
4396.00 -348.66356740 148.10408913
4398.00 -348.93627682 148.28608169
4400.00 -349.20903578 148.46819932
4402.00 -349.48184424 148.65044202
4404.00 -349.75470210 148.83280980
4406.00 -350.02760931 149.01530265
4408.00 -350.30056578 149.19792057
4410.00 -350.57357146 149.38066355
4412.00 -350.84662626 149.56353160
4414.00 -351.11973013 149.74652472
4416.00 -351.39288298 149.92964289
4418.00 -351.66608474 150.11288613
4420.00 -351.93933535 150.29625442
4422.00 -352.21263474 150.47974778
4424.00 -352.48598283 150.66336618
4426.00 -352.75937955 150.84710964
4428.00 -353.03282483 151.03097815
4430.00 -353.30631860 151.21497170
4432.00 -353.57986079 151.39909031
4434.00 -353.85345134 151.58333395
4436.00 -354.12709016 151.76770264
4438.00 -354.40077718 151.95219637
4440.00 -354.67451235 152.13681513
4442.00 -354.94829558 152.32155893
4444.00 -355.22212681 152.50642776
4446.00 -355.49600596 152.69142162
4448.00 -355.76993297 152.87654051
4450.00 -356.04390776 153.06178442
4452.00 -356.31793027 153.24715335
4454.00 -356.59200042 153.43264731
4456.00 -356.86611814 153.61826627
4458.00 -357.14028336 153.80401026
4460.00 -357.41449601 153.98987925
4462.00 -357.68875603 154.17587325
4464.00 -357.96306333 154.36199226
4466.00 -358.23741786 154.54823626
4468.00 -358.51181953 154.73460527
4470.00 -358.78626828 154.92109928
4472.00 -359.06076405 155.10771827
4474.00 -359.33530675 155.29446226
4476.00 -359.60989632 155.48133123
4478.00 -359.88453268 155.66832519
4480.00 -360.15921578 155.85544413
4482.00 -360.43394553 156.04268804
4484.00 -360.70872187 156.23005693
4486.00 -360.98354473 156.41755079
4488.00 -361.25841403 156.60516961
4490.00 -361.53332971 156.79291340
4492.00 -361.80829170 156.98078215
4494.00 -362.08329992 157.16877586
4496.00 -362.35835431 157.35689451
4498.00 -362.63345480 157.54513812
4500.00 -362.90860131 157.73350667
4502.00 -363.18379378 157.92200017
4504.00 -363.45903213 158.11061860
4506.00 -363.73431630 158.29936196
4508.00 -364.00964622 158.48823026
4510.00 -364.28502181 158.67722348
4512.00 -364.56044301 158.86634163
4514.00 -364.83590975 159.05558469
4516.00 -365.11142195 159.24495267
4518.00 -365.38697955 159.43444555
4520.00 -365.66258248 159.62406335
4522.00 -365.93823066 159.81380604
4524.00 -366.21392403 160.00367364
4526.00 -366.48966252 160.19366612
4528.00 -366.76544606 160.38378350
4530.00 -367.04127457 160.57402576
4532.00 -367.31714799 160.76439290
4534.00 -367.59306626 160.95488491
4536.00 -367.86902929 161.14550180
4538.00 -368.14503702 161.33624355
4540.00 -368.42108937 161.52711017
4542.00 -368.69718629 161.71810165
4544.00 -368.97332770 161.90921797
4546.00 -369.24951354 162.10045915
4548.00 -369.52574372 162.29182517
4550.00 -369.80201818 162.48331603
4552.00 -370.07833686 162.67493172
4554.00 -370.35469968 162.86667224
4556.00 -370.63110658 163.05853758
4558.00 -370.90755748 163.25052775
4560.00 -371.18405231 163.44264273
4562.00 -371.46059101 163.63488251
4564.00 -371.73717350 163.82724711
4566.00 -372.01379973 164.01973650
4568.00 -372.29046961 164.21235068
4570.00 -372.56718308 164.40508965
4572.00 -372.84394006 164.59795341
4574.00 -373.12074050 164.79094194
4576.00 -373.39758432 164.98405525
4578.00 -373.67447145 165.17729332
4580.00 -373.95140182 165.37065616
4582.00 -374.22837537 165.56414375
4584.00 -374.50539202 165.75775609
4586.00 -374.78245170 165.95149318
4588.00 -375.05955435 166.14535501
4590.00 -375.33669990 166.33934157
4592.00 -375.61388827 166.53345286
4594.00 -375.89111941 166.72768887
4596.00 -376.16839323 166.92204960
4598.00 -376.44570967 167.11653504
4600.00 -376.72306867 167.31114519
4602.00 -377.00047015 167.50588003
4604.00 -377.27791405 167.70073957
4606.00 -377.55540028 167.89572379
4608.00 -377.83292880 168.09083270
4610.00 -378.11049952 168.28606628
4612.00 -378.38811239 168.48142453
4614.00 -378.66576732 168.67690744
4616.00 -378.94346425 168.87251501
4618.00 -379.22120312 169.06824723
4620.00 -379.49898385 169.26410410
4622.00 -379.77680638 169.46008560
4624.00 -380.05467063 169.65619173
4626.00 -380.33257654 169.85242249
4628.00 -380.61052404 170.04877787
4630.00 -380.88851307 170.24525786
4632.00 -381.16654354 170.44186245
4634.00 -381.44461540 170.63859165
4636.00 -381.72272857 170.83544543
4638.00 -382.00088299 171.03242380
4640.00 -382.27907859 171.22952675
4642.00 -382.55731530 171.42675428
4644.00 -382.83559305 171.62410636
4646.00 -383.11391177 171.82158301
4648.00 -383.39227140 172.01918421
4650.00 -383.67067186 172.21690995
4652.00 -383.94911310 172.41476023
4654.00 -384.22759503 172.61273505
4656.00 -384.50611759 172.81083438
4658.00 -384.78468072 173.00905823
4660.00 -385.06328434 173.20740660
4662.00 -385.34192839 173.40587946
4664.00 -385.62061280 173.60447682
4666.00 -385.89933750 173.80319867
4668.00 -386.17810242 174.00204500
4670.00 -386.45690749 174.20101580
4672.00 -386.73575266 174.40011107
4674.00 -387.01463784 174.59933080
4676.00 -387.29356297 174.79867497
4678.00 -387.57252798 174.99814359
4680.00 -387.85153280 175.19773665
4682.00 -388.13057738 175.39745414
4684.00 -388.40966163 175.59729605
4686.00 -388.68878549 175.79726237
4688.00 -388.96794889 175.99735309
4690.00 -389.24715177 176.19756822
4692.00 -389.52639406 176.39790773
4694.00 -389.80567568 176.59837163
4696.00 -390.08499658 176.79895990
4698.00 -390.36435668 176.99967253
4700.00 -390.64375591 177.20050953
4702.00 -390.92319422 177.40147088
4704.00 -391.20267152 177.60255656
4706.00 -391.48218776 177.80376659
4708.00 -391.76174286 178.00510094
4710.00 -392.04133676 178.20655960
4712.00 -392.32096938 178.40814258
4714.00 -392.60064067 178.60984986
4716.00 -392.88035056 178.81168143
4718.00 -393.16009897 179.01363729
4720.00 -393.43988585 179.21571743
4722.00 -393.71971111 179.41792183
4724.00 -393.99957470 179.62025049
4726.00 -394.27947655 179.82270341
4728.00 -394.55941658 180.02528056
4730.00 -394.83939474 180.22798196
4732.00 -395.11941096 180.43080757
4734.00 -395.39946516 180.63375741
4736.00 -395.67955728 180.83683145
4738.00 -395.95968726 181.04002970
4740.00 -396.23985502 181.24335213
4742.00 -396.52006050 181.44679875
4744.00 -396.80030364 181.65036954
4746.00 -397.08058436 181.85406449
4748.00 -397.36090259 182.05788360
4750.00 -397.64125828 182.26182686
4752.00 -397.92165135 182.46589426
4754.00 -398.20208173 182.67008578
4756.00 -398.48254937 182.87440142
4758.00 -398.76305418 183.07884118
4760.00 -399.04359611 183.28340503
4762.00 -399.32417509 183.48809298
4764.00 -399.60479105 183.69290501
4766.00 -399.88544393 183.89784111
4768.00 -400.16613365 184.10290128
4770.00 -400.44686015 184.30808550
4772.00 -400.72762337 184.51339377
4774.00 -401.00842323 184.71882608
4776.00 -401.28925968 184.92438241
4778.00 -401.57013263 185.13006276
4780.00 -401.85104204 185.33586711
4782.00 -402.13198782 185.54179547
4784.00 -402.41296992 185.74784781
4786.00 -402.69398826 185.95402413
4788.00 -402.97504278 186.16032442
4790.00 -403.25613342 186.36674867
4792.00 -403.53726010 186.57329687
4794.00 -403.81842276 186.77996901
4796.00 -404.09962133 186.98676508
4798.00 -404.38085576 187.19368507
4800.00 -404.66212596 187.40072896
4802.00 -404.94343188 187.60789676
4804.00 -405.22477344 187.81518845
4806.00 -405.50615059 188.02260402
4808.00 -405.78756325 188.23014346
4810.00 -406.06901136 188.43780675
4812.00 -406.35049485 188.64559390
4814.00 -406.63201365 188.85350489
4816.00 -406.91356771 189.06153970
4818.00 -407.19515695 189.26969833
4820.00 -407.47678130 189.47798078
4822.00 -407.75844071 189.68638702
4824.00 -408.04013510 189.89491704
4826.00 -408.32186441 190.10357085
4828.00 -408.60362858 190.31234842
4830.00 -408.88542752 190.52124975
4832.00 -409.16726119 190.73027482
4834.00 -409.44912952 190.93942363
4836.00 -409.73103243 191.14869616
4838.00 -410.01296986 191.35809240
4840.00 -410.29494175 191.56761235
4842.00 -410.57694803 191.77725599
4844.00 -410.85898863 191.98702331
4846.00 -411.14106349 192.19691431
4848.00 -411.42317255 192.40692896
4850.00 -411.70531573 192.61706726
4852.00 -411.98749297 192.82732920
4854.00 -412.26970421 193.03771476
4856.00 -412.55194937 193.24822394
4858.00 -412.83422840 193.45885673
4860.00 -413.11654123 193.66961311
4862.00 -413.39888779 193.88049307
4864.00 -413.68126802 194.09149660
4866.00 -413.96368184 194.30262369
4868.00 -414.24612921 194.51387434
4870.00 -414.52861004 194.72524851
4872.00 -414.81112427 194.93674622
4874.00 -415.09367185 195.14836744
4876.00 -415.37625269 195.36011216
4878.00 -415.65886675 195.57198038
4880.00 -415.94151395 195.78397207
4882.00 -416.22419422 195.99608724
4884.00 -416.50690750 196.20832586
4886.00 -416.78965373 196.42068793
4888.00 -417.07243285 196.63317343
4890.00 -417.35524477 196.84578235
4892.00 -417.63808945 197.05851469
4894.00 -417.92096681 197.27137042
4896.00 -418.20387679 197.48434954
4898.00 -418.48681932 197.69745204
4900.00 -418.76979435 197.91067790
4902.00 -419.05280180 198.12402711
4904.00 -419.33584160 198.33749966
4906.00 -419.61891370 198.55109554
4908.00 -419.90201803 198.76481474
4910.00 -420.18515452 198.97865724
4912.00 -420.46832311 199.19262303
4914.00 -420.75152374 199.40671210
4916.00 -421.03475633 199.62092444
4918.00 -421.31802083 199.83526003
4920.00 -421.60131716 200.04971886
4922.00 -421.88464527 200.26430093
4924.00 -422.16800509 200.47900622
4926.00 -422.45139655 200.69383471
4928.00 -422.73481959 200.90878639
4930.00 -423.01827415 201.12386126
4932.00 -423.30176015 201.33905929
4934.00 -423.58527754 201.55438048
4936.00 -423.86882625 201.76982482
4938.00 -424.15240622 201.98539228
4940.00 -424.43601738 202.20108287
4942.00 -424.71965966 202.41689656
4944.00 -425.00333300 202.63283334
4946.00 -425.28703735 202.84889320
4948.00 -425.57077262 203.06507613
4950.00 -425.85453876 203.28138212
4952.00 -426.13833571 203.49781115
4954.00 -426.42216340 203.71436321
4956.00 -426.70602176 203.93103828
4958.00 -426.98991073 204.14783636
4960.00 -427.27383024 204.36475743
4962.00 -427.55778024 204.58180148
4964.00 -427.84176066 204.79896849
4966.00 -428.12577143 205.01625845
4968.00 -428.40981248 205.23367136
4970.00 -428.69388376 205.45120718
4972.00 -428.97798521 205.66886592
4974.00 -429.26211674 205.88664756
4976.00 -429.54627831 206.10455208
4978.00 -429.83046985 206.32257948
4980.00 -430.11469129 206.54072973
4982.00 -430.39894257 206.75900283
4984.00 -430.68322363 206.97739876
4986.00 -430.96753439 207.19591752
4988.00 -431.25187481 207.41455907
4990.00 -431.53624481 207.63332342
4992.00 -431.82064432 207.85221055
4994.00 -432.10507330 208.07122044
4996.00 -432.38953166 208.29035308
4998.00 -432.67401936 208.50960846
5000.00 -432.95853631 208.72898656
