wavelength(nm)         real         imag
200.00   3.61320757   0.00548112
201.00   3.61033353   0.00556373
202.00   3.60744519   0.00564717
203.00   3.60454253   0.00573143
204.00   3.60162556   0.00581653
205.00   3.59869427   0.00590246
206.00   3.59574868   0.00598924
207.00   3.59278877   0.00607686
208.00   3.58981455   0.00616534
209.00   3.58682602   0.00625466
210.00   3.58382318   0.00634485
211.00   3.58080603   0.00643590
212.00   3.57777457   0.00652781
213.00   3.57472880   0.00662060
214.00   3.57166872   0.00671426
215.00   3.56859433   0.00680880
216.00   3.56550563   0.00690422
217.00   3.56240263   0.00700053
218.00   3.55928531   0.00709773
219.00   3.55615369   0.00719582
220.00   3.55300776   0.00729482
221.00   3.54984753   0.00739471
222.00   3.54667299   0.00749552
223.00   3.54348414   0.00759724
224.00   3.54028099   0.00769987
225.00   3.53706353   0.00780342
226.00   3.53383177   0.00790790
227.00   3.53058570   0.00801330
228.00   3.52732532   0.00811964
229.00   3.52405065   0.00822691
230.00   3.52076167   0.00833512
231.00   3.51745838   0.00844428
232.00   3.51414080   0.00855438
233.00   3.51080891   0.00866544
234.00   3.50746271   0.00877746
235.00   3.50410222   0.00889043
236.00   3.50072742   0.00900437
237.00   3.49733833   0.00911928
238.00   3.49393493   0.00923516
239.00   3.49051723   0.00935202
240.00   3.48708524   0.00946986
241.00   3.48363894   0.00958869
242.00   3.48017834   0.00970850
243.00   3.47670345   0.00982931
244.00   3.47321425   0.00995111
245.00   3.46971076   0.01007392
246.00   3.46619297   0.01019773
247.00   3.46266088   0.01032256
248.00   3.45911450   0.01044839
249.00   3.45555382   0.01057525
250.00   3.45197884   0.01070312
251.00   3.44838957   0.01083202
252.00   3.44478600   0.01096196
253.00   3.44116814   0.01109292
254.00   3.43753598   0.01122493
255.00   3.43388953   0.01135798
256.00   3.43022878   0.01149207
257.00   3.42655374   0.01162722
258.00   3.42286441   0.01176342
259.00   3.41916079   0.01190067
260.00   3.41544287   0.01203900
261.00   3.41171066   0.01217838
262.00   3.40796416   0.01231884
263.00   3.40420337   0.01246038
264.00   3.40042829   0.01260299
265.00   3.39663892   0.01274669
266.00   3.39283525   0.01289148
267.00   3.38901730   0.01303735
268.00   3.38518506   0.01318432
269.00   3.38133853   0.01333240
270.00   3.37747772   0.01348157
271.00   3.37360261   0.01363185
272.00   3.36971322   0.01378325
273.00   3.36580954   0.01393576
274.00   3.36189158   0.01408939
275.00   3.35795933   0.01424415
276.00   3.35401279   0.01440003
277.00   3.35005197   0.01455705
278.00   3.34607686   0.01471520
279.00   3.34208747   0.01487450
280.00   3.33808380   0.01503493
281.00   3.33406584   0.01519652
282.00   3.33003360   0.01535926
283.00   3.32598708   0.01552316
284.00   3.32192627   0.01568821
285.00   3.31785119   0.01585444
286.00   3.31376182   0.01602183
287.00   3.30965817   0.01619039
288.00   3.30554024   0.01636013
289.00   3.30140804   0.01653106
290.00   3.29726155   0.01670317
291.00   3.29310078   0.01687647
292.00   3.28892574   0.01705096
293.00   3.28473641   0.01722665
294.00   3.28053281   0.01740354
295.00   3.27631494   0.01758164
296.00   3.27208278   0.01776094
297.00   3.26783635   0.01794146
298.00   3.26357565   0.01812320
299.00   3.25930066   0.01830617
300.00   3.25501141   0.01849035
301.00   3.25070788   0.01867577
302.00   3.24639008   0.01886242
303.00   3.24205800   0.01905032
304.00   3.23771165   0.01923945
305.00   3.23335103   0.01942983
306.00   3.22897613   0.01962146
307.00   3.22458697   0.01981435
308.00   3.22018353   0.02000849
309.00   3.21576582   0.02020390
310.00   3.21133384   0.02040057
311.00   3.20688760   0.02059852
312.00   3.20242708   0.02079774
313.00   3.19795230   0.02099824
314.00   3.19346325   0.02120002
315.00   3.18895993   0.02140309
316.00   3.18444234   0.02160746
317.00   3.17991049   0.02181311
318.00   3.17536437   0.02202007
319.00   3.17080398   0.02222833
320.00   3.16622933   0.02243790
321.00   3.16164042   0.02264878
322.00   3.15703724   0.02286098
323.00   3.15241980   0.02307450
324.00   3.14778809   0.02328934
325.00   3.14314212   0.02350551
326.00   3.13848189   0.02372301
327.00   3.13380740   0.02394185
328.00   3.12911865   0.02416202
329.00   3.12441564   0.02438355
330.00   3.11969836   0.02460642
331.00   3.11496683   0.02483064
332.00   3.11022104   0.02505622
333.00   3.10546099   0.02528316
334.00   3.10068668   0.02551147
335.00   3.09589812   0.02574114
336.00   3.09109529   0.02597219
337.00   3.08627822   0.02620461
338.00   3.08144688   0.02643842
339.00   3.07660129   0.02667361
340.00   3.07174145   0.02691019
341.00   3.06686735   0.02714816
342.00   3.06197900   0.02738753
343.00   3.05707639   0.02762831
344.00   3.05215953   0.02787048
345.00   3.04722842   0.02811407
346.00   3.04228306   0.02835907
347.00   3.03732345   0.02860549
348.00   3.03234959   0.02885333
349.00   3.02736147   0.02910260
350.00   3.02235911   0.02935329
351.00   3.01734250   0.02960542
352.00   3.01231164   0.02985899
353.00   3.00726653   0.03011400
354.00   3.00220718   0.03037046
355.00   2.99713358   0.03062836
356.00   2.99204573   0.03088772
357.00   2.98694363   0.03114854
358.00   2.98182730   0.03141082
359.00   2.97669671   0.03167457
360.00   2.97155189   0.03193979
361.00   2.96639282   0.03220648
362.00   2.96121951   0.03247466
363.00   2.95603195   0.03274431
364.00   2.95083016   0.03301545
365.00   2.94561412   0.03328808
366.00   2.94038384   0.03356221
367.00   2.93513932   0.03383784
368.00   2.92988057   0.03411497
369.00   2.92460757   0.03439360
370.00   2.91932034   0.03467375
371.00   2.91401887   0.03495541
372.00   2.90870316   0.03523860
373.00   2.90337321   0.03552330
374.00   2.89802903   0.03580953
375.00   2.89267062   0.03609730
376.00   2.88729797   0.03638660
377.00   2.88191108   0.03667744
378.00   2.87650996   0.03696982
379.00   2.87109461   0.03726375
380.00   2.86566503   0.03755924
381.00   2.86022121   0.03785627
382.00   2.85476317   0.03815487
383.00   2.84929089   0.03845503
384.00   2.84380438   0.03875676
385.00   2.83830365   0.03906007
386.00   2.83278868   0.03936495
387.00   2.82725949   0.03967140
388.00   2.82171607   0.03997945
389.00   2.81615842   0.04028908
390.00   2.81058655   0.04060030
391.00   2.80500045   0.04091312
392.00   2.79940012   0.04122754
393.00   2.79378557   0.04154357
394.00   2.78815680   0.04186120
395.00   2.78251380   0.04218045
396.00   2.77685658   0.04250131
397.00   2.77118514   0.04282380
398.00   2.76549948   0.04314790
399.00   2.75979960   0.04347364
400.00   2.75408549   0.04380101
401.00   2.74835717   0.04413002
402.00   2.74261463   0.04446067
403.00   2.73685787   0.04479296
404.00   2.73108689   0.04512690
405.00   2.72530169   0.04546250
406.00   2.71950228   0.04579975
407.00   2.71368865   0.04613867
408.00   2.70786081   0.04647924
409.00   2.70201875   0.04682149
410.00   2.69616248   0.04716542
411.00   2.69029200   0.04751102
412.00   2.68440730   0.04785830
413.00   2.67850839   0.04820726
414.00   2.67259527   0.04855792
415.00   2.66666794   0.04891027
416.00   2.66072640   0.04926432
417.00   2.65477065   0.04962007
418.00   2.64880069   0.04997752
419.00   2.64281652   0.05033669
420.00   2.63681815   0.05069757
421.00   2.63080557   0.05106016
422.00   2.62477878   0.05142448
423.00   2.61873779   0.05179053
424.00   2.61268259   0.05215830
425.00   2.60661319   0.05252781
426.00   2.60052958   0.05289906
427.00   2.59443177   0.05327205
428.00   2.58831976   0.05364678
429.00   2.58219355   0.05402327
430.00   2.57605314   0.05440151
431.00   2.56989853   0.05478151
432.00   2.56372971   0.05516327
433.00   2.55754670   0.05554680
434.00   2.55134949   0.05593209
435.00   2.54513809   0.05631917
436.00   2.53891248   0.05670802
437.00   2.53267269   0.05709865
438.00   2.52641869   0.05749107
439.00   2.52015050   0.05788528
440.00   2.51386812   0.05828129
441.00   2.50757154   0.05867910
442.00   2.50126077   0.05907870
443.00   2.49493581   0.05948012
444.00   2.48859666   0.05988334
445.00   2.48224331   0.06028838
446.00   2.47587578   0.06069524
447.00   2.46949405   0.06110393
448.00   2.46309814   0.06151444
449.00   2.45668804   0.06192678
450.00   2.45026376   0.06234095
451.00   2.44382529   0.06275697
452.00   2.43737263   0.06317483
453.00   2.43090578   0.06359453
454.00   2.42442476   0.06401609
455.00   2.41792954   0.06443950
456.00   2.41142015   0.06486477
457.00   2.40489657   0.06529191
458.00   2.39835881   0.06572091
459.00   2.39180688   0.06615179
460.00   2.38524076   0.06658454
461.00   2.37866046   0.06701916
462.00   2.37206598   0.06745568
463.00   2.36545733   0.06789408
464.00   2.35883449   0.06833437
465.00   2.35219749   0.06877656
466.00   2.34554630   0.06922064
467.00   2.33888094   0.06966664
468.00   2.33220141   0.07011453
469.00   2.32550770   0.07056435
470.00   2.31879982   0.07101607
471.00   2.31207777   0.07146972
472.00   2.30534155   0.07192529
473.00   2.29859115   0.07238279
474.00   2.29182659   0.07284222
475.00   2.28504785   0.07330358
476.00   2.27825495   0.07376689
477.00   2.27144788   0.07423214
478.00   2.26462665   0.07469934
479.00   2.25779124   0.07516849
480.00   2.25094168   0.07563959
481.00   2.24407794   0.07611266
482.00   2.23720005   0.07658769
483.00   2.23030799   0.07706469
484.00   2.22340176   0.07754366
485.00   2.21648138   0.07802461
486.00   2.20954683   0.07850754
487.00   2.20259813   0.07899245
488.00   2.19563526   0.07947935
489.00   2.18865824   0.07996824
490.00   2.18166706   0.08045913
491.00   2.17466172   0.08095202
492.00   2.16764222   0.08144691
493.00   2.16060857   0.08194381
494.00   2.15356077   0.08244273
495.00   2.14649881   0.08294366
496.00   2.13942269   0.08344661
497.00   2.13233243   0.08395159
498.00   2.12522801   0.08445859
499.00   2.11810944   0.08496763
500.00   2.11097672   0.08547870
501.00   2.10382986   0.08599182
502.00   2.09666884   0.08650698
503.00   2.08949367   0.08702419
504.00   2.08230436   0.08754345
505.00   2.07510090   0.08806476
506.00   2.06788330   0.08858814
507.00   2.06065155   0.08911358
508.00   2.05340566   0.08964109
509.00   2.04614562   0.09017068
510.00   2.03887144   0.09070234
511.00   2.03158312   0.09123608
512.00   2.02428066   0.09177191
513.00   2.01696406   0.09230982
514.00   2.00963332   0.09284983
515.00   2.00228844   0.09339193
516.00   1.99492942   0.09393614
517.00   1.98755627   0.09448245
518.00   1.98016898   0.09503087
519.00   1.97276756   0.09558140
520.00   1.96535200   0.09613405
521.00   1.95792230   0.09668882
522.00   1.95047848   0.09724571
523.00   1.94302052   0.09780474
524.00   1.93554843   0.09836589
525.00   1.92806221   0.09892919
526.00   1.92056186   0.09949462
527.00   1.91304738   0.10006220
528.00   1.90551878   0.10063193
529.00   1.89797605   0.10120381
530.00   1.89041919   0.10177785
531.00   1.88284820   0.10235405
532.00   1.87526309   0.10293242
533.00   1.86766386   0.10351295
534.00   1.86005050   0.10409566
535.00   1.85242303   0.10468054
536.00   1.84478143   0.10526760
537.00   1.83712571   0.10585685
538.00   1.82945587   0.10644829
539.00   1.82177191   0.10704192
540.00   1.81407383   0.10763775
541.00   1.80636164   0.10823578
542.00   1.79863533   0.10883602
543.00   1.79089490   0.10943846
544.00   1.78314036   0.11004312
545.00   1.77537170   0.11064999
546.00   1.76758894   0.11125909
547.00   1.75979206   0.11187041
548.00   1.75198107   0.11248396
549.00   1.74415597   0.11309974
550.00   1.73631675   0.11371776
551.00   1.72846344   0.11433802
552.00   1.72059601   0.11496053
553.00   1.71271447   0.11558528
554.00   1.70481883   0.11621229
555.00   1.69690909   0.11684156
556.00   1.68898524   0.11747308
557.00   1.68104728   0.11810687
558.00   1.67309522   0.11874294
559.00   1.66512907   0.11938127
560.00   1.65714881   0.12002188
561.00   1.64915445   0.12066477
562.00   1.64114599   0.12130995
563.00   1.63312343   0.12195741
564.00   1.62508677   0.12260717
565.00   1.61703602   0.12325923
566.00   1.60897118   0.12391358
567.00   1.60089223   0.12457025
568.00   1.59279920   0.12522922
569.00   1.58469207   0.12589050
570.00   1.57657084   0.12655410
571.00   1.56843553   0.12722002
572.00   1.56028613   0.12788827
573.00   1.55212263   0.12855885
574.00   1.54394505   0.12923175
575.00   1.53575338   0.12990700
576.00   1.52754762   0.13058459
577.00   1.51932778   0.13126452
578.00   1.51109385   0.13194680
579.00   1.50284584   0.13263143
580.00   1.49458375   0.13331842
581.00   1.48630757   0.13400777
582.00   1.47801731   0.13469949
583.00   1.46971297   0.13539358
584.00   1.46139455   0.13609003
585.00   1.45306205   0.13678887
586.00   1.44471547   0.13749008
587.00   1.43635481   0.13819368
588.00   1.42798008   0.13889967
589.00   1.41959128   0.13960806
590.00   1.41118840   0.14031883
591.00   1.40277144   0.14103201
592.00   1.39434042   0.14174760
593.00   1.38589532   0.14246559
594.00   1.37743615   0.14318600
595.00   1.36896291   0.14390882
596.00   1.36047561   0.14463406
597.00   1.35197423   0.14536173
598.00   1.34345879   0.14609183
599.00   1.33492928   0.14682435
600.00   1.32638571   0.14755932
601.00   1.31782807   0.14829673
602.00   1.30925637   0.14903658
603.00   1.30067061   0.14977887
604.00   1.29207078   0.15052363
605.00   1.28345690   0.15127083
606.00   1.27482895   0.15202050
607.00   1.26618695   0.15277264
608.00   1.25753089   0.15352724
609.00   1.24886077   0.15428431
610.00   1.24017660   0.15504386
611.00   1.23147837   0.15580589
612.00   1.22276609   0.15657040
613.00   1.21403975   0.15733741
614.00   1.20529937   0.15810690
615.00   1.19654493   0.15887889
616.00   1.18777644   0.15965338
617.00   1.17899390   0.16043038
618.00   1.17019731   0.16120988
619.00   1.16138668   0.16199190
620.00   1.15256200   0.16277643
621.00   1.14372328   0.16356348
622.00   1.13487051   0.16435306
623.00   1.12600369   0.16514516
624.00   1.11712284   0.16593980
625.00   1.10822794   0.16673697
626.00   1.09931900   0.16753668
627.00   1.09039603   0.16833894
628.00   1.08145901   0.16914374
629.00   1.07250796   0.16995110
630.00   1.06354287   0.17076101
631.00   1.05456374   0.17157348
632.00   1.04557058   0.17238851
633.00   1.03656339   0.17320611
634.00   1.02754216   0.17402629
635.00   1.01850690   0.17484904
636.00   1.00945761   0.17567436
637.00   1.00039429   0.17650228
638.00   0.99131694   0.17733278
639.00   0.98222557   0.17816587
640.00   0.97312016   0.17900155
641.00   0.96400073   0.17983984
642.00   0.95486728   0.18068073
643.00   0.94571980   0.18152422
644.00   0.93655830   0.18237033
645.00   0.92738278   0.18321905
646.00   0.91819323   0.18407040
647.00   0.90898967   0.18492436
648.00   0.89977209   0.18578095
649.00   0.89054048   0.18664018
650.00   0.88129487   0.18750203
651.00   0.87203523   0.18836653
652.00   0.86276158   0.18923367
653.00   0.85347392   0.19010346
654.00   0.84417224   0.19097589
655.00   0.83485656   0.19185099
656.00   0.82552686   0.19272874
657.00   0.81618315   0.19360915
658.00   0.80682543   0.19449223
659.00   0.79745371   0.19537798
660.00   0.78806797   0.19626641
661.00   0.77866824   0.19715751
662.00   0.76925449   0.19805130
663.00   0.75982674   0.19894777
664.00   0.75038500   0.19984693
665.00   0.74092924   0.20074879
666.00   0.73145949   0.20165334
667.00   0.72197574   0.20256060
668.00   0.71247799   0.20347056
669.00   0.70296624   0.20438324
670.00   0.69344049   0.20529862
671.00   0.68390075   0.20621673
672.00   0.67434702   0.20713756
673.00   0.66477929   0.20806111
674.00   0.65519757   0.20898739
675.00   0.64560185   0.20991641
676.00   0.63599215   0.21084816
677.00   0.62636846   0.21178266
678.00   0.61673078   0.21271990
679.00   0.60707911   0.21365989
680.00   0.59741345   0.21460264
681.00   0.58773381   0.21554814
682.00   0.57804019   0.21649640
683.00   0.56833258   0.21744743
684.00   0.55861099   0.21840123
685.00   0.54887542   0.21935780
686.00   0.53912587   0.22031715
687.00   0.52936234   0.22127928
688.00   0.51958483   0.22224419
689.00   0.50979335   0.22321189
690.00   0.49998789   0.22418239
691.00   0.49016845   0.22515568
692.00   0.48033504   0.22613177
693.00   0.47048766   0.22711067
694.00   0.46062631   0.22809238
695.00   0.45075099   0.22907689
696.00   0.44086169   0.23006423
697.00   0.43095843   0.23105439
698.00   0.42104120   0.23204737
699.00   0.41111001   0.23304317
700.00   0.40116485   0.23404181
701.00   0.39120573   0.23504329
702.00   0.38123264   0.23604761
703.00   0.37124559   0.23705477
704.00   0.36124458   0.23806477
705.00   0.35122962   0.23907763
706.00   0.34120069   0.24009335
707.00   0.33115780   0.24111193
708.00   0.32110096   0.24213337
709.00   0.31103017   0.24315767
710.00   0.30094542   0.24418485
711.00   0.29084671   0.24521490
712.00   0.28073405   0.24624784
713.00   0.27060745   0.24728365
714.00   0.26046689   0.24832236
715.00   0.25031238   0.24936395
716.00   0.24014393   0.25040844
717.00   0.22996153   0.25145583
718.00   0.21976519   0.25250612
719.00   0.20955490   0.25355932
720.00   0.19933066   0.25461543
721.00   0.18909249   0.25567445
722.00   0.17884037   0.25673639
723.00   0.16857431   0.25780126
724.00   0.15829432   0.25886905
725.00   0.14800038   0.25993977
726.00   0.13769251   0.26101342
727.00   0.12737071   0.26209002
728.00   0.11703497   0.26316955
729.00   0.10668530   0.26425203
730.00   0.09632169   0.26533746
731.00   0.08594415   0.26642585
732.00   0.07555269   0.26751719
733.00   0.06514729   0.26861150
734.00   0.05472797   0.26970877
735.00   0.04429472   0.27080901
736.00   0.03384754   0.27191222
737.00   0.02338644   0.27301841
738.00   0.01291142   0.27412758
739.00   0.00242248   0.27523974
740.00  -0.00808039   0.27635488
741.00  -0.01859717   0.27747302
742.00  -0.02912788   0.27859416
743.00  -0.03967250   0.27971829
744.00  -0.05023104   0.28084543
745.00  -0.06080349   0.28197558
746.00  -0.07138986   0.28310874
747.00  -0.08199014   0.28424492
748.00  -0.09260433   0.28538412
749.00  -0.10323244   0.28652634
750.00  -0.11387445   0.28767159
751.00  -0.12453037   0.28881988
752.00  -0.13520020   0.28997120
753.00  -0.14588393   0.29112556
754.00  -0.15658157   0.29228296
755.00  -0.16729311   0.29344341
756.00  -0.17801856   0.29460691
757.00  -0.18875791   0.29577347
758.00  -0.19951115   0.29694308
759.00  -0.21027830   0.29811576
760.00  -0.22105934   0.29929151
761.00  -0.23185429   0.30047033
762.00  -0.24266312   0.30165222
763.00  -0.25348585   0.30283719
764.00  -0.26432248   0.30402524
765.00  -0.27517300   0.30521638
766.00  -0.28603740   0.30641062
767.00  -0.29691570   0.30760794
768.00  -0.30780789   0.30880837
769.00  -0.31871396   0.31001189
770.00  -0.32963392   0.31121852
771.00  -0.34056777   0.31242827
772.00  -0.35151550   0.31364112
773.00  -0.36247711   0.31485710
774.00  -0.37345260   0.31607619
775.00  -0.38444198   0.31729841
776.00  -0.39544523   0.31852377
777.00  -0.40646236   0.31975225
778.00  -0.41749337   0.32098387
779.00  -0.42853825   0.32221863
780.00  -0.43959701   0.32345654
781.00  -0.45066964   0.32469760
782.00  -0.46175614   0.32594181
783.00  -0.47285652   0.32718917
784.00  -0.48397076   0.32843970
785.00  -0.49509888   0.32969339
786.00  -0.50624086   0.33095025
787.00  -0.51739670   0.33221028
788.00  -0.52856641   0.33347349
789.00  -0.53974999   0.33473988
790.00  -0.55094742   0.33600945
791.00  -0.56215872   0.33728221
792.00  -0.57338388   0.33855816
793.00  -0.58462290   0.33983731
794.00  -0.59587577   0.34111965
795.00  -0.60714250   0.34240520
796.00  -0.61842309   0.34369396
797.00  -0.62971753   0.34498592
798.00  -0.64102582   0.34628111
799.00  -0.65234797   0.34757951
800.00  -0.66368396   0.34888113
801.00  -0.67503381   0.35018598
802.00  -0.68639750   0.35149406
803.00  -0.69777504   0.35280538
804.00  -0.70916642   0.35411993
805.00  -0.72057165   0.35543773
806.00  -0.73199072   0.35675877
807.00  -0.74342363   0.35808306
808.00  -0.75487039   0.35941060
809.00  -0.76633098   0.36074141
810.00  -0.77780541   0.36207547
811.00  -0.78929368   0.36341280
812.00  -0.80079578   0.36475340
813.00  -0.81231172   0.36609727
814.00  -0.82384149   0.36744442
815.00  -0.83538510   0.36879485
816.00  -0.84694253   0.37014856
817.00  -0.85851379   0.37150556
818.00  -0.87009888   0.37286586
819.00  -0.88169780   0.37422945
820.00  -0.89331054   0.37559634
821.00  -0.90493711   0.37696654
822.00  -0.91657750   0.37834004
823.00  -0.92823172   0.37971685
824.00  -0.93989975   0.38109698
825.00  -0.95158160   0.38248043
826.00  -0.96327728   0.38386721
827.00  -0.97498676   0.38525731
828.00  -0.98671007   0.38665074
829.00  -0.99844719   0.38804750
830.00  -1.01019812   0.38944761
831.00  -1.02196286   0.39085106
832.00  -1.03374141   0.39225785
833.00  -1.04553378   0.39366799
834.00  -1.05733995   0.39508149
835.00  -1.06915993   0.39649835
836.00  -1.08099371   0.39791857
837.00  -1.09284130   0.39934215
838.00  -1.10470269   0.40076911
839.00  -1.11657788   0.40219943
840.00  -1.12846687   0.40363314
841.00  -1.14036966   0.40507022
842.00  -1.15228625   0.40651069
843.00  -1.16421664   0.40795455
844.00  -1.17616082   0.40940181
845.00  -1.18811880   0.41085245
846.00  -1.20009057   0.41230650
847.00  -1.21207613   0.41376396
848.00  -1.22407547   0.41522482
849.00  -1.23608861   0.41668909
850.00  -1.24811554   0.41815678
851.00  -1.26015625   0.41962789
852.00  -1.27221075   0.42110242
853.00  -1.28427903   0.42258038
854.00  -1.29636109   0.42406178
855.00  -1.30845694   0.42554660
856.00  -1.32056656   0.42703487
857.00  -1.33268997   0.42852657
858.00  -1.34482715   0.43002173
859.00  -1.35697810   0.43152033
860.00  -1.36914283   0.43302239
861.00  -1.38132134   0.43452791
862.00  -1.39351361   0.43603689
863.00  -1.40571966   0.43754934
864.00  -1.41793947   0.43906525
865.00  -1.43017306   0.44058464
866.00  -1.44242041   0.44210750
867.00  -1.45468152   0.44363385
868.00  -1.46695640   0.44516368
869.00  -1.47924505   0.44669700
870.00  -1.49154745   0.44823382
871.00  -1.50386361   0.44977413
872.00  -1.51619354   0.45131794
873.00  -1.52853722   0.45286525
874.00  -1.54089465   0.45441607
875.00  -1.55326585   0.45597041
876.00  -1.56565079   0.45752826
877.00  -1.57804949   0.45908963
878.00  -1.59046194   0.46065452
879.00  -1.60288813   0.46222294
880.00  -1.61532808   0.46379489
881.00  -1.62778177   0.46537037
882.00  -1.64024921   0.46694940
883.00  -1.65273039   0.46853196
884.00  -1.66522532   0.47011808
885.00  -1.67773398   0.47170774
886.00  -1.69025639   0.47330096
887.00  -1.70279254   0.47489773
888.00  -1.71534242   0.47649807
889.00  -1.72790604   0.47810197
890.00  -1.74048339   0.47970944
891.00  -1.75307448   0.48132048
892.00  -1.76567930   0.48293511
893.00  -1.77829785   0.48455331
894.00  -1.79093013   0.48617509
895.00  -1.80357613   0.48780047
896.00  -1.81623587   0.48942943
897.00  -1.82890933   0.49106200
898.00  -1.84159651   0.49269816
899.00  -1.85429742   0.49433793
900.00  -1.86701204   0.49598130
901.00  -1.87974039   0.49762828
902.00  -1.89248246   0.49927888
903.00  -1.90523824   0.50093310
904.00  -1.91800774   0.50259094
905.00  -1.93079095   0.50425241
906.00  -1.94358788   0.50591751
907.00  -1.95639851   0.50758624
908.00  -1.96922286   0.50925861
909.00  -1.98206092   0.51093463
910.00  -1.99491268   0.51261428
911.00  -2.00777815   0.51429759
912.00  -2.02065733   0.51598455
913.00  -2.03355021   0.51767517
914.00  -2.04645679   0.51936945
915.00  -2.05937707   0.52106739
916.00  -2.07231105   0.52276900
917.00  -2.08525873   0.52447428
918.00  -2.09822010   0.52618324
919.00  -2.11119517   0.52789588
920.00  -2.12418393   0.52961220
921.00  -2.13718639   0.53133222
922.00  -2.15020254   0.53305592
923.00  -2.16323237   0.53478331
924.00  -2.17627590   0.53651441
925.00  -2.18933311   0.53824921
926.00  -2.20240400   0.53998771
927.00  -2.21548858   0.54172993
928.00  -2.22858685   0.54347586
929.00  -2.24169879   0.54522550
930.00  -2.25482441   0.54697887
931.00  -2.26796372   0.54873596
932.00  -2.28111670   0.55049679
933.00  -2.29428335   0.55226134
934.00  -2.30746368   0.55402964
935.00  -2.32065768   0.55580167
936.00  -2.33386535   0.55757745
937.00  -2.34708670   0.55935697
938.00  -2.36032171   0.56114025
939.00  -2.37357038   0.56292729
940.00  -2.38683273   0.56471808
941.00  -2.40010874   0.56651264
942.00  -2.41339841   0.56831096
943.00  -2.42670174   0.57011306
944.00  -2.44001873   0.57191893
945.00  -2.45334938   0.57372857
946.00  -2.46669369   0.57554201
947.00  -2.48005165   0.57735922
948.00  -2.49342327   0.57918023
949.00  -2.50680854   0.58100503
950.00  -2.52020746   0.58283363
951.00  -2.53362003   0.58466603
952.00  -2.54704625   0.58650223
953.00  -2.56048612   0.58834224
954.00  -2.57393963   0.59018607
955.00  -2.58740679   0.59203371
956.00  -2.60088759   0.59388517
957.00  -2.61438203   0.59574046
958.00  -2.62789011   0.59759957
959.00  -2.64141183   0.59946252
960.00  -2.65494718   0.60132930
961.00  -2.66849617   0.60319992
962.00  -2.68205880   0.60507438
963.00  -2.69563506   0.60695269
964.00  -2.70922495   0.60883485
965.00  -2.72282847   0.61072086
966.00  -2.73644561   0.61261073
967.00  -2.75007639   0.61450446
968.00  -2.76372079   0.61640206
969.00  -2.77737881   0.61830353
970.00  -2.79105046   0.62020887
971.00  -2.80473573   0.62211809
972.00  -2.81843461   0.62403119
973.00  -2.83214712   0.62594817
974.00  -2.84587324   0.62786904
975.00  -2.85961297   0.62979380
976.00  -2.87336633   0.63172246
977.00  -2.88713329   0.63365501
978.00  -2.90091386   0.63559147
979.00  -2.91470804   0.63753184
980.00  -2.92851583   0.63947612
981.00  -2.94233723   0.64142431
982.00  -2.95617223   0.64337642
983.00  -2.97002084   0.64533245
984.00  -2.98388304   0.64729241
985.00  -2.99775885   0.64925630
986.00  -3.01164826   0.65122412
987.00  -3.02555126   0.65319588
988.00  -3.03946786   0.65517157
989.00  -3.05339805   0.65715122
990.00  -3.06734184   0.65913481
991.00  -3.08129922   0.66112235
992.00  -3.09527019   0.66311385
993.00  -3.10925474   0.66510931
994.00  -3.12325289   0.66710873
995.00  -3.13726462   0.66911212
996.00  -3.15128993   0.67111948
997.00  -3.16532883   0.67313081
998.00  -3.17938130   0.67514613
999.00  -3.19344736   0.67716542
1000.00  -3.20752699   0.67918870
1001.00  -3.22162021   0.68121597
1002.00  -3.23572699   0.68324723
1003.00  -3.24984735   0.68528249
1004.00  -3.26398128   0.68732175
1005.00  -3.27812879   0.68936502
1006.00  -3.29228986   0.69141229
1007.00  -3.30646450   0.69346358
1008.00  -3.32065270   0.69551888
1009.00  -3.33485447   0.69757820
1010.00  -3.34906980   0.69964154
1011.00  -3.36329870   0.70170891
1012.00  -3.37754115   0.70378032
1013.00  -3.39179716   0.70585575
1014.00  -3.40606673   0.70793523
1015.00  -3.42034986   0.71001874
1016.00  -3.43464654   0.71210631
1017.00  -3.44895677   0.71419792
1018.00  -3.46328055   0.71629358
1019.00  -3.47761788   0.71839330
1020.00  -3.49196876   0.72049709
1021.00  -3.50633319   0.72260493
1022.00  -3.52071116   0.72471685
1023.00  -3.53510267   0.72683283
1024.00  -3.54950772   0.72895290
1025.00  -3.56392632   0.73107704
1026.00  -3.57835845   0.73320526
1027.00  -3.59280412   0.73533757
1028.00  -3.60726333   0.73747397
1029.00  -3.62173607   0.73961447
1030.00  -3.63622234   0.74175906
1031.00  -3.65072214   0.74390776
1032.00  -3.66523547   0.74606056
1033.00  -3.67976234   0.74821747
1034.00  -3.69430272   0.75037849
1035.00  -3.70885663   0.75254363
1036.00  -3.72342407   0.75471289
1037.00  -3.73800502   0.75688627
1038.00  -3.75259950   0.75906379
1039.00  -3.76720749   0.76124543
1040.00  -3.78182901   0.76343121
1041.00  -3.79646403   0.76562112
1042.00  -3.81111257   0.76781518
1043.00  -3.82577463   0.77001339
1044.00  -3.84045019   0.77221575
1045.00  -3.85513926   0.77442226
1046.00  -3.86984184   0.77663292
1047.00  -3.88455793   0.77884775
1048.00  -3.89928752   0.78106674
1049.00  -3.91403062   0.78328991
1050.00  -3.92878721   0.78551724
1051.00  -3.94355731   0.78774875
1052.00  -3.95834090   0.78998444
1053.00  -3.97313799   0.79222432
1054.00  -3.98794857   0.79446838
1055.00  -4.00277265   0.79671663
1056.00  -4.01761022   0.79896908
1057.00  -4.03246128   0.80122572
1058.00  -4.04732583   0.80348657
1059.00  -4.06220387   0.80575162
1060.00  -4.07709539   0.80802088
1061.00  -4.09200040   0.81029436
1062.00  -4.10691888   0.81257205
1063.00  -4.12185085   0.81485396
1064.00  -4.13679630   0.81714010
1065.00  -4.15175523   0.81943046
1066.00  -4.16672763   0.82172506
1067.00  -4.18171351   0.82402389
1068.00  -4.19671286   0.82632696
1069.00  -4.21172568   0.82863428
1070.00  -4.22675197   0.83094584
1071.00  -4.24179173   0.83326165
1072.00  -4.25684495   0.83558171
1073.00  -4.27191164   0.83790603
1074.00  -4.28699180   0.84023462
1075.00  -4.30208541   0.84256747
1076.00  -4.31719249   0.84490458
1077.00  -4.33231302   0.84724597
1078.00  -4.34744701   0.84959164
1079.00  -4.36259446   0.85194158
1080.00  -4.37775536   0.85429581
1081.00  -4.39292971   0.85665433
1082.00  -4.40811751   0.85901713
1083.00  -4.42331876   0.86138423
1084.00  -4.43853346   0.86375563
1085.00  -4.45376160   0.86613133
1086.00  -4.46900319   0.86851134
1087.00  -4.48425822   0.87089565
1088.00  -4.49952669   0.87328428
1089.00  -4.51480860   0.87567723
1090.00  -4.53010395   0.87807449
1091.00  -4.54541273   0.88047608
1092.00  -4.56073495   0.88288200
1093.00  -4.57607060   0.88529225
1094.00  -4.59141968   0.88770683
1095.00  -4.60678219   0.89012575
1096.00  -4.62215813   0.89254902
1097.00  -4.63754750   0.89497663
1098.00  -4.65295028   0.89740859
1099.00  -4.66836650   0.89984490
1100.00  -4.68379613   0.90228557
1101.00  -4.69923918   0.90473060
1102.00  -4.71469565   0.90718000
1103.00  -4.73016554   0.90963376
1104.00  -4.74564884   0.91209190
1105.00  -4.76114556   0.91455441
1106.00  -4.77665568   0.91702130
1107.00  -4.79217922   0.91949258
1108.00  -4.80771617   0.92196824
1109.00  -4.82326652   0.92444829
1110.00  -4.83883027   0.92693273
1111.00  -4.85440743   0.92942157
1112.00  -4.86999799   0.93191481
1113.00  -4.88560195   0.93441246
1114.00  -4.90121931   0.93691452
1115.00  -4.91685006   0.93942098
1116.00  -4.93249421   0.94193187
1117.00  -4.94815176   0.94444717
1118.00  -4.96382269   0.94696690
1119.00  -4.97950702   0.94949105
1120.00  -4.99520473   0.95201963
1121.00  -5.01091583   0.95455265
1122.00  -5.02664031   0.95709011
1123.00  -5.04237818   0.95963200
1124.00  -5.05812943   0.96217834
1125.00  -5.07389406   0.96472913
1126.00  -5.08967207   0.96728438
1127.00  -5.10546345   0.96984408
1128.00  -5.12126821   0.97240824
1129.00  -5.13708634   0.97497686
1130.00  -5.15291785   0.97754995
1131.00  -5.16876272   0.98012751
1132.00  -5.18462096   0.98270954
1133.00  -5.20049257   0.98529605
1134.00  -5.21637755   0.98788705
1135.00  -5.23227588   0.99048253
1136.00  -5.24818758   0.99308249
1137.00  -5.26411264   0.99568695
1138.00  -5.28005105   0.99829591
1139.00  -5.29600283   1.00090937
1140.00  -5.31196796   1.00352733
1141.00  -5.32794644   1.00614980
1142.00  -5.34393827   1.00877677
1143.00  -5.35994345   1.01140827
1144.00  -5.37596198   1.01404428
1145.00  -5.39199386   1.01668481
1146.00  -5.40803908   1.01932987
1147.00  -5.42409764   1.02197945
1148.00  -5.44016954   1.02463357
1149.00  -5.45625479   1.02729223
1150.00  -5.47235337   1.02995542
1151.00  -5.48846529   1.03262316
1152.00  -5.50459054   1.03529545
1153.00  -5.52072913   1.03797229
1154.00  -5.53688104   1.04065368
1155.00  -5.55304629   1.04333963
1156.00  -5.56922486   1.04603014
1157.00  -5.58541676   1.04872522
1158.00  -5.60162199   1.05142486
1159.00  -5.61784053   1.05412908
1160.00  -5.63407240   1.05683787
1161.00  -5.65031759   1.05955125
1162.00  -5.66657609   1.06226921
1163.00  -5.68284791   1.06499175
1164.00  -5.69913304   1.06771889
1165.00  -5.71543149   1.07045062
1166.00  -5.73174324   1.07318695
1167.00  -5.74806831   1.07592788
1168.00  -5.76440668   1.07867341
1169.00  -5.78075835   1.08142355
1170.00  -5.79712333   1.08417831
1171.00  -5.81350161   1.08693768
1172.00  -5.82989320   1.08970168
1173.00  -5.84629808   1.09247029
1174.00  -5.86271625   1.09524353
1175.00  -5.87914773   1.09802141
1176.00  -5.89559249   1.10080391
1177.00  -5.91205055   1.10359106
1178.00  -5.92852189   1.10638285
1179.00  -5.94500653   1.10917928
1180.00  -5.96150445   1.11198036
1181.00  -5.97801565   1.11478609
1182.00  -5.99454014   1.11759648
1183.00  -6.01107791   1.12041153
1184.00  -6.02762896   1.12323124
1185.00  -6.04419328   1.12605562
1186.00  -6.06077088   1.12888466
1187.00  -6.07736176   1.13171839
1188.00  -6.09396591   1.13455679
1189.00  -6.11058332   1.13739987
1190.00  -6.12721401   1.14024763
1191.00  -6.14385796   1.14310009
1192.00  -6.16051518   1.14595723
1193.00  -6.17718567   1.14881907
1194.00  -6.19386941   1.15168561
1195.00  -6.21056641   1.15455686
1196.00  -6.22727668   1.15743281
1197.00  -6.24400020   1.16031347
1198.00  -6.26073697   1.16319884
1199.00  -6.27748700   1.16608893
1200.00  -6.29425027   1.16898374
1201.00  -6.31102680   1.17188328
1202.00  -6.32781658   1.17478754
1203.00  -6.34461960   1.17769654
1204.00  -6.36143586   1.18061027
1205.00  -6.37826537   1.18352874
1206.00  -6.39510812   1.18645195
1207.00  -6.41196410   1.18937990
1208.00  -6.42883333   1.19231261
1209.00  -6.44571578   1.19525007
1210.00  -6.46261148   1.19819229
1211.00  -6.47952040   1.20113926
1212.00  -6.49644255   1.20409100
1213.00  -6.51337794   1.20704751
1214.00  -6.53032654   1.21000879
1215.00  -6.54728838   1.21297485
1216.00  -6.56426343   1.21594568
1217.00  -6.58125171   1.21892129
1218.00  -6.59825320   1.22190169
1219.00  -6.61526792   1.22488688
1220.00  -6.63229585   1.22787686
1221.00  -6.64933699   1.23087163
1222.00  -6.66639134   1.23387121
1223.00  -6.68345891   1.23687559
1224.00  -6.70053968   1.23988478
1225.00  -6.71763366   1.24289877
1226.00  -6.73474085   1.24591758
1227.00  -6.75186123   1.24894121
1228.00  -6.76899482   1.25196966
1229.00  -6.78614161   1.25500294
1230.00  -6.80330160   1.25804104
1231.00  -6.82047478   1.26108397
1232.00  -6.83766116   1.26413174
1233.00  -6.85486072   1.26718435
1234.00  -6.87207348   1.27024180
1235.00  -6.88929943   1.27330410
1236.00  -6.90653856   1.27637125
1237.00  -6.92379088   1.27944325
1238.00  -6.94105638   1.28252010
1239.00  -6.95833507   1.28560182
1240.00  -6.97562693   1.28868840
1241.00  -6.99293197   1.29177985
1242.00  -7.01025019   1.29487617
1243.00  -7.02758158   1.29797737
1244.00  -7.04492614   1.30108344
1245.00  -7.06228388   1.30419440
1246.00  -7.07965478   1.30731024
1247.00  -7.09703885   1.31043096
1248.00  -7.11443608   1.31355659
1249.00  -7.13184648   1.31668710
1250.00  -7.14927004   1.31982252
1251.00  -7.16670675   1.32296284
1252.00  -7.18415663   1.32610807
1253.00  -7.20161966   1.32925820
1254.00  -7.21909585   1.33241325
1255.00  -7.23658518   1.33557322
1256.00  -7.25408767   1.33873811
1257.00  -7.27160331   1.34190792
1258.00  -7.28913209   1.34508267
1259.00  -7.30667402   1.34826234
1260.00  -7.32422909   1.35144695
1261.00  -7.34179730   1.35463649
1262.00  -7.35937865   1.35783098
1263.00  -7.37697314   1.36103041
1264.00  -7.39458076   1.36423480
1265.00  -7.41220152   1.36744413
1266.00  -7.42983541   1.37065843
1267.00  -7.44748243   1.37387768
1268.00  -7.46514258   1.37710189
1269.00  -7.48281585   1.38033108
1270.00  -7.50050225   1.38356523
1271.00  -7.51820177   1.38680436
1272.00  -7.53591442   1.39004846
1273.00  -7.55364018   1.39329755
1274.00  -7.57137906   1.39655162
1275.00  -7.58913105   1.39981068
1276.00  -7.60689616   1.40307473
1277.00  -7.62467437   1.40634377
1278.00  -7.64246570   1.40961782
1279.00  -7.66027014   1.41289686
1280.00  -7.67808768   1.41618092
1281.00  -7.69591832   1.41946998
1282.00  -7.71376207   1.42276405
1283.00  -7.73161892   1.42606314
1284.00  -7.74948887   1.42936725
1285.00  -7.76737191   1.43267639
1286.00  -7.78526805   1.43599055
1287.00  -7.80317728   1.43930974
1288.00  -7.82109960   1.44263397
1289.00  -7.83903501   1.44596323
1290.00  -7.85698351   1.44929753
1291.00  -7.87494509   1.45263688
1292.00  -7.89291975   1.45598128
1293.00  -7.91090750   1.45933073
1294.00  -7.92890833   1.46268523
1295.00  -7.94692223   1.46604479
1296.00  -7.96494922   1.46940942
1297.00  -7.98298927   1.47277911
1298.00  -8.00104240   1.47615387
1299.00  -8.01910859   1.47953370
1300.00  -8.03718786   1.48291861
1301.00  -8.05528019   1.48630860
1302.00  -8.07338559   1.48970367
1303.00  -8.09150405   1.49310382
1304.00  -8.10963557   1.49650907
1305.00  -8.12778015   1.49991941
1306.00  -8.14593778   1.50333485
1307.00  -8.16410847   1.50675539
1308.00  -8.18229222   1.51018104
1309.00  -8.20048901   1.51361179
1310.00  -8.21869885   1.51704765
1311.00  -8.23692175   1.52048863
1312.00  -8.25515768   1.52393473
1313.00  -8.27340666   1.52738595
1314.00  -8.29166869   1.53084229
1315.00  -8.30994375   1.53430376
1316.00  -8.32823185   1.53777037
1317.00  -8.34653299   1.54124211
1318.00  -8.36484716   1.54471899
1319.00  -8.38317436   1.54820101
1320.00  -8.40151459   1.55168818
1321.00  -8.41986785   1.55518050
1322.00  -8.43823414   1.55867797
1323.00  -8.45661345   1.56218060
1324.00  -8.47500579   1.56568838
1325.00  -8.49341114   1.56920134
1326.00  -8.51182952   1.57271946
1327.00  -8.53026091   1.57624275
1328.00  -8.54870531   1.57977121
1329.00  -8.56716273   1.58330485
1330.00  -8.58563316   1.58684368
1331.00  -8.60411660   1.59038768
1332.00  -8.62261305   1.59393688
1333.00  -8.64112250   1.59749127
1334.00  -8.65964495   1.60105085
1335.00  -8.67818041   1.60461563
1336.00  -8.69672886   1.60818562
1337.00  -8.71529031   1.61176081
1338.00  -8.73386476   1.61534120
1339.00  -8.75245220   1.61892681
1340.00  -8.77105264   1.62251764
1341.00  -8.78966606   1.62611369
1342.00  -8.80829247   1.62971496
1343.00  -8.82693187   1.63332145
1344.00  -8.84558425   1.63693318
1345.00  -8.86424961   1.64055013
1346.00  -8.88292796   1.64417233
1347.00  -8.90161928   1.64779976
1348.00  -8.92032357   1.65143244
1349.00  -8.93904084   1.65507037
1350.00  -8.95777109   1.65871355
1351.00  -8.97651430   1.66236198
1352.00  -8.99527048   1.66601567
1353.00  -9.01403963   1.66967462
1354.00  -9.03282175   1.67333883
1355.00  -9.05161682   1.67700832
1356.00  -9.07042486   1.68068307
1357.00  -9.08924585   1.68436310
1358.00  -9.10807980   1.68804841
1359.00  -9.12692671   1.69173900
1360.00  -9.14578656   1.69543487
1361.00  -9.16465937   1.69913603
1362.00  -9.18354513   1.70284249
1363.00  -9.20244383   1.70655424
1364.00  -9.22135548   1.71027129
1365.00  -9.24028008   1.71399364
1366.00  -9.25921761   1.71772130
1367.00  -9.27816808   1.72145427
1368.00  -9.29713149   1.72519255
1369.00  -9.31610783   1.72893615
1370.00  -9.33509711   1.73268507
1371.00  -9.35409931   1.73643931
1372.00  -9.37311445   1.74019888
1373.00  -9.39214251   1.74396378
1374.00  -9.41118350   1.74773401
1375.00  -9.43023741   1.75150958
1376.00  -9.44930425   1.75529049
1377.00  -9.46838400   1.75907674
1378.00  -9.48747666   1.76286834
1379.00  -9.50658225   1.76666529
1380.00  -9.52570074   1.77046760
1381.00  -9.54483215   1.77427526
1382.00  -9.56397647   1.77808829
1383.00  -9.58313369   1.78190668
1384.00  -9.60230382   1.78573043
1385.00  -9.62148686   1.78955956
1386.00  -9.64068279   1.79339407
1387.00  -9.65989162   1.79723395
1388.00  -9.67911335   1.80107921
1389.00  -9.69834798   1.80492986
1390.00  -9.71759549   1.80878590
1391.00  -9.73685590   1.81264733
1392.00  -9.75612920   1.81651415
1393.00  -9.77541539   1.82038638
1394.00  -9.79471446   1.82426400
1395.00  -9.81402641   1.82814704
1396.00  -9.83335125   1.83203548
1397.00  -9.85268896   1.83592933
1398.00  -9.87203955   1.83982860
1399.00  -9.89140302   1.84373329
1400.00  -9.91077936   1.84764341
1401.00  -9.93016857   1.85155895
1402.00  -9.94957065   1.85547991
1403.00  -9.96898560   1.85940632
1404.00  -9.98841341   1.86333816
1405.00 -10.00785408   1.86727543
1406.00 -10.02730762   1.87121816
1407.00 -10.04677401   1.87516632
1408.00 -10.06625327   1.87911994
1409.00 -10.08574537   1.88307902
1410.00 -10.10525033   1.88704355
1411.00 -10.12476814   1.89101354
1412.00 -10.14429880   1.89498899
1413.00 -10.16384231   1.89896991
1414.00 -10.18339866   1.90295631
1415.00 -10.20296786   1.90694817
1416.00 -10.22254989   1.91094552
1417.00 -10.24214476   1.91494834
1418.00 -10.26175247   1.91895665
1419.00 -10.28137302   1.92297045
1420.00 -10.30100640   1.92698974
1421.00 -10.32065261   1.93101452
1422.00 -10.34031164   1.93504480
1423.00 -10.35998351   1.93908058
1424.00 -10.37966819   1.94312187
1425.00 -10.39936570   1.94716866
1426.00 -10.41907603   1.95122097
1427.00 -10.43879918   1.95527879
1428.00 -10.45853515   1.95934213
1429.00 -10.47828393   1.96341099
1430.00 -10.49804552   1.96748538
1431.00 -10.51781992   1.97156529
1432.00 -10.53760713   1.97565074
1433.00 -10.55740715   1.97974172
1434.00 -10.57721997   1.98383824
1435.00 -10.59704559   1.98794031
1436.00 -10.61688401   1.99204792
1437.00 -10.63673523   1.99616107
1438.00 -10.65659925   2.00027978
1439.00 -10.67647606   2.00440405
1440.00 -10.69636566   2.00853387
1441.00 -10.71626805   2.01266926
1442.00 -10.73618323   2.01681021
1443.00 -10.75611119   2.02095673
1444.00 -10.77605194   2.02510883
1445.00 -10.79600547   2.02926650
1446.00 -10.81597178   2.03342975
1447.00 -10.83595086   2.03759858
1448.00 -10.85594272   2.04177300
1449.00 -10.87594736   2.04595301
1450.00 -10.89596476   2.05013861
1451.00 -10.91599493   2.05432980
1452.00 -10.93603787   2.05852660
1453.00 -10.95609358   2.06272900
1454.00 -10.97616205   2.06693701
1455.00 -10.99624328   2.07115062
1456.00 -11.01633726   2.07536985
1457.00 -11.03644401   2.07959469
1458.00 -11.05656351   2.08382516
1459.00 -11.07669576   2.08806125
1460.00 -11.09684076   2.09230296
1461.00 -11.11699851   2.09655030
1462.00 -11.13716900   2.10080328
1463.00 -11.15735224   2.10506190
1464.00 -11.17754822   2.10932615
1465.00 -11.19775694   2.11359605
1466.00 -11.21797840   2.11787159
1467.00 -11.23821260   2.12215278
1468.00 -11.25845952   2.12643963
1469.00 -11.27871918   2.13073214
1470.00 -11.29899157   2.13503030
1471.00 -11.31927669   2.13933413
1472.00 -11.33957453   2.14364362
1473.00 -11.35988509   2.14795879
1474.00 -11.38020838   2.15227962
1475.00 -11.40054438   2.15660614
1476.00 -11.42089311   2.16093833
1477.00 -11.44125454   2.16527621
1478.00 -11.46162869   2.16961978
1479.00 -11.48201555   2.17396903
1480.00 -11.50241512   2.17832398
1481.00 -11.52282739   2.18268463
1482.00 -11.54325237   2.18705098
1483.00 -11.56369005   2.19142303
1484.00 -11.58414043   2.19580079
1485.00 -11.60460351   2.20018425
1486.00 -11.62507928   2.20457343
1487.00 -11.64556775   2.20896833
1488.00 -11.66606891   2.21336895
1489.00 -11.68658275   2.21777529
1490.00 -11.70710929   2.22218736
1491.00 -11.72764851   2.22660516
1492.00 -11.74820041   2.23102870
1493.00 -11.76876500   2.23545797
1494.00 -11.78934226   2.23989298
1495.00 -11.80993220   2.24433373
1496.00 -11.83053482   2.24878024
1497.00 -11.85115010   2.25323249
1498.00 -11.87177806   2.25769049
1499.00 -11.89241869   2.26215426
1500.00 -11.91307198   2.26662378
1501.00 -11.93373794   2.27109907
1502.00 -11.95441655   2.27558012
1503.00 -11.97510783   2.28006694
1504.00 -11.99581177   2.28455954
1505.00 -12.01652836   2.28905792
1506.00 -12.03725760   2.29356207
1507.00 -12.05799949   2.29807201
1508.00 -12.07875404   2.30258774
1509.00 -12.09952123   2.30710925
1510.00 -12.12030106   2.31163656
1511.00 -12.14109354   2.31616967
1512.00 -12.16189866   2.32070857
1513.00 -12.18271642   2.32525328
1514.00 -12.20354681   2.32980380
1515.00 -12.22438984   2.33436013
1516.00 -12.24524550   2.33892227
1517.00 -12.26611378   2.34349022
1518.00 -12.28699470   2.34806400
1519.00 -12.30788824   2.35264360
1520.00 -12.32879441   2.35722903
1521.00 -12.34971319   2.36182028
1522.00 -12.37064460   2.36641737
1523.00 -12.39158862   2.37102030
1524.00 -12.41254526   2.37562907
1525.00 -12.43351451   2.38024368
1526.00 -12.45449637   2.38486413
1527.00 -12.47549083   2.38949044
1528.00 -12.49649791   2.39412260
1529.00 -12.51751758   2.39876061
1530.00 -12.53854986   2.40340449
1531.00 -12.55959474   2.40805423
1532.00 -12.58065222   2.41270983
1533.00 -12.60172229   2.41737131
1534.00 -12.62280496   2.42203865
1535.00 -12.64390021   2.42671188
1536.00 -12.66500806   2.43139098
1537.00 -12.68612849   2.43607596
1538.00 -12.70726150   2.44076683
1539.00 -12.72840710   2.44546360
1540.00 -12.74956528   2.45016625
1541.00 -12.77073603   2.45487480
1542.00 -12.79191936   2.45958925
1543.00 -12.81311527   2.46430960
1544.00 -12.83432374   2.46903585
1545.00 -12.85554479   2.47376802
1546.00 -12.87677840   2.47850610
1547.00 -12.89802458   2.48325009
1548.00 -12.91928332   2.48800000
1549.00 -12.94055462   2.49275584
1550.00 -12.96183848   2.49751760
1551.00 -12.98313489   2.50228529
1552.00 -13.00444386   2.50705891
1553.00 -13.02576538   2.51183846
1554.00 -13.04709945   2.51662396
1555.00 -13.06844607   2.52141539
1556.00 -13.08980523   2.52621277
1557.00 -13.11117694   2.53101610
1558.00 -13.13256118   2.53582538
1559.00 -13.15395797   2.54064062
1560.00 -13.17536729   2.54546181
1561.00 -13.19678914   2.55028897
1562.00 -13.21822353   2.55512209
1563.00 -13.23967045   2.55996118
1564.00 -13.26112989   2.56480624
1565.00 -13.28260186   2.56965727
1566.00 -13.30408635   2.57451428
1567.00 -13.32558337   2.57937727
1568.00 -13.34709290   2.58424625
1569.00 -13.36861495   2.58912121
1570.00 -13.39014951   2.59400217
1571.00 -13.41169659   2.59888912
1572.00 -13.43325618   2.60378207
1573.00 -13.45482827   2.60868101
1574.00 -13.47641287   2.61358596
1575.00 -13.49800997   2.61849692
1576.00 -13.51961958   2.62341389
1577.00 -13.54124168   2.62833687
1578.00 -13.56287628   2.63326587
1579.00 -13.58452337   2.63820089
1580.00 -13.60618296   2.64314193
1581.00 -13.62785504   2.64808900
1582.00 -13.64953960   2.65304209
1583.00 -13.67123665   2.65800122
1584.00 -13.69294618   2.66296639
1585.00 -13.71466820   2.66793760
1586.00 -13.73640269   2.67291485
1587.00 -13.75814966   2.67789814
1588.00 -13.77990910   2.68288749
1589.00 -13.80168102   2.68788288
1590.00 -13.82346541   2.69288434
1591.00 -13.84526226   2.69789185
1592.00 -13.86707158   2.70290542
1593.00 -13.88889337   2.70792506
1594.00 -13.91072761   2.71295077
1595.00 -13.93257432   2.71798255
1596.00 -13.95443348   2.72302040
1597.00 -13.97630509   2.72806434
1598.00 -13.99818916   2.73311435
1599.00 -14.02008567   2.73817045
1600.00 -14.04199464   2.74323264
1601.00 -14.06391605   2.74830092
1602.00 -14.08584990   2.75337529
1603.00 -14.10779620   2.75845576
1604.00 -14.12975493   2.76354233
1605.00 -14.15172610   2.76863501
1606.00 -14.17370970   2.77373379
1607.00 -14.19570574   2.77883868
1608.00 -14.21771421   2.78394969
1609.00 -14.23973510   2.78906682
1610.00 -14.26176842   2.79419006
1611.00 -14.28381416   2.79931943
1612.00 -14.30587232   2.80445492
1613.00 -14.32794290   2.80959655
1614.00 -14.35002590   2.81474431
1615.00 -14.37212131   2.81989820
1616.00 -14.39422913   2.82505823
1617.00 -14.41634937   2.83022441
1618.00 -14.43848201   2.83539673
1619.00 -14.46062705   2.84057520
1620.00 -14.48278450   2.84575983
1621.00 -14.50495435   2.85095061
1622.00 -14.52713659   2.85614755
1623.00 -14.54933124   2.86135065
1624.00 -14.57153827   2.86655991
1625.00 -14.59375770   2.87177534
1626.00 -14.61598952   2.87699695
1627.00 -14.63823372   2.88222473
1628.00 -14.66049031   2.88745869
1629.00 -14.68275928   2.89269882
1630.00 -14.70504063   2.89794515
1631.00 -14.72733436   2.90319766
1632.00 -14.74964046   2.90845636
1633.00 -14.77195894   2.91372126
1634.00 -14.79428978   2.91899235
1635.00 -14.81663300   2.92426964
1636.00 -14.83898859   2.92955314
1637.00 -14.86135653   2.93484284
1638.00 -14.88373684   2.94013875
1639.00 -14.90612951   2.94544088
1640.00 -14.92853454   2.95074922
1641.00 -14.95095192   2.95606378
1642.00 -14.97338165   2.96138457
1643.00 -14.99582374   2.96671158
1644.00 -15.01827817   2.97204482
1645.00 -15.04074495   2.97738429
1646.00 -15.06322407   2.98272999
1647.00 -15.08571554   2.98808194
1648.00 -15.10821934   2.99344013
1649.00 -15.13073548   2.99880456
1650.00 -15.15326395   3.00417524
1651.00 -15.17580476   3.00955217
1652.00 -15.19835789   3.01493535
1653.00 -15.22092336   3.02032480
1654.00 -15.24350115   3.02572050
1655.00 -15.26609126   3.03112247
1656.00 -15.28869369   3.03653070
1657.00 -15.31130844   3.04194521
1658.00 -15.33393551   3.04736598
1659.00 -15.35657489   3.05279304
1660.00 -15.37922658   3.05822637
1661.00 -15.40189059   3.06366599
1662.00 -15.42456689   3.06911190
1663.00 -15.44725551   3.07456409
1664.00 -15.46995642   3.08002257
1665.00 -15.49266964   3.08548735
1666.00 -15.51539515   3.09095843
1667.00 -15.53813296   3.09643581
1668.00 -15.56088306   3.10191950
1669.00 -15.58364545   3.10740950
1670.00 -15.60642013   3.11290580
1671.00 -15.62920710   3.11840842
1672.00 -15.65200635   3.12391736
1673.00 -15.67481788   3.12943262
1674.00 -15.69764170   3.13495420
1675.00 -15.72047778   3.14048211
1676.00 -15.74332615   3.14601635
1677.00 -15.76618678   3.15155693
1678.00 -15.78905969   3.15710384
1679.00 -15.81194486   3.16265709
1680.00 -15.83484230   3.16821668
1681.00 -15.85775200   3.17378262
1682.00 -15.88067396   3.17935490
1683.00 -15.90360818   3.18493354
1684.00 -15.92655465   3.19051854
1685.00 -15.94951338   3.19610989
1686.00 -15.97248436   3.20170761
1687.00 -15.99546759   3.20731169
1688.00 -16.01846307   3.21292214
1689.00 -16.04147079   3.21853896
1690.00 -16.06449075   3.22416215
1691.00 -16.08752295   3.22979172
1692.00 -16.11056739   3.23542767
1693.00 -16.13362407   3.24107001
1694.00 -16.15669298   3.24671873
1695.00 -16.17977411   3.25237384
1696.00 -16.20286748   3.25803534
1697.00 -16.22597307   3.26370325
1698.00 -16.24909088   3.26937755
1699.00 -16.27222092   3.27505825
1700.00 -16.29536317   3.28074536
1701.00 -16.31851764   3.28643887
1702.00 -16.34168433   3.29213880
1703.00 -16.36486322   3.29784514
1704.00 -16.38805433   3.30355790
1705.00 -16.41125764   3.30927709
1706.00 -16.43447315   3.31500269
1707.00 -16.45770087   3.32073473
1708.00 -16.48094079   3.32647319
1709.00 -16.50419291   3.33221809
1710.00 -16.52745722   3.33796942
1711.00 -16.55073372   3.34372719
1712.00 -16.57402241   3.34949141
1713.00 -16.59732330   3.35526207
1714.00 -16.62063636   3.36103919
1715.00 -16.64396161   3.36682275
1716.00 -16.66729905   3.37261277
1717.00 -16.69064866   3.37840925
1718.00 -16.71401044   3.38421219
1719.00 -16.73738440   3.39002159
1720.00 -16.76077054   3.39583746
1721.00 -16.78416884   3.40165980
1722.00 -16.80757931   3.40748862
1723.00 -16.83100194   3.41332391
1724.00 -16.85443673   3.41916569
1725.00 -16.87788369   3.42501394
1726.00 -16.90134280   3.43086869
1727.00 -16.92481407   3.43672992
1728.00 -16.94829748   3.44259765
1729.00 -16.97179305   3.44847187
1730.00 -16.99530077   3.45435258
1731.00 -17.01882063   3.46023981
1732.00 -17.04235264   3.46613353
1733.00 -17.06589679   3.47203377
1734.00 -17.08945307   3.47794051
1735.00 -17.11302149   3.48385377
1736.00 -17.13660205   3.48977355
1737.00 -17.16019473   3.49569984
1738.00 -17.18379955   3.50163266
1739.00 -17.20741649   3.50757201
1740.00 -17.23104555   3.51351788
1741.00 -17.25468674   3.51947029
1742.00 -17.27834005   3.52542924
1743.00 -17.30200547   3.53139472
1744.00 -17.32568301   3.53736674
1745.00 -17.34937266   3.54334531
1746.00 -17.37307442   3.54933043
1747.00 -17.39678828   3.55532210
1748.00 -17.42051425   3.56132032
1749.00 -17.44425233   3.56732510
1750.00 -17.46800250   3.57333644
1751.00 -17.49176477   3.57935434
1752.00 -17.51553914   3.58537881
1753.00 -17.53932560   3.59140985
1754.00 -17.56312415   3.59744747
1755.00 -17.58693479   3.60349165
1756.00 -17.61075752   3.60954242
1757.00 -17.63459233   3.61559977
1758.00 -17.65843922   3.62166370
1759.00 -17.68229818   3.62773422
1760.00 -17.70616923   3.63381133
1761.00 -17.73005235   3.63989504
1762.00 -17.75394754   3.64598534
1763.00 -17.77785479   3.65208224
1764.00 -17.80177412   3.65818575
1765.00 -17.82570551   3.66429586
1766.00 -17.84964896   3.67041258
1767.00 -17.87360447   3.67653591
1768.00 -17.89757204   3.68266586
1769.00 -17.92155166   3.68880243
1770.00 -17.94554333   3.69494562
1771.00 -17.96954705   3.70109543
1772.00 -17.99356283   3.70725187
1773.00 -18.01759064   3.71341494
1774.00 -18.04163050   3.71958465
1775.00 -18.06568240   3.72576099
1776.00 -18.08974633   3.73194397
1777.00 -18.11382230   3.73813359
1778.00 -18.13791031   3.74432986
1779.00 -18.16201034   3.75053278
1780.00 -18.18612240   3.75674235
1781.00 -18.21024649   3.76295858
1782.00 -18.23438260   3.76918146
1783.00 -18.25853073   3.77541100
1784.00 -18.28269088   3.78164721
1785.00 -18.30686305   3.78789009
1786.00 -18.33104722   3.79413963
1787.00 -18.35524341   3.80039585
1788.00 -18.37945161   3.80665874
1789.00 -18.40367182   3.81292832
1790.00 -18.42790402   3.81920457
1791.00 -18.45214823   3.82548751
1792.00 -18.47640444   3.83177714
1793.00 -18.50067264   3.83807346
1794.00 -18.52495284   3.84437647
1795.00 -18.54924503   3.85068619
1796.00 -18.57354921   3.85700260
1797.00 -18.59786537   3.86332571
1798.00 -18.62219352   3.86965553
1799.00 -18.64653365   3.87599206
1800.00 -18.67088576   3.88233531
1801.00 -18.69524985   3.88868527
1802.00 -18.71962591   3.89504194
1803.00 -18.74401395   3.90140534
1804.00 -18.76841395   3.90777546
1805.00 -18.79282592   3.91415231
1806.00 -18.81724985   3.92053589
1807.00 -18.84168575   3.92692621
1808.00 -18.86613361   3.93332326
1809.00 -18.89059342   3.93972705
1810.00 -18.91506519   3.94613758
1811.00 -18.93954891   3.95255486
1812.00 -18.96404458   3.95897888
1813.00 -18.98855220   3.96540966
1814.00 -19.01307176   3.97184719
1815.00 -19.03760326   3.97829148
1816.00 -19.06214671   3.98474253
1817.00 -19.08670209   3.99120035
1818.00 -19.11126941   3.99766493
1819.00 -19.13584866   4.00413627
1820.00 -19.16043984   4.01061440
1821.00 -19.18504295   4.01709929
1822.00 -19.20965799   4.02359097
1823.00 -19.23428494   4.03008942
1824.00 -19.25892382   4.03659467
1825.00 -19.28357462   4.04310669
1826.00 -19.30823733   4.04962551
1827.00 -19.33291195   4.05615112
1828.00 -19.35759848   4.06268353
1829.00 -19.38229693   4.06922274
1830.00 -19.40700727   4.07576875
1831.00 -19.43172952   4.08232157
1832.00 -19.45646368   4.08888119
1833.00 -19.48120973   4.09544762
1834.00 -19.50596767   4.10202087
1835.00 -19.53073751   4.10860094
1836.00 -19.55551924   4.11518783
1837.00 -19.58031286   4.12178154
1838.00 -19.60511836   4.12838207
1839.00 -19.62993575   4.13498944
1840.00 -19.65476501   4.14160363
1841.00 -19.67960616   4.14822466
1842.00 -19.70445918   4.15485253
1843.00 -19.72932408   4.16148724
1844.00 -19.75420084   4.16812880
1845.00 -19.77908948   4.17477720
1846.00 -19.80398998   4.18143245
1847.00 -19.82890234   4.18809455
1848.00 -19.85382656   4.19476351
1849.00 -19.87876265   4.20143933
1850.00 -19.90371058   4.20812201
1851.00 -19.92867038   4.21481156
1852.00 -19.95364202   4.22150797
1853.00 -19.97862551   4.22821125
1854.00 -20.00362085   4.23492141
1855.00 -20.02862803   4.24163844
1856.00 -20.05364705   4.24836235
1857.00 -20.07867791   4.25509315
1858.00 -20.10372061   4.26183083
1859.00 -20.12877514   4.26857540
1860.00 -20.15384150   4.27532686
1861.00 -20.17891969   4.28208521
1862.00 -20.20400971   4.28885046
1863.00 -20.22911155   4.29562261
1864.00 -20.25422521   4.30240167
1865.00 -20.27935068   4.30918763
1866.00 -20.30448798   4.31598049
1867.00 -20.32963709   4.32278027
1868.00 -20.35479801   4.32958697
1869.00 -20.37997073   4.33640058
1870.00 -20.40515527   4.34322112
1871.00 -20.43035160   4.35004857
1872.00 -20.45555974   4.35688296
1873.00 -20.48077968   4.36372427
1874.00 -20.50601141   4.37057252
1875.00 -20.53125494   4.37742770
1876.00 -20.55651025   4.38428982
1877.00 -20.58177736   4.39115888
1878.00 -20.60705625   4.39803488
1879.00 -20.63234692   4.40491783
1880.00 -20.65764938   4.41180773
1881.00 -20.68296361   4.41870459
1882.00 -20.70828962   4.42560840
1883.00 -20.73362740   4.43251916
1884.00 -20.75897696   4.43943690
1885.00 -20.78433828   4.44636159
1886.00 -20.80971137   4.45329325
1887.00 -20.83509622   4.46023188
1888.00 -20.86049283   4.46717749
1889.00 -20.88590120   4.47413007
1890.00 -20.91132132   4.48108963
1891.00 -20.93675320   4.48805618
1892.00 -20.96219683   4.49502971
1893.00 -20.98765220   4.50201022
1894.00 -21.01311933   4.50899773
1895.00 -21.03859819   4.51599223
1896.00 -21.06408880   4.52299373
1897.00 -21.08959114   4.53000222
1898.00 -21.11510522   4.53701772
1899.00 -21.14063103   4.54404023
1900.00 -21.16616857   4.55106974
1901.00 -21.19171784   4.55810627
1902.00 -21.21727884   4.56514980
1903.00 -21.24285155   4.57220036
1904.00 -21.26843599   4.57925793
1905.00 -21.29403215   4.58632253
1906.00 -21.31964002   4.59339415
1907.00 -21.34525960   4.60047281
1908.00 -21.37089089   4.60755849
1909.00 -21.39653389   4.61465121
1910.00 -21.42218860   4.62175096
1911.00 -21.44785501   4.62885775
1912.00 -21.47353311   4.63597159
1913.00 -21.49922292   4.64309248
1914.00 -21.52492442   4.65022041
1915.00 -21.55063761   4.65735539
1916.00 -21.57636249   4.66449743
1917.00 -21.60209906   4.67164653
1918.00 -21.62784731   4.67880268
1919.00 -21.65360724   4.68596590
1920.00 -21.67937886   4.69313619
1921.00 -21.70516215   4.70031354
1922.00 -21.73095711   4.70749797
1923.00 -21.75676375   4.71468947
1924.00 -21.78258206   4.72188805
1925.00 -21.80841203   4.72909370
1926.00 -21.83425367   4.73630645
1927.00 -21.86010697   4.74352627
1928.00 -21.88597192   4.75075319
1929.00 -21.91184854   4.75798720
1930.00 -21.93773680   4.76522831
1931.00 -21.96363672   4.77247651
1932.00 -21.98954829   4.77973181
1933.00 -22.01547150   4.78699421
1934.00 -22.04140636   4.79426373
1935.00 -22.06735286   4.80154035
1936.00 -22.09331100   4.80882408
1937.00 -22.11928077   4.81611493
1938.00 -22.14526217   4.82341289
1939.00 -22.17125521   4.83071798
1940.00 -22.19725987   4.83803019
1941.00 -22.22327616   4.84534952
1942.00 -22.24930408   4.85267599
1943.00 -22.27534361   4.86000959
1944.00 -22.30139476   4.86735032
1945.00 -22.32745753   4.87469819
1946.00 -22.35353191   4.88205320
1947.00 -22.37961790   4.88941535
1948.00 -22.40571550   4.89678465
1949.00 -22.43182470   4.90416110
1950.00 -22.45794550   4.91154470
1951.00 -22.48407791   4.91893545
1952.00 -22.51022191   4.92633337
1953.00 -22.53637750   4.93373844
1954.00 -22.56254469   4.94115068
1955.00 -22.58872347   4.94857008
1956.00 -22.61491383   4.95599665
1957.00 -22.64111578   4.96343040
1958.00 -22.66732931   4.97087132
1959.00 -22.69355442   4.97831941
1960.00 -22.71979111   4.98577469
1961.00 -22.74603937   4.99323715
1962.00 -22.77229920   5.00070679
1963.00 -22.79857060   5.00818363
1964.00 -22.82485357   5.01566765
1965.00 -22.85114810   5.02315887
1966.00 -22.87745419   5.03065729
1967.00 -22.90377184   5.03816291
1968.00 -22.93010105   5.04567573
1969.00 -22.95644180   5.05319576
1970.00 -22.98279411   5.06072299
1971.00 -23.00915797   5.06825744
1972.00 -23.03553337   5.07579910
1973.00 -23.06192032   5.08334798
1974.00 -23.08831881   5.09090407
1975.00 -23.11472883   5.09846739
1976.00 -23.14115039   5.10603794
1977.00 -23.16758348   5.11361572
1978.00 -23.19402810   5.12120072
1979.00 -23.22048425   5.12879296
1980.00 -23.24695192   5.13639244
1981.00 -23.27343111   5.14399915
1982.00 -23.29992183   5.15161311
1983.00 -23.32642406   5.15923431
1984.00 -23.35293780   5.16686277
1985.00 -23.37946306   5.17449847
1986.00 -23.40599982   5.18214142
1987.00 -23.43254809   5.18979164
1988.00 -23.45910787   5.19744911
1989.00 -23.48567915   5.20511384
1990.00 -23.51226192   5.21278584
1991.00 -23.53885619   5.22046511
1992.00 -23.56546196   5.22815164
1993.00 -23.59207921   5.23584545
1994.00 -23.61870795   5.24354654
1995.00 -23.64534818   5.25125490
1996.00 -23.67199989   5.25897055
1997.00 -23.69866308   5.26669348
1998.00 -23.72533775   5.27442370
1999.00 -23.75202389   5.28216121
2000.00 -23.77872151   5.28990601
