wavelength(nm)         real         imag
100.00   3.72786911   0.00164487
102.00   3.72091568   0.00174554
104.00   3.71382462   0.00185024
106.00   3.70659591   0.00195904
108.00   3.69922958   0.00207203
110.00   3.69172562   0.00218928
112.00   3.68408403   0.00231087
114.00   3.67630481   0.00243688
116.00   3.66838798   0.00256739
118.00   3.66033353   0.00270247
120.00   3.65214147   0.00284222
122.00   3.64381181   0.00298670
124.00   3.63534453   0.00313599
126.00   3.62673966   0.00329018
128.00   3.61799719   0.00344933
130.00   3.60911712   0.00361354
132.00   3.60009946   0.00378288
134.00   3.59094422   0.00395743
136.00   3.58165140   0.00413727
138.00   3.57222100   0.00432247
140.00   3.56265302   0.00451312
142.00   3.55294748   0.00470929
144.00   3.54310437   0.00491106
146.00   3.53312370   0.00511852
148.00   3.52300547   0.00533174
150.00   3.51274969   0.00555079
152.00   3.50235637   0.00577577
154.00   3.49182550   0.00600674
156.00   3.48115709   0.00624378
158.00   3.47035115   0.00648698
160.00   3.45940768   0.00673642
162.00   3.44832668   0.00699216
164.00   3.43710817   0.00725430
166.00   3.42575214   0.00752290
168.00   3.41425860   0.00779806
170.00   3.40262756   0.00807984
172.00   3.39085901   0.00836832
174.00   3.37895298   0.00866359
176.00   3.36690945   0.00896573
178.00   3.35472844   0.00927480
180.00   3.34240995   0.00959090
182.00   3.32995399   0.00991410
184.00   3.31736057   0.01024447
186.00   3.30462968   0.01058210
188.00   3.29176133   0.01092707
190.00   3.27875553   0.01127945
192.00   3.26561229   0.01163933
194.00   3.25233161   0.01200677
196.00   3.23891349   0.01238187
198.00   3.22535795   0.01276470
200.00   3.21166498   0.01315533
202.00   3.19783460   0.01355385
204.00   3.18386681   0.01396034
206.00   3.16976162   0.01437487
208.00   3.15551903   0.01479752
210.00   3.14113905   0.01522837
212.00   3.12662168   0.01566750
214.00   3.11196693   0.01611499
216.00   3.09717482   0.01657092
218.00   3.08224533   0.01703537
220.00   3.06717849   0.01750840
222.00   3.05197429   0.01799011
224.00   3.03663275   0.01848058
226.00   3.02115387   0.01897987
228.00   3.00553766   0.01948807
230.00   2.98978412   0.02000526
232.00   2.97389327   0.02053151
234.00   2.95786510   0.02106691
236.00   2.94169963   0.02161153
238.00   2.92539686   0.02216546
240.00   2.90895679   0.02272876
242.00   2.89237945   0.02330152
244.00   2.87566483   0.02388382
246.00   2.85881294   0.02447574
248.00   2.84182379   0.02507735
250.00   2.82469739   0.02568873
252.00   2.80743374   0.02630996
254.00   2.79003285   0.02694113
256.00   2.77249473   0.02758230
258.00   2.75481939   0.02823356
260.00   2.73700683   0.02889498
262.00   2.71905706   0.02956665
264.00   2.70097009   0.03024864
266.00   2.68274593   0.03094103
268.00   2.66438459   0.03164390
270.00   2.64588607   0.03235733
272.00   2.62725038   0.03308139
274.00   2.60847753   0.03381617
276.00   2.58956753   0.03456174
278.00   2.57052039   0.03531819
280.00   2.55133611   0.03608558
282.00   2.53201470   0.03686400
284.00   2.51255618   0.03765353
286.00   2.49296054   0.03845424
288.00   2.47322781   0.03926622
290.00   2.45335798   0.04008953
292.00   2.43335107   0.04092427
294.00   2.41320708   0.04177051
296.00   2.39292603   0.04262832
298.00   2.37250792   0.04349779
300.00   2.35195276   0.04437899
302.00   2.33126056   0.04527200
304.00   2.31043133   0.04617690
306.00   2.28946508   0.04709378
308.00   2.26836182   0.04802269
310.00   2.24712155   0.04896374
312.00   2.22574429   0.04991698
314.00   2.20423005   0.05088251
316.00   2.18257883   0.05186040
318.00   2.16079064   0.05285072
320.00   2.13886550   0.05385356
322.00   2.11680341   0.05486900
324.00   2.09460439   0.05589711
326.00   2.07226844   0.05693797
328.00   2.04979557   0.05799165
330.00   2.02718579   0.05905825
332.00   2.00443912   0.06013783
334.00   1.98155556   0.06123047
336.00   1.95853512   0.06233626
338.00   1.93537781   0.06345527
340.00   1.91208365   0.06458757
342.00   1.88865264   0.06573325
344.00   1.86508479   0.06689239
346.00   1.84138011   0.06806505
348.00   1.81753862   0.06925133
350.00   1.79356033   0.07045130
352.00   1.76944523   0.07166503
354.00   1.74519335   0.07289261
356.00   1.72080470   0.07413411
358.00   1.69627928   0.07538961
360.00   1.67161711   0.07665919
362.00   1.64681820   0.07794293
364.00   1.62188256   0.07924090
366.00   1.59681020   0.08055319
368.00   1.57160112   0.08187987
370.00   1.54625535   0.08322101
372.00   1.52077289   0.08457671
374.00   1.49515375   0.08594703
376.00   1.46939795   0.08733205
378.00   1.44350550   0.08873185
380.00   1.41747640   0.09014651
382.00   1.39131067   0.09157611
384.00   1.36500832   0.09302072
386.00   1.33856936   0.09448042
388.00   1.31199381   0.09595530
390.00   1.28528167   0.09744542
392.00   1.25843296   0.09895087
394.00   1.23144768   0.10047173
396.00   1.20432586   0.10200807
398.00   1.17706749   0.10355996
400.00   1.14967260   0.10512750
402.00   1.12214120   0.10671075
404.00   1.09447329   0.10830979
406.00   1.06666889   0.10992470
408.00   1.03872802   0.11155556
410.00   1.01065068   0.11320245
412.00   0.98243688   0.11486545
414.00   0.95408665   0.11654462
416.00   0.92559998   0.11824006
418.00   0.89697690   0.11995183
420.00   0.86821741   0.12168002
422.00   0.83932154   0.12342470
424.00   0.81028928   0.12518596
426.00   0.78112066   0.12696386
428.00   0.75181568   0.12875848
430.00   0.72237436   0.13056991
432.00   0.69279672   0.13239823
434.00   0.66308275   0.13424350
436.00   0.63323249   0.13610581
438.00   0.60324594   0.13798523
440.00   0.57312311   0.13988184
442.00   0.54286402   0.14179572
444.00   0.51246868   0.14372695
446.00   0.48193710   0.14567561
448.00   0.45126930   0.14764177
450.00   0.42046529   0.14962550
452.00   0.38952508   0.15162690
454.00   0.35844870   0.15364602
456.00   0.32723614   0.15568296
458.00   0.29588742   0.15773779
460.00   0.26440257   0.15981059
462.00   0.23278158   0.16190143
464.00   0.20102448   0.16401039
466.00   0.16913128   0.16613756
468.00   0.13710199   0.16828300
470.00   0.10493663   0.17044679
472.00   0.07263521   0.17262901
474.00   0.04019775   0.17482975
476.00   0.00762426   0.17704907
478.00  -0.02508526   0.17928705
480.00  -0.05793077   0.18154378
482.00  -0.09091227   0.18381932
484.00  -0.12402974   0.18611376
486.00  -0.15728318   0.18842717
488.00  -0.19067256   0.19075963
490.00  -0.22419786   0.19311122
492.00  -0.25785909   0.19548201
494.00  -0.29165621   0.19787209
496.00  -0.32558922   0.20028152
498.00  -0.35965811   0.20271039
500.00  -0.39386285   0.20515878
502.00  -0.42820343   0.20762675
504.00  -0.46267983   0.21011440
506.00  -0.49729205   0.21262179
508.00  -0.53204007   0.21514900
510.00  -0.56692387   0.21769611
512.00  -0.60194343   0.22026319
514.00  -0.63709874   0.22285033
516.00  -0.67238979   0.22545760
518.00  -0.70781656   0.22808508
520.00  -0.74337904   0.23073284
522.00  -0.77907721   0.23340097
524.00  -0.81491104   0.23608953
526.00  -0.85088054   0.23879861
528.00  -0.88698568   0.24152828
530.00  -0.92322645   0.24427862
532.00  -0.95960283   0.24704971
534.00  -0.99611480   0.24984162
536.00  -1.03276236   0.25265443
538.00  -1.06954547   0.25548822
540.00  -1.10646414   0.25834306
542.00  -1.14351834   0.26121904
544.00  -1.18070805   0.26411622
546.00  -1.21803326   0.26703469
548.00  -1.25549396   0.26997452
550.00  -1.29309012   0.27293579
552.00  -1.33082173   0.27591857
554.00  -1.36868878   0.27892295
556.00  -1.40669124   0.28194899
558.00  -1.44482910   0.28499678
560.00  -1.48310235   0.28806640
562.00  -1.52151097   0.29115791
564.00  -1.56005494   0.29427140
566.00  -1.59873424   0.29740694
568.00  -1.63754886   0.30056461
570.00  -1.67649878   0.30374448
572.00  -1.71558399   0.30694664
574.00  -1.75480446   0.31017116
576.00  -1.79416018   0.31341812
578.00  -1.83365114   0.31668758
580.00  -1.87327731   0.31997964
582.00  -1.91303868   0.32329436
584.00  -1.95293523   0.32663183
586.00  -1.99296694   0.32999211
588.00  -2.03313380   0.33337529
590.00  -2.07343579   0.33678144
592.00  -2.11387289   0.34021063
594.00  -2.15444508   0.34366296
596.00  -2.19515235   0.34713848
598.00  -2.23599468   0.35063728
600.00  -2.27697205   0.35415944
602.00  -2.31808445   0.35770502
604.00  -2.35933184   0.36127412
606.00  -2.40071423   0.36486679
608.00  -2.44223159   0.36848313
610.00  -2.48388389   0.37212320
612.00  -2.52567113   0.37578709
614.00  -2.56759329   0.37947486
616.00  -2.60965034   0.38318659
618.00  -2.65184227   0.38692237
620.00  -2.69416906   0.39068227
622.00  -2.73663070   0.39446636
624.00  -2.77922715   0.39827472
626.00  -2.82195842   0.40210742
628.00  -2.86482447   0.40596455
630.00  -2.90782528   0.40984617
632.00  -2.95096085   0.41375237
634.00  -2.99423115   0.41768322
636.00  -3.03763616   0.42163880
638.00  -3.08117586   0.42561918
640.00  -3.12485024   0.42962444
642.00  -3.16865927   0.43365465
644.00  -3.21260294   0.43770990
646.00  -3.25668122   0.44179025
648.00  -3.30089411   0.44589578
650.00  -3.34524157   0.45002658
652.00  -3.38972359   0.45418270
654.00  -3.43434016   0.45836424
656.00  -3.47909124   0.46257127
658.00  -3.52397683   0.46680386
660.00  -3.56899690   0.47106208
662.00  -3.61415143   0.47534602
664.00  -3.65944041   0.47965576
666.00  -3.70486381   0.48399135
668.00  -3.75042161   0.48835289
670.00  -3.79611380   0.49274045
672.00  -3.84194035   0.49715410
674.00  -3.88790125   0.50159392
676.00  -3.93399647   0.50605999
678.00  -3.98022600   0.51055237
680.00  -4.02658981   0.51507116
682.00  -4.07308789   0.51961641
684.00  -4.11972021   0.52418821
686.00  -4.16648676   0.52878664
688.00  -4.21338751   0.53341177
690.00  -4.26042244   0.53806367
692.00  -4.30759154   0.54274242
694.00  -4.35489478   0.54744809
696.00  -4.40233214   0.55218077
698.00  -4.44990361   0.55694052
700.00  -4.49760916   0.56172743
702.00  -4.54544877   0.56654156
704.00  -4.59342242   0.57138300
706.00  -4.64153009   0.57625182
708.00  -4.68977175   0.58114809
710.00  -4.73814740   0.58607189
712.00  -4.78665700   0.59102330
714.00  -4.83530054   0.59600238
716.00  -4.88407799   0.60100923
718.00  -4.93298934   0.60604390
720.00  -4.98203456   0.61110648
722.00  -5.03121363   0.61619704
724.00  -5.08052654   0.62131566
726.00  -5.12997325   0.62646241
728.00  -5.17955375   0.63163737
730.00  -5.22926801   0.63684061
732.00  -5.27911602   0.64207221
734.00  -5.32909776   0.64733224
736.00  -5.37921319   0.65262078
738.00  -5.42946231   0.65793791
740.00  -5.47984508   0.66328369
742.00  -5.53036149   0.66865821
744.00  -5.58101152   0.67406153
746.00  -5.63179514   0.67949374
748.00  -5.68271232   0.68495491
750.00  -5.73376306   0.69044511
752.00  -5.78494733   0.69596442
754.00  -5.83626510   0.70151291
756.00  -5.88771635   0.70709067
758.00  -5.93930106   0.71269775
760.00  -5.99101921   0.71833425
762.00  -6.04287078   0.72400022
764.00  -6.09485574   0.72969576
766.00  -6.14697407   0.73542093
768.00  -6.19922576   0.74117581
770.00  -6.25161076   0.74696047
772.00  -6.30412907   0.75277498
774.00  -6.35678066   0.75861943
776.00  -6.40956551   0.76449389
778.00  -6.46248360   0.77039843
780.00  -6.51553490   0.77633312
782.00  -6.56871938   0.78229805
784.00  -6.62203704   0.78829328
786.00  -6.67548784   0.79431889
788.00  -6.72907175   0.80037495
790.00  -6.78278877   0.80646155
792.00  -6.83663886   0.81257875
794.00  -6.89062200   0.81872663
796.00  -6.94473817   0.82490526
798.00  -6.99898735   0.83111472
800.00  -7.05336951   0.83735508
802.00  -7.10788462   0.84362642
804.00  -7.16253267   0.84992881
806.00  -7.21731363   0.85626232
808.00  -7.27222748   0.86262703
810.00  -7.32727419   0.86902302
812.00  -7.38245374   0.87545036
814.00  -7.43776611   0.88190912
816.00  -7.49321127   0.88839937
818.00  -7.54878920   0.89492120
820.00  -7.60449987   0.90147467
822.00  -7.66034327   0.90805987
824.00  -7.71631936   0.91467685
826.00  -7.77242812   0.92132571
828.00  -7.82866953   0.92800650
830.00  -7.88504357   0.93471932
832.00  -7.94155021   0.94146422
834.00  -7.99818942   0.94824129
836.00  -8.05496118   0.95505060
838.00  -8.11186547   0.96189222
840.00  -8.16890227   0.96876623
842.00  -8.22607154   0.97567270
844.00  -8.28337326   0.98261170
846.00  -8.34080742   0.98958331
848.00  -8.39837397   0.99658760
850.00  -8.45607291   1.00362466
852.00  -8.51390420   1.01069454
854.00  -8.57186782   1.01779732
856.00  -8.62996375   1.02493309
858.00  -8.68819195   1.03210190
860.00  -8.74655241   1.03930384
862.00  -8.80504510   1.04653898
864.00  -8.86367000   1.05380740
866.00  -8.92242707   1.06110916
868.00  -8.98131630   1.06844434
870.00  -9.04033766   1.07581302
872.00  -9.09949112   1.08321526
874.00  -9.15877666   1.09065115
876.00  -9.21819425   1.09812075
878.00  -9.27774387   1.10562414
880.00  -9.33742549   1.11316139
882.00  -9.39723908   1.12073258
884.00  -9.45718463   1.12833778
886.00  -9.51726210   1.13597706
888.00  -9.57747147   1.14365049
890.00  -9.63781272   1.15135816
892.00  -9.69828581   1.15910013
894.00  -9.75889072   1.16687647
896.00  -9.81962743   1.17468727
898.00  -9.88049590   1.18253259
900.00  -9.94149612   1.19041250
902.00 -10.00262806   1.19832709
904.00 -10.06389169   1.20627641
906.00 -10.12528698   1.21426056
908.00 -10.18681391   1.22227959
910.00 -10.24847245   1.23033359
912.00 -10.31026258   1.23842262
914.00 -10.37218427   1.24654676
916.00 -10.43423748   1.25470608
918.00 -10.49642221   1.26290066
920.00 -10.55873841   1.27113057
922.00 -10.62118607   1.27939587
924.00 -10.68376515   1.28769665
926.00 -10.74647563   1.29603298
928.00 -10.80931748   1.30440493
930.00 -10.87229068   1.31281257
932.00 -10.93539520   1.32125598
934.00 -10.99863101   1.32973523
936.00 -11.06199808   1.33825039
938.00 -11.12549639   1.34680153
940.00 -11.18912590   1.35538873
942.00 -11.25288661   1.36401206
944.00 -11.31677846   1.37267159
946.00 -11.38080145   1.38136740
948.00 -11.44495553   1.39009956
950.00 -11.50924069   1.39886814
952.00 -11.57365689   1.40767321
954.00 -11.63820412   1.41651485
956.00 -11.70288233   1.42539312
958.00 -11.76769150   1.43430811
960.00 -11.83263162   1.44325988
962.00 -11.89770263   1.45224851
964.00 -11.96290453   1.46127407
966.00 -12.02823728   1.47033663
968.00 -12.09370086   1.47943626
970.00 -12.15929523   1.48857304
972.00 -12.22502036   1.49774704
974.00 -12.29087624   1.50695833
976.00 -12.35686283   1.51620698
978.00 -12.42298010   1.52549307
980.00 -12.48922803   1.53481667
982.00 -12.55560658   1.54417785
984.00 -12.62211574   1.55357668
986.00 -12.68875546   1.56301323
988.00 -12.75552573   1.57248758
990.00 -12.82242650   1.58199980
992.00 -12.88945777   1.59154996
994.00 -12.95661949   1.60113814
996.00 -13.02391163   1.61076440
998.00 -13.09133418   1.62042881
1000.00 -13.15888710   1.63013146
1002.00 -13.22657035   1.63987241
1004.00 -13.29438392   1.64965173
1006.00 -13.36232778   1.65946949
1008.00 -13.43040188   1.66932578
1010.00 -13.49860622   1.67922065
1012.00 -13.56694075   1.68915418
1014.00 -13.63540544   1.69912645
1016.00 -13.70400028   1.70913752
1018.00 -13.77272522   1.71918747
1020.00 -13.84158024   1.72927636
1022.00 -13.91056532   1.73940428
1024.00 -13.97968041   1.74957128
1026.00 -14.04892549   1.75977745
1028.00 -14.11830054   1.77002286
1030.00 -14.18780552   1.78030757
1032.00 -14.25744040   1.79063166
1034.00 -14.32720516   1.80099520
1036.00 -14.39709976   1.81139826
1038.00 -14.46712417   1.82184091
1040.00 -14.53727837   1.83232322
1042.00 -14.60756232   1.84284527
1044.00 -14.67797599   1.85340713
1046.00 -14.74851936   1.86400887
1048.00 -14.81919239   1.87465055
1050.00 -14.88999506   1.88533226
1052.00 -14.96092733   1.89605406
1054.00 -15.03198918   1.90681602
1056.00 -15.10318056   1.91761822
1058.00 -15.17450147   1.92846072
1060.00 -15.24595185   1.93934360
1062.00 -15.31753169   1.95026693
1064.00 -15.38924095   1.96123078
1066.00 -15.46107960   1.97223521
1068.00 -15.53304761   1.98328031
1070.00 -15.60514495   1.99436615
1072.00 -15.67737160   2.00549278
1074.00 -15.74972751   2.01666029
1076.00 -15.82221266   2.02786875
1078.00 -15.89482702   2.03911822
1080.00 -15.96757055   2.05040878
1082.00 -16.04044323   2.06174050
1084.00 -16.11344503   2.07311345
1086.00 -16.18657591   2.08452769
1088.00 -16.25983585   2.09598331
1090.00 -16.33322480   2.10748037
1092.00 -16.40674275   2.11901894
1094.00 -16.48038966   2.13059910
1096.00 -16.55416549   2.14222091
1098.00 -16.62807022   2.15388444
1100.00 -16.70210382   2.16558977
1102.00 -16.77626625   2.17733696
1104.00 -16.85055749   2.18912609
1106.00 -16.92497749   2.20095722
1108.00 -16.99952624   2.21283043
1110.00 -17.07420370   2.22474579
1112.00 -17.14900983   2.23670337
1114.00 -17.22394460   2.24870323
1116.00 -17.29900799   2.26074546
1118.00 -17.37419997   2.27283011
1120.00 -17.44952049   2.28495726
1122.00 -17.52496952   2.29712698
1124.00 -17.60054705   2.30933935
1126.00 -17.67625303   2.32159442
1128.00 -17.75208743   2.33389227
1130.00 -17.82805022   2.34623297
1132.00 -17.90414136   2.35861659
1134.00 -17.98036083   2.37104321
1136.00 -18.05670860   2.38351288
1138.00 -18.13318462   2.39602569
1140.00 -18.20978888   2.40858169
1142.00 -18.28652133   2.42118097
1144.00 -18.36338194   2.43382358
1146.00 -18.44037068   2.44650961
1148.00 -18.51748752   2.45923912
1150.00 -18.59473243   2.47201218
1152.00 -18.67210537   2.48482886
1154.00 -18.74960631   2.49768922
1156.00 -18.82723522   2.51059335
1158.00 -18.90499206   2.52354131
1160.00 -18.98287681   2.53653317
1162.00 -19.06088942   2.54956899
1164.00 -19.13902988   2.56264886
1166.00 -19.21729813   2.57577283
1168.00 -19.29569415   2.58894098
1170.00 -19.37421791   2.60215338
1172.00 -19.45286938   2.61541009
1174.00 -19.53164851   2.62871120
1176.00 -19.61055528   2.64205675
1178.00 -19.68958966   2.65544683
1180.00 -19.76875161   2.66888151
1182.00 -19.84804109   2.68236085
1184.00 -19.92745808   2.69588493
1186.00 -20.00700254   2.70945380
1188.00 -20.08667443   2.72306755
1190.00 -20.16647373   2.73672624
1192.00 -20.24640040   2.75042994
1194.00 -20.32645440   2.76417872
1196.00 -20.40663571   2.77797265
1198.00 -20.48694428   2.79181180
1200.00 -20.56738009   2.80569623
1202.00 -20.64794309   2.81962602
1204.00 -20.72863327   2.83360123
1206.00 -20.80945058   2.84762194
1208.00 -20.89039498   2.86168821
1210.00 -20.97146645   2.87580011
1212.00 -21.05266495   2.88995772
1214.00 -21.13399045   2.90416109
1216.00 -21.21544291   2.91841030
1218.00 -21.29702229   2.93270542
1220.00 -21.37872857   2.94704652
1222.00 -21.46056171   2.96143366
1224.00 -21.54252167   2.97586691
1226.00 -21.62460842   2.99034635
1228.00 -21.70682193   3.00487204
1230.00 -21.78916216   3.01944404
1232.00 -21.87162907   3.03406244
1234.00 -21.95422264   3.04872729
1236.00 -22.03694282   3.06343866
1238.00 -22.11978959   3.07819663
1240.00 -22.20276290   3.09300126
1242.00 -22.28586272   3.10785263
1244.00 -22.36908902   3.12275079
1246.00 -22.45244177   3.13769581
1248.00 -22.53592092   3.15268778
1250.00 -22.61952644   3.16772675
1252.00 -22.70325830   3.18281278
1254.00 -22.78711646   3.19794596
1256.00 -22.87110089   3.21312635
1258.00 -22.95521155   3.22835402
1260.00 -23.03944841   3.24362903
1262.00 -23.12381143   3.25895145
1264.00 -23.20830057   3.27432135
1266.00 -23.29291580   3.28973880
1268.00 -23.37765709   3.30520387
1270.00 -23.46252439   3.32071663
1272.00 -23.54751768   3.33627713
1274.00 -23.63263692   3.35188546
1276.00 -23.71788207   3.36754168
1278.00 -23.80325310   3.38324585
1280.00 -23.88874996   3.39899804
1282.00 -23.97437263   3.41479833
1284.00 -24.06012107   3.43064678
1286.00 -24.14599525   3.44654345
1288.00 -24.23199512   3.46248842
1290.00 -24.31812065   3.47848176
1292.00 -24.40437180   3.49452352
1294.00 -24.49074854   3.51061378
1296.00 -24.57725084   3.52675261
1298.00 -24.66387865   3.54294007
1300.00 -24.75063194   3.55917623
1302.00 -24.83751068   3.57546115
1304.00 -24.92451482   3.59179491
1306.00 -25.01164434   3.60817758
1308.00 -25.09889919   3.62460921
1310.00 -25.18627933   3.64108988
1312.00 -25.27378474   3.65761966
1314.00 -25.36141537   3.67419861
1316.00 -25.44917119   3.69082679
1318.00 -25.53705216   3.70750428
1320.00 -25.62505825   3.72423115
1322.00 -25.71318942   3.74100745
1324.00 -25.80144562   3.75783327
1326.00 -25.88982683   3.77470865
1328.00 -25.97833301   3.79163368
1330.00 -26.06696412   3.80860841
1332.00 -26.15572012   3.82563293
1334.00 -26.24460098   3.84270728
1336.00 -26.33360665   3.85983154
1338.00 -26.42273711   3.87700578
1340.00 -26.51199232   3.89423005
1342.00 -26.60137223   3.91150444
1344.00 -26.69087681   3.92882901
1346.00 -26.78050602   3.94620381
1348.00 -26.87025983   3.96362893
1350.00 -26.96013820   3.98110442
1352.00 -27.05014109   3.99863035
1354.00 -27.14026846   4.01620680
1356.00 -27.23052028   4.03383382
1358.00 -27.32089650   4.05151148
1360.00 -27.41139709   4.06923984
1362.00 -27.50202202   4.08701899
1364.00 -27.59277124   4.10484897
1366.00 -27.68364472   4.12272986
1368.00 -27.77464242   4.14066173
1370.00 -27.86576430   4.15864463
1372.00 -27.95701032   4.17667864
1374.00 -28.04838045   4.19476382
1376.00 -28.13987464   4.21290025
1378.00 -28.23149287   4.23108797
1380.00 -28.32323508   4.24932707
1382.00 -28.41510125   4.26761760
1384.00 -28.50709133   4.28595964
1386.00 -28.59920529   4.30435324
1388.00 -28.69144309   4.32279848
1390.00 -28.78380468   4.34129542
1392.00 -28.87629004   4.35984413
1394.00 -28.96889912   4.37844467
1396.00 -29.06163188   4.39709711
1398.00 -29.15448829   4.41580151
1400.00 -29.24746831   4.43455794
1402.00 -29.34057189   4.45336647
1404.00 -29.43379901   4.47222715
1406.00 -29.52714962   4.49114007
1408.00 -29.62062367   4.51010527
1410.00 -29.71422115   4.52912284
1412.00 -29.80794199   4.54819282
1414.00 -29.90178618   4.56731530
1416.00 -29.99575365   4.58649033
1418.00 -30.08984439   4.60571798
1420.00 -30.18405835   4.62499831
1422.00 -30.27839548   4.64433139
1424.00 -30.37285576   4.66371729
1426.00 -30.46743914   4.68315607
1428.00 -30.56214558   4.70264780
1430.00 -30.65697504   4.72219254
1432.00 -30.75192748   4.74179035
1434.00 -30.84700288   4.76144131
1436.00 -30.94220117   4.78114547
1438.00 -31.03752233   4.80090290
1440.00 -31.13296632   4.82071367
1442.00 -31.22853309   4.84057785
1444.00 -31.32422261   4.86049549
1446.00 -31.42003484   4.88046666
1448.00 -31.51596973   4.90049142
1450.00 -31.61202725   4.92056985
1452.00 -31.70820736   4.94070201
1454.00 -31.80451002   4.96088795
1456.00 -31.90093519   4.98112775
1458.00 -31.99748282   5.00142147
1460.00 -32.09415288   5.02176918
1462.00 -32.19094534   5.04217093
1464.00 -32.28786014   5.06262680
1466.00 -32.38489725   5.08313685
1468.00 -32.48205662   5.10370114
1470.00 -32.57933823   5.12431973
1472.00 -32.67674202   5.14499270
1474.00 -32.77426796   5.16572011
1476.00 -32.87191601   5.18650201
1478.00 -32.96968613   5.20733848
1480.00 -33.06757827   5.22822958
1482.00 -33.16559240   5.24917538
1484.00 -33.26372847   5.27017593
1486.00 -33.36198645   5.29123130
1488.00 -33.46036630   5.31234156
1490.00 -33.55886797   5.33350677
1492.00 -33.65749142   5.35472699
1494.00 -33.75623662   5.37600230
1496.00 -33.85510352   5.39733274
1498.00 -33.95409208   5.41871839
1500.00 -34.05320226   5.44015931
1502.00 -34.15243401   5.46165556
1504.00 -34.25178731   5.48320721
1506.00 -34.35126211   5.50481433
1508.00 -34.45085836   5.52647696
1510.00 -34.55057603   5.54819519
1512.00 -34.65041508   5.56996907
1514.00 -34.75037545   5.59179866
1516.00 -34.85045712   5.61368404
1518.00 -34.95066005   5.63562526
1520.00 -35.05098418   5.65762238
1522.00 -35.15142948   5.67967548
1524.00 -35.25199591   5.70178461
1526.00 -35.35268342   5.72394984
1528.00 -35.45349198   5.74617123
1530.00 -35.55442154   5.76844884
1532.00 -35.65547207   5.79078274
1534.00 -35.75664351   5.81317299
1536.00 -35.85793583   5.83561965
1538.00 -35.95934899   5.85812279
1540.00 -36.06088295   5.88068247
1542.00 -36.16253765   5.90329875
1544.00 -36.26431307   5.92597170
1546.00 -36.36620916   5.94870138
1548.00 -36.46822588   5.97148786
1550.00 -36.57036319   5.99433118
1552.00 -36.67262103   6.01723143
1554.00 -36.77499939   6.04018866
1556.00 -36.87749820   6.06320293
1558.00 -36.98011743   6.08627430
1560.00 -37.08285703   6.10940285
1562.00 -37.18571697   6.13258863
1564.00 -37.28869720   6.15583170
1566.00 -37.39179769   6.17913214
1568.00 -37.49501837   6.20248999
1570.00 -37.59835923   6.22590532
1572.00 -37.70182020   6.24937820
1574.00 -37.80540126   6.27290869
1576.00 -37.90910236   6.29649685
1578.00 -38.01292345   6.32014274
1580.00 -38.11686449   6.34384642
1582.00 -38.22092544   6.36760797
1584.00 -38.32510626   6.39142743
1586.00 -38.42940691   6.41530488
1588.00 -38.53382734   6.43924037
1590.00 -38.63836751   6.46323396
1592.00 -38.74302737   6.48728573
1594.00 -38.84780689   6.51139572
1596.00 -38.95270602   6.53556401
1598.00 -39.05772472   6.55979065
1600.00 -39.16286294   6.58407571
1602.00 -39.26812065   6.60841925
1604.00 -39.37349780   6.63282132
1606.00 -39.47899434   6.65728201
1608.00 -39.58461023   6.68180135
1610.00 -39.69034544   6.70637942
1612.00 -39.79619991   6.73101628
1614.00 -39.90217361   6.75571199
1616.00 -40.00826648   6.78046661
1618.00 -40.11447850   6.80528020
1620.00 -40.22080960   6.83015283
1622.00 -40.32725976   6.85508455
1624.00 -40.43382893   6.88007543
1626.00 -40.54051705   6.90512553
1628.00 -40.64732410   6.93023491
1630.00 -40.75425003   6.95540363
1632.00 -40.86129478   6.98063176
1634.00 -40.96845833   7.00591935
1636.00 -41.07574062   7.03126647
1638.00 -41.18314162   7.05667317
1640.00 -41.29066127   7.08213952
1642.00 -41.39829953   7.10766558
1644.00 -41.50605637   7.13325141
1646.00 -41.61393173   7.15889707
1648.00 -41.72192558   7.18460263
1650.00 -41.83003786   7.21036814
1652.00 -41.93826854   7.23619366
1654.00 -42.04661757   7.26207926
1656.00 -42.15508491   7.28802500
1658.00 -42.26367051   7.31403093
1660.00 -42.37237432   7.34009712
1662.00 -42.48119631   7.36622363
1664.00 -42.59013643   7.39241052
1666.00 -42.69919464   7.41865785
1668.00 -42.80837089   7.44496568
1670.00 -42.91766513   7.47133407
1672.00 -43.02707733   7.49776309
1674.00 -43.13660743   7.52425278
1676.00 -43.24625540   7.55080322
1678.00 -43.35602119   7.57741447
1680.00 -43.46590475   7.60408658
1682.00 -43.57590604   7.63081961
1684.00 -43.68602502   7.65761362
1686.00 -43.79626163   7.68446868
1688.00 -43.90661585   7.71138485
1690.00 -44.01708761   7.73836218
1692.00 -44.12767688   7.76540074
1694.00 -44.23838361   7.79250058
1696.00 -44.34920776   7.81966177
1698.00 -44.46014928   7.84688436
1700.00 -44.57120813   7.87416842
1702.00 -44.68238426   7.90151401
1704.00 -44.79367762   7.92892118
1706.00 -44.90508818   7.95638999
1708.00 -45.01661588   7.98392051
1710.00 -45.12826069   8.01151280
1712.00 -45.24002255   8.03916691
1714.00 -45.35190142   8.06688290
1716.00 -45.46389726   8.09466084
1718.00 -45.57601001   8.12250079
1720.00 -45.68823965   8.15040279
1722.00 -45.80058611   8.17836692
1724.00 -45.91304936   8.20639323
1726.00 -46.02562934   8.23448179
1728.00 -46.13832602   8.26263264
1730.00 -46.25113935   8.29084586
1732.00 -46.36406927   8.31912149
1734.00 -46.47711576   8.34745961
1736.00 -46.59027876   8.37586026
1738.00 -46.70355822   8.40432351
1740.00 -46.81695410   8.43284942
1742.00 -46.93046635   8.46143804
1744.00 -47.04409493   8.49008944
1746.00 -47.15783980   8.51880367
1748.00 -47.27170090   8.54758080
1750.00 -47.38567819   8.57642088
1752.00 -47.49977162   8.60532397
1754.00 -47.61398116   8.63429013
1756.00 -47.72830674   8.66331942
1758.00 -47.84274833   8.69241189
1760.00 -47.95730589   8.72156761
1762.00 -48.07197935   8.75078664
1764.00 -48.18676868   8.78006903
1766.00 -48.30167384   8.80941485
1768.00 -48.41669477   8.83882414
1770.00 -48.53183143   8.86829697
1772.00 -48.64708377   8.89783341
1774.00 -48.76245175   8.92743349
1776.00 -48.87793531   8.95709730
1778.00 -48.99353443   8.98682487
1780.00 -49.10924903   9.01661628
1782.00 -49.22507909   9.04647158
1784.00 -49.34102455   9.07639083
1786.00 -49.45708537   9.10637408
1788.00 -49.57326150   9.13642140
1790.00 -49.68955290   9.16653284
1792.00 -49.80595951   9.19670846
1794.00 -49.92248129   9.22694832
1796.00 -50.03911819   9.25725247
1798.00 -50.15587018   9.28762098
1800.00 -50.27273719   9.31805391
1802.00 -50.38971918   9.34855130
1804.00 -50.50681611   9.37911323
1806.00 -50.62402793   9.40973974
1808.00 -50.74135459   9.44043089
1810.00 -50.85879605   9.47118674
1812.00 -50.97635226   9.50200736
1814.00 -51.09402316   9.53289279
1816.00 -51.21180872   9.56384309
1818.00 -51.32970889   9.59485833
1820.00 -51.44772361   9.62593856
1822.00 -51.56585285   9.65708383
1824.00 -51.68409655   9.68829421
1826.00 -51.80245467   9.71956975
1828.00 -51.92092716   9.75091051
1830.00 -52.03951398   9.78231655
1832.00 -52.15821506   9.81378792
1834.00 -52.27703038   9.84532468
1836.00 -52.39595987   9.87692689
1838.00 -52.51500350   9.90859461
1840.00 -52.63416121   9.94032788
1842.00 -52.75343297   9.97212678
1844.00 -52.87281871  10.00399135
1846.00 -52.99231839  10.03592165
1848.00 -53.11193196  10.06791775
1850.00 -53.23165939  10.09997969
1852.00 -53.35150061  10.13210754
1854.00 -53.47145558  10.16430134
1856.00 -53.59152426  10.19656117
1858.00 -53.71170659  10.22888706
1860.00 -53.83200253  10.26127909
1862.00 -53.95241202  10.29373731
1864.00 -54.07293503  10.32626177
1866.00 -54.19357150  10.35885253
1868.00 -54.31432139  10.39150964
1870.00 -54.43518464  10.42423317
1872.00 -54.55616121  10.45702317
1874.00 -54.67725105  10.48987969
1876.00 -54.79845412  10.52280280
1878.00 -54.91977036  10.55579254
1880.00 -55.04119972  10.58884898
1882.00 -55.16274216  10.62197217
1884.00 -55.28439763  10.65516217
1886.00 -55.40616608  10.68841903
1888.00 -55.52804746  10.72174281
1890.00 -55.65004173  10.75513357
1892.00 -55.77214883  10.78859135
1894.00 -55.89436872  10.82211622
1896.00 -56.01670135  10.85570824
1898.00 -56.13914666  10.88936745
1900.00 -56.26170462  10.92309392
1902.00 -56.38437516  10.95688770
1904.00 -56.50715825  10.99074884
1906.00 -56.63005384  11.02467740
1908.00 -56.75306187  11.05867345
1910.00 -56.87618230  11.09273702
1912.00 -56.99941508  11.12686818
1914.00 -57.12276015  11.16106699
1916.00 -57.24621748  11.19533349
1918.00 -57.36978700  11.22966775
1920.00 -57.49346868  11.26406982
1922.00 -57.61726246  11.29853976
1924.00 -57.74116830  11.33307761
1926.00 -57.86518614  11.36768344
1928.00 -57.98931594  11.40235730
1930.00 -58.11355764  11.43709925
1932.00 -58.23791120  11.47190934
1934.00 -58.36237657  11.50678762
1936.00 -58.48695370  11.54173415
1938.00 -58.61164254  11.57674899
1940.00 -58.73644304  11.61183219
1942.00 -58.86135515  11.64698381
1944.00 -58.98637882  11.68220389
1946.00 -59.11151400  11.71749251
1948.00 -59.23676064  11.75284970
1950.00 -59.36211870  11.78827552
1952.00 -59.48758813  11.82377004
1954.00 -59.61316886  11.85933330
1956.00 -59.73886086  11.89496535
1958.00 -59.86466408  11.93066626
1960.00 -59.99057846  11.96643608
1962.00 -60.11660395  12.00227486
1964.00 -60.24274051  12.03818266
1966.00 -60.36898809  12.07415952
1968.00 -60.49534663  12.11020551
1970.00 -60.62181609  12.14632068
1972.00 -60.74839642  12.18250508
1974.00 -60.87508756  12.21875877
1976.00 -61.00188947  12.25508180
1978.00 -61.12880209  12.29147423
1980.00 -61.25582539  12.32793611
1982.00 -61.38295929  12.36446749
1984.00 -61.51020377  12.40106842
1986.00 -61.63755876  12.43773897
1988.00 -61.76502421  12.47447918
1990.00 -61.89260009  12.51128912
1992.00 -62.02028632  12.54816882
1994.00 -62.14808288  12.58511835
1996.00 -62.27598970  12.62213776
1998.00 -62.40400673  12.65922711
2000.00 -62.53213393  12.69638644
2002.00 -62.66037124  12.73361581
2004.00 -62.78871862  12.77091528
2006.00 -62.91717601  12.80828489
2008.00 -63.04574336  12.84572471
2010.00 -63.17442062  12.88323478
2012.00 -63.30320775  12.92081516
2014.00 -63.43210469  12.95846589
2016.00 -63.56111139  12.99618705
2018.00 -63.69022780  13.03397867
2020.00 -63.81945387  13.07184081
2022.00 -63.94878954  13.10977352
2024.00 -64.07823478  13.14777686
2026.00 -64.20778952  13.18585088
2028.00 -64.33745372  13.22399564
2030.00 -64.46722732  13.26221117
2032.00 -64.59711028  13.30049755
2034.00 -64.72710255  13.33885482
2036.00 -64.85720406  13.37728303
2038.00 -64.98741478  13.41578224
2040.00 -65.11773465  13.45435249
2042.00 -65.24816362  13.49299385
2044.00 -65.37870164  13.53170637
2046.00 -65.50934866  13.57049009
2048.00 -65.64010462  13.60934507
2050.00 -65.77096948  13.64827136
2052.00 -65.90194318  13.68726902
2054.00 -66.03302568  13.72633809
2056.00 -66.16421692  13.76547863
2058.00 -66.29551685  13.80469069
2060.00 -66.42692542  13.84397433
2062.00 -66.55844258  13.88332959
2064.00 -66.69006827  13.92275653
2066.00 -66.82180246  13.96225520
2068.00 -66.95364507  14.00182566
2070.00 -67.08559607  14.04146794
2072.00 -67.21765540  14.08118211
2074.00 -67.34982301  14.12096822
2076.00 -67.48209885  14.16082632
2078.00 -67.61448286  14.20075646
2080.00 -67.74697500  14.24075870
2082.00 -67.87957521  14.28083308
2084.00 -68.01228345  14.32097965
2086.00 -68.14509965  14.36119848
2088.00 -68.27802377  14.40148960
2090.00 -68.41105576  14.44185307
2092.00 -68.54419557  14.48228895
2094.00 -68.67744313  14.52279728
2096.00 -68.81079841  14.56337812
2098.00 -68.94426135  14.60403152
2100.00 -69.07783190  14.64475752
2102.00 -69.21151000  14.68555618
2104.00 -69.34529560  14.72642756
2106.00 -69.47918866  14.76737169
2108.00 -69.61318911  14.80838864
2110.00 -69.74729692  14.84947846
2112.00 -69.88151202  14.89064119
2114.00 -70.01583436  14.93187688
2116.00 -70.15026389  14.97318559
2118.00 -70.28480056  15.01456737
2120.00 -70.41944432  15.05602227
2122.00 -70.55419512  15.09755034
2124.00 -70.68905289  15.13915163
2126.00 -70.82401760  15.18082620
2128.00 -70.95908918  15.22257408
2130.00 -71.09426759  15.26439533
2132.00 -71.22955278  15.30629001
2134.00 -71.36494468  15.34825817
2136.00 -71.50044325  15.39029984
2138.00 -71.63604844  15.43241509
2140.00 -71.77176019  15.47460397
2142.00 -71.90757845  15.51686652
2144.00 -72.04350317  15.55920280
2146.00 -72.17953429  15.60161285
2148.00 -72.31567177  15.64409673
2150.00 -72.45191555  15.68665449
2152.00 -72.58826557  15.72928617
2154.00 -72.72472180  15.77199183
2156.00 -72.86128416  15.81477152
2158.00 -72.99795261  15.85762528
2160.00 -73.13472710  15.90055317
2162.00 -73.27160757  15.94355523
2164.00 -73.40859398  15.98663152
2166.00 -73.54568626  16.02978209
2168.00 -73.68288437  16.07300698
2170.00 -73.82018825  16.11630625
2172.00 -73.95759785  16.15967995
2174.00 -74.09511312  16.20312811
2176.00 -74.23273400  16.24665081
2178.00 -74.37046044  16.29024807
2180.00 -74.50829239  16.33391996
2182.00 -74.64622979  16.37766652
2184.00 -74.78427259  16.42148781
2186.00 -74.92242074  16.46538386
2188.00 -75.06067419  16.50935474
2190.00 -75.19903288  16.55340048
2192.00 -75.33749676  16.59752115
2194.00 -75.47606577  16.64171678
2196.00 -75.61473986  16.68598743
2198.00 -75.75351898  16.73033315
2200.00 -75.89240308  16.77475398
2202.00 -76.03139210  16.81924997
2204.00 -76.17048599  16.86382118
2206.00 -76.30968469  16.90846765
2208.00 -76.44898816  16.95318944
2210.00 -76.58839633  16.99798658
2212.00 -76.72790916  17.04285913
2214.00 -76.86752658  17.08780714
2216.00 -77.00724856  17.13283065
2218.00 -77.14707503  17.17792972
2220.00 -77.28700594  17.22310439
2222.00 -77.42704124  17.26835471
2224.00 -77.56718087  17.31368073
2226.00 -77.70742478  17.35908250
2228.00 -77.84777291  17.40456007
2230.00 -77.98822522  17.45011348
2232.00 -78.12878164  17.49574278
2234.00 -78.26944213  17.54144803
2236.00 -78.41020663  17.58722926
2238.00 -78.55107509  17.63308653
2240.00 -78.69204744  17.67901989
2242.00 -78.83312365  17.72502938
2244.00 -78.97430365  17.77111506
2246.00 -79.11558740  17.81727696
2248.00 -79.25697483  17.86351514
2250.00 -79.39846589  17.90982965
2252.00 -79.54006053  17.95622053
2254.00 -79.68175870  18.00268783
2256.00 -79.82356033  18.04923159
2258.00 -79.96546539  18.09585188
2260.00 -80.10747380  18.14254873
2262.00 -80.24958553  18.18932219
2264.00 -80.39180050  18.23617230
2266.00 -80.53411868  18.28309913
2268.00 -80.67654000  18.33010271
2270.00 -80.81906442  18.37718309
2272.00 -80.96169187  18.42434031
2274.00 -81.10442230  18.47157444
2276.00 -81.24725566  18.51888550
2278.00 -81.39019190  18.56627356
2280.00 -81.53323095  18.61373865
2282.00 -81.67637277  18.66128083
2284.00 -81.81961730  18.70890014
2286.00 -81.96296449  18.75659662
2288.00 -82.10641428  18.80437034
2290.00 -82.24996661  18.85222132
2292.00 -82.39362144  18.90014962
2294.00 -82.53737871  18.94815529
2296.00 -82.68123835  18.99623837
2298.00 -82.82520033  19.04439892
2300.00 -82.96926458  19.09263696
2302.00 -83.11343105  19.14095256
2304.00 -83.25769969  19.18934576
2306.00 -83.40207043  19.23781660
2308.00 -83.54654323  19.28636514
2310.00 -83.69111803  19.33499141
2312.00 -83.83579477  19.38369547
2314.00 -83.98057341  19.43247736
2316.00 -84.12545388  19.48133713
2318.00 -84.27043613  19.53027482
2320.00 -84.41552011  19.57929048
2322.00 -84.56070576  19.62838416
2324.00 -84.70599302  19.67755589
2326.00 -84.85138185  19.72680574
2328.00 -84.99687218  19.77613374
2330.00 -85.14246396  19.82553994
2332.00 -85.28815714  19.87502439
2334.00 -85.43395166  19.92458713
2336.00 -85.57984746  19.97422820
2338.00 -85.72584450  20.02394766
2340.00 -85.87194271  20.07374555
2342.00 -86.01814204  20.12362191
2344.00 -86.16444243  20.17357680
2346.00 -86.31084384  20.22361025
2348.00 -86.45734620  20.27372231
2350.00 -86.60394946  20.32391302
2352.00 -86.75065356  20.37418244
2354.00 -86.89745845  20.42453061
2356.00 -87.04436407  20.47495757
2358.00 -87.19137038  20.52546337
2360.00 -87.33847730  20.57604805
2362.00 -87.48568479  20.62671166
2364.00 -87.63299279  20.67745424
2366.00 -87.78040125  20.72827585
2368.00 -87.92791011  20.77917651
2370.00 -88.07551932  20.83015629
2372.00 -88.22322881  20.88121522
2374.00 -88.37103854  20.93235335
2376.00 -88.51894844  20.98357072
2378.00 -88.66695847  21.03486738
2380.00 -88.81506857  21.08624337
2382.00 -88.96327868  21.13769874
2384.00 -89.11158874  21.18923354
2386.00 -89.25999870  21.24084780
2388.00 -89.40850851  21.29254157
2390.00 -89.55711811  21.34431490
2392.00 -89.70582743  21.39616783
2394.00 -89.85463644  21.44810040
2396.00 -90.00354507  21.50011266
2398.00 -90.15255326  21.55220466
2400.00 -90.30166096  21.60437644
2402.00 -90.45086811  21.65662803
2404.00 -90.60017467  21.70895950
2406.00 -90.74958056  21.76137087
2408.00 -90.89908574  21.81386220
2410.00 -91.04869015  21.86643353
2412.00 -91.19839373  21.91908490
2414.00 -91.34819643  21.97181636
2416.00 -91.49809820  22.02462794
2418.00 -91.64809897  22.07751970
2420.00 -91.79819868  22.13049168
2422.00 -91.94839729  22.18354393
2424.00 -92.09869474  22.23667647
2426.00 -92.24909097  22.28988937
2428.00 -92.39958592  22.34318266
2430.00 -92.55017955  22.39655638
2432.00 -92.70087178  22.45001059
2434.00 -92.85166257  22.50354532
2436.00 -93.00255187  22.55716061
2438.00 -93.15353960  22.61085652
2440.00 -93.30462572  22.66463308
2442.00 -93.45581018  22.71849033
2444.00 -93.60709290  22.77242833
2446.00 -93.75847385  22.82644711
2448.00 -93.90995296  22.88054671
2450.00 -94.06153017  22.93472718
2452.00 -94.21320543  22.98898857
2454.00 -94.36497869  23.04333091
2456.00 -94.51684988  23.09775425
2458.00 -94.66881895  23.15225863
2460.00 -94.82088584  23.20684409
2462.00 -94.97305050  23.26151068
2464.00 -95.12531287  23.31625844
2466.00 -95.27767289  23.37108742
2468.00 -95.43013051  23.42599764
2470.00 -95.58268567  23.48098917
2472.00 -95.73533831  23.53606203
2474.00 -95.88808838  23.59121628
2476.00 -96.04093581  23.64645195
2478.00 -96.19388057  23.70176909
2480.00 -96.34692257  23.75716773
2482.00 -96.50006178  23.81264793
2484.00 -96.65329813  23.86820973
2486.00 -96.80663157  23.92385316
2488.00 -96.96006203  23.97957826
2490.00 -97.11358947  24.03538509
2492.00 -97.26721383  24.09127368
2494.00 -97.42093504  24.14724408
2496.00 -97.57475305  24.20329632
2498.00 -97.72866781  24.25943045
2500.00 -97.88267926  24.31564651
2502.00 -98.03678733  24.37194455
2504.00 -98.19099199  24.42832459
2506.00 -98.34529315  24.48478670
2508.00 -98.49969078  24.54133090
2510.00 -98.65418481  24.59795723
2512.00 -98.80877519  24.65466575
2514.00 -98.96346185  24.71145650
2516.00 -99.11824475  24.76832950
2518.00 -99.27312382  24.82528481
2520.00 -99.42809901  24.88232247
2522.00 -99.58317026  24.93944251
2524.00 -99.73833751  24.99664498
2526.00 -99.89360070  25.05392992
2528.00 -100.04895979  25.11129738
2530.00 -100.20441470  25.16874738
2532.00 -100.35996539  25.22627998
2534.00 -100.51561180  25.28389522
2536.00 -100.67135387  25.34159313
2538.00 -100.82719153  25.39937375
2540.00 -100.98312475  25.45723714
2542.00 -101.13915345  25.51518332
2544.00 -101.29527757  25.57321234
2546.00 -101.45149708  25.63132424
2548.00 -101.60781189  25.68951906
2550.00 -101.76422197  25.74779685
2552.00 -101.92072724  25.80615763
2554.00 -102.07732766  25.86460146
2556.00 -102.23402316  25.92312836
2558.00 -102.39081369  25.98173840
2560.00 -102.54769919  26.04043159
2562.00 -102.70467960  26.09920799
2564.00 -102.86175486  26.15806764
2566.00 -103.01892493  26.21701057
2568.00 -103.17618973  26.27603682
2570.00 -103.33354921  26.33514644
2572.00 -103.49100332  26.39433946
2574.00 -103.64855200  26.45361593
2576.00 -103.80619518  26.51297589
2578.00 -103.96393282  26.57241937
2580.00 -104.12176485  26.63194641
2582.00 -104.27969122  26.69155706
2584.00 -104.43771186  26.75125135
2586.00 -104.59582672  26.81102933
2588.00 -104.75403575  26.87089104
2590.00 -104.91233888  26.93083650
2592.00 -105.07073606  26.99086577
2594.00 -105.22922722  27.05097889
2596.00 -105.38781232  27.11117588
2598.00 -105.54649129  27.17145680
2600.00 -105.70526408  27.23182168
2602.00 -105.86413062  27.29227056
2604.00 -106.02309086  27.35280348
2606.00 -106.18214474  27.41342048
2608.00 -106.34129221  27.47412160
2610.00 -106.50053320  27.53490688
2612.00 -106.65986766  27.59577635
2614.00 -106.81929553  27.65673006
2616.00 -106.97881675  27.71776805
2618.00 -107.13843126  27.77889035
2620.00 -107.29813901  27.84009701
2622.00 -107.45793994  27.90138805
2624.00 -107.61783398  27.96276353
2626.00 -107.77782108  28.02422347
2628.00 -107.93790119  28.08576793
2630.00 -108.09807424  28.14739693
2632.00 -108.25834018  28.20911052
2634.00 -108.41869894  28.27090873
2636.00 -108.57915048  28.33279161
2638.00 -108.73969473  28.39475919
2640.00 -108.90033163  28.45681150
2642.00 -109.06106112  28.51894860
2644.00 -109.22188315  28.58117051
2646.00 -109.38279766  28.64347728
2648.00 -109.54380459  28.70586894
2650.00 -109.70490388  28.76834553
2652.00 -109.86609547  28.83090709
2654.00 -110.02737931  28.89355366
2656.00 -110.18875534  28.95628528
2658.00 -110.35022349  29.01910198
2660.00 -110.51178371  29.08200380
2662.00 -110.67343595  29.14499078
2664.00 -110.83518013  29.20806296
2666.00 -110.99701622  29.27122038
2668.00 -111.15894413  29.33446307
2670.00 -111.32096383  29.39779106
2672.00 -111.48307524  29.46120441
2674.00 -111.64527831  29.52470315
2676.00 -111.80757298  29.58828730
2678.00 -111.96995920  29.65195692
2680.00 -112.13243690  29.71571204
2682.00 -112.29500603  29.77955270
2684.00 -112.45766652  29.84347892
2686.00 -112.62041832  29.90749076
2688.00 -112.78326138  29.97158825
2690.00 -112.94619562  30.03577142
2692.00 -113.10922099  30.10004032
2694.00 -113.27233744  30.16439498
2696.00 -113.43554491  30.22883543
2698.00 -113.59884333  30.29336172
2700.00 -113.76223265  30.35797387
2702.00 -113.92571280  30.42267194
2704.00 -114.08928374  30.48745595
2706.00 -114.25294540  30.55232594
2708.00 -114.41669772  30.61728195
2710.00 -114.58054064  30.68232402
2712.00 -114.74447411  30.74745218
2714.00 -114.90849806  30.81266646
2716.00 -115.07261244  30.87796691
2718.00 -115.23681719  30.94335357
2720.00 -115.40111225  31.00882646
2722.00 -115.56549756  31.07438562
2724.00 -115.72997305  31.14003110
2726.00 -115.89453869  31.20576292
2728.00 -116.05919439  31.27158113
2730.00 -116.22394011  31.33748576
2732.00 -116.38877578  31.40347685
2734.00 -116.55370135  31.46955442
2736.00 -116.71871676  31.53571853
2738.00 -116.88382194  31.60196920
2740.00 -117.04901685  31.66830647
2742.00 -117.21430141  31.73473037
2744.00 -117.37967558  31.80124095
2746.00 -117.54513929  31.86783824
2748.00 -117.71069248  31.93452227
2750.00 -117.87633509  32.00129308
2752.00 -118.04206707  32.06815071
2754.00 -118.20788835  32.13509519
2756.00 -118.37379888  32.20212655
2758.00 -118.53979860  32.26924484
2760.00 -118.70588744  32.33645008
2762.00 -118.87206535  32.40374232
2764.00 -119.03833227  32.47112159
2766.00 -119.20468815  32.53858792
2768.00 -119.37113291  32.60614135
2770.00 -119.53766650  32.67378192
2772.00 -119.70428887  32.74150965
2774.00 -119.87099995  32.80932459
2776.00 -120.03779968  32.87722678
2778.00 -120.20468801  32.94521623
2780.00 -120.37166487  33.01329300
2782.00 -120.53873020  33.08145711
2784.00 -120.70588396  33.14970860
2786.00 -120.87312607  33.21804751
2788.00 -121.04045647  33.28647387
2790.00 -121.20787512  33.35498771
2792.00 -121.37538194  33.42358908
2794.00 -121.54297689  33.49227799
2796.00 -121.71065989  33.56105450
2798.00 -121.87843089  33.62991863
2800.00 -122.04628983  33.69887042
2802.00 -122.21423666  33.76790990
2804.00 -122.38227130  33.83703710
2806.00 -122.55039371  33.90625207
2808.00 -122.71860382  33.97555484
2810.00 -122.88690158  34.04494543
2812.00 -123.05528691  34.11442389
2814.00 -123.22375977  34.18399024
2816.00 -123.39232010  34.25364453
2818.00 -123.56096783  34.32338679
2820.00 -123.72970291  34.39321705
2822.00 -123.89852527  34.46313534
2824.00 -124.06743485  34.53314170
2826.00 -124.23643161  34.60323616
2828.00 -124.40551547  34.67341876
2830.00 -124.57468637  34.74368953
2832.00 -124.74394427  34.81404850
2834.00 -124.91328909  34.88449572
2836.00 -125.08272078  34.95503120
2838.00 -125.25223927  35.02565499
2840.00 -125.42184452  35.09636711
2842.00 -125.59153645  35.16716761
2844.00 -125.76131501  35.23805651
2846.00 -125.93118014  35.30903386
2848.00 -126.10113179  35.38009967
2850.00 -126.27116988  35.45125399
2852.00 -126.44129436  35.52249685
2854.00 -126.61150516  35.59382828
2856.00 -126.78180224  35.66524832
2858.00 -126.95218553  35.73675700
2860.00 -127.12265497  35.80835434
2862.00 -127.29321050  35.88004039
2864.00 -127.46385206  35.95181518
2866.00 -127.63457960  36.02367874
2868.00 -127.80539304  36.09563110
2870.00 -127.97629233  36.16767230
2872.00 -128.14727742  36.23980237
2874.00 -128.31834823  36.31202134
2876.00 -128.48950472  36.38432924
2878.00 -128.66074681  36.45672611
2880.00 -128.83207446  36.52921198
2882.00 -129.00348760  36.60178688
2884.00 -129.17498617  36.67445085
2886.00 -129.34657011  36.74720391
2888.00 -129.51823936  36.82004610
2890.00 -129.68999386  36.89297746
2892.00 -129.86183356  36.96599800
2894.00 -130.03375838  37.03910778
2896.00 -130.20576828  37.11230681
2898.00 -130.37786318  37.18559513
2900.00 -130.55004304  37.25897278
2902.00 -130.72230779  37.33243978
2904.00 -130.89465737  37.40599616
2906.00 -131.06709171  37.47964197
2908.00 -131.23961077  37.55337722
2910.00 -131.41221448  37.62720196
2912.00 -131.58490278  37.70111621
2914.00 -131.75767561  37.77512001
2916.00 -131.93053290  37.84921338
2918.00 -132.10347461  37.92339637
2920.00 -132.27650067  37.99766899
2922.00 -132.44961101  38.07203129
2924.00 -132.62280559  38.14648329
2926.00 -132.79608433  38.22102503
2928.00 -132.96944718  38.29565653
2930.00 -133.14289408  38.37037783
2932.00 -133.31642496  38.44518896
2934.00 -133.49003978  38.52008995
2936.00 -133.66373846  38.59508083
2938.00 -133.83752095  38.67016164
2940.00 -134.01138718  38.74533240
2942.00 -134.18533710  38.82059314
2944.00 -134.35937065  38.89594390
2946.00 -134.53348776  38.97138471
2948.00 -134.70768838  39.04691560
2950.00 -134.88197244  39.12253659
2952.00 -135.05633989  39.19824773
2954.00 -135.23079066  39.27404903
2956.00 -135.40532470  39.34994054
2958.00 -135.57994194  39.42592228
2960.00 -135.75464232  39.50199428
2962.00 -135.92942579  39.57815657
2964.00 -136.10429228  39.65440919
2966.00 -136.27924172  39.73075216
2968.00 -136.45427408  39.80718551
2970.00 -136.62938927  39.88370928
2972.00 -136.80458724  39.96032350
2974.00 -136.97986793  40.03702819
2976.00 -137.15523129  40.11382339
2978.00 -137.33067724  40.19070912
2980.00 -137.50620573  40.26768542
2982.00 -137.68181669  40.34475231
2984.00 -137.85751008  40.42190984
2986.00 -138.03328582  40.49915801
2988.00 -138.20914386  40.57649688
2990.00 -138.38508414  40.65392645
2992.00 -138.56110659  40.73144678
2994.00 -138.73721116  40.80905788
2996.00 -138.91339778  40.88675979
2998.00 -139.08966639  40.96455253
3000.00 -139.26601694  41.04243613
3002.00 -139.44244936  41.12041063
3004.00 -139.61896359  41.19847606
3006.00 -139.79555958  41.27663243
3008.00 -139.97223725  41.35487979
3010.00 -140.14899655  41.43321816
3012.00 -140.32583743  41.51164758
3014.00 -140.50275981  41.59016806
3016.00 -140.67976364  41.66877965
3018.00 -140.85684886  41.74748236
3020.00 -141.03401541  41.82627623
3022.00 -141.21126322  41.90516129
3024.00 -141.38859224  41.98413757
3026.00 -141.56600240  42.06320509
3028.00 -141.74349365  42.14236388
3030.00 -141.92106592  42.22161398
3032.00 -142.09871916  42.30095542
3034.00 -142.27645329  42.38038821
3036.00 -142.45426827  42.45991239
3038.00 -142.63216403  42.53952799
3040.00 -142.81014051  42.61923504
3042.00 -142.98819764  42.69903357
3044.00 -143.16633538  42.77892360
3046.00 -143.34455365  42.85890516
3048.00 -143.52285240  42.93897828
3050.00 -143.70123157  43.01914300
3052.00 -143.87969109  43.09939933
3054.00 -144.05823090  43.17974731
3056.00 -144.23685095  43.26018696
3058.00 -144.41555118  43.34071832
3060.00 -144.59433151  43.42134141
3062.00 -144.77319190  43.50205625
3064.00 -144.95213227  43.58286289
3066.00 -145.13115258  43.66376134
3068.00 -145.31025275  43.74475164
3070.00 -145.48943273  43.82583380
3072.00 -145.66869246  43.90700787
3074.00 -145.84803188  43.98827386
3076.00 -146.02745092  44.06963181
3078.00 -146.20694952  44.15108174
3080.00 -146.38652763  44.23262368
3082.00 -146.56618518  44.31425766
3084.00 -146.74592212  44.39598370
3086.00 -146.92573837  44.47780184
3088.00 -147.10563388  44.55971210
3090.00 -147.28560859  44.64171451
3092.00 -147.46566244  44.72380909
3094.00 -147.64579537  44.80599588
3096.00 -147.82600731  44.88827489
3098.00 -148.00629821  44.97064617
3100.00 -148.18666800  45.05310973
3102.00 -148.36711663  45.13566560
3104.00 -148.54764403  45.21831381
3106.00 -148.72825014  45.30105438
3108.00 -148.90893490  45.38388735
3110.00 -149.08969825  45.46681274
3112.00 -149.27054012  45.54983058
3114.00 -149.45146047  45.63294089
3116.00 -149.63245922  45.71614370
3118.00 -149.81353631  45.79943904
3120.00 -149.99469169  45.88282693
3122.00 -150.17592530  45.96630740
3124.00 -150.35723706  46.04988048
3126.00 -150.53862693  46.13354620
3128.00 -150.72009484  46.21730457
3130.00 -150.90164072  46.30115564
3132.00 -151.08326453  46.38509941
3134.00 -151.26496619  46.46913593
3136.00 -151.44674564  46.55326521
3138.00 -151.62860284  46.63748729
3140.00 -151.81053770  46.72180218
3142.00 -151.99255018  46.80620992
3144.00 -152.17464021  46.89071053
3146.00 -152.35680773  46.97530404
3148.00 -152.53905268  47.05999047
3150.00 -152.72137500  47.14476985
3152.00 -152.90377462  47.22964221
3154.00 -153.08625149  47.31460757
3156.00 -153.26880555  47.39966595
3158.00 -153.45143673  47.48481739
3160.00 -153.63414497  47.57006190
3162.00 -153.81693021  47.65539952
3164.00 -153.99979240  47.74083027
3166.00 -154.18273146  47.82635418
3168.00 -154.36574734  47.91197126
3170.00 -154.54883998  47.99768156
3172.00 -154.73200932  48.08348508
3174.00 -154.91525529  48.16938187
3176.00 -155.09857783  48.25537193
3178.00 -155.28197688  48.34145531
3180.00 -155.46545239  48.42763202
3182.00 -155.64900429  48.51390208
3184.00 -155.83263251  48.60026553
3186.00 -156.01633700  48.68672239
3188.00 -156.20011770  48.77327269
3190.00 -156.38397454  48.85991644
3192.00 -156.56790747  48.94665368
3194.00 -156.75191642  49.03348443
3196.00 -156.93600133  49.12040871
3198.00 -157.12016215  49.20742655
3200.00 -157.30439880  49.29453797
3202.00 -157.48871123  49.38174300
3204.00 -157.67309937  49.46904167
3206.00 -157.85756317  49.55643399
3208.00 -158.04210257  49.64391999
3210.00 -158.22671749  49.73149971
3212.00 -158.41140789  49.81917315
3214.00 -158.59617370  49.90694035
3216.00 -158.78101486  49.99480133
3218.00 -158.96593131  50.08275611
3220.00 -159.15092298  50.17080473
3222.00 -159.33598982  50.25894720
3224.00 -159.52113176  50.34718354
3226.00 -159.70634875  50.43551379
3228.00 -159.89164071  50.52393796
3230.00 -160.07700760  50.61245608
3232.00 -160.26244935  50.70106817
3234.00 -160.44796589  50.78977427
3236.00 -160.63355717  50.87857438
3238.00 -160.81922312  50.96746854
3240.00 -161.00496369  51.05645677
3242.00 -161.19077881  51.14553910
3244.00 -161.37666842  51.23471554
3246.00 -161.56263247  51.32398612
3248.00 -161.74867088  51.41335087
3250.00 -161.93478359  51.50280980
3252.00 -162.12097056  51.59236295
3254.00 -162.30723170  51.68201033
3256.00 -162.49356697  51.77175197
3258.00 -162.67997631  51.86158789
3260.00 -162.86645964  51.95151811
3262.00 -163.05301691  52.04154267
3264.00 -163.23964806  52.13166157
3266.00 -163.42635303  52.22187486
3268.00 -163.61313175  52.31218254
3270.00 -163.79998417  52.40258464
3272.00 -163.98691022  52.49308118
3274.00 -164.17390984  52.58367219
3276.00 -164.36098296  52.67435770
3278.00 -164.54812954  52.76513771
3280.00 -164.73534951  52.85601227
3282.00 -164.92264280  52.94698138
3284.00 -165.11000935  53.03804507
3286.00 -165.29744911  53.12920337
3288.00 -165.48496201  53.22045630
3290.00 -165.67254799  53.31180387
3292.00 -165.86020698  53.40324612
3294.00 -166.04793894  53.49478306
3296.00 -166.23574379  53.58641472
3298.00 -166.42362148  53.67814112
3300.00 -166.61157194  53.76996228
3302.00 -166.79959511  53.86187823
3304.00 -166.98769093  53.95388899
3306.00 -167.17585934  54.04599457
3308.00 -167.36410028  54.13819500
3310.00 -167.55241369  54.23049031
3312.00 -167.74079950  54.32288052
3314.00 -167.92925765  54.41536564
3316.00 -168.11778809  54.50794570
3318.00 -168.30639074  54.60062073
3320.00 -168.49506556  54.69339073
3322.00 -168.68381247  54.78625575
3324.00 -168.87263142  54.87921579
3326.00 -169.06152235  54.97227088
3328.00 -169.25048519  55.06542104
3330.00 -169.43951988  55.15866629
3332.00 -169.62862636  55.25200666
3334.00 -169.81780457  55.34544217
3336.00 -170.00705445  55.43897283
3338.00 -170.19637594  55.53259867
3340.00 -170.38576897  55.62631971
3342.00 -170.57523349  55.72013597
3344.00 -170.76476942  55.81404748
3346.00 -170.95437672  55.90805425
3348.00 -171.14405532  56.00215631
3350.00 -171.33380516  56.09635367
3352.00 -171.52362617  56.19064636
3354.00 -171.71351830  56.28503440
3356.00 -171.90348148  56.37951781
3358.00 -172.09351566  56.47409662
3360.00 -172.28362076  56.56877083
3362.00 -172.47379674  56.66354048
3364.00 -172.66404352  56.75840558
3366.00 -172.85436105  56.85336616
3368.00 -173.04474927  56.94842223
3370.00 -173.23520811  57.04357382
3372.00 -173.42573751  57.13882095
3374.00 -173.61633741  57.23416364
3376.00 -173.80700775  57.32960190
3378.00 -173.99774847  57.42513576
3380.00 -174.18855951  57.52076524
3382.00 -174.37944080  57.61649037
3384.00 -174.57039229  57.71231115
3386.00 -174.76141391  57.80822761
3388.00 -174.95250559  57.90423978
3390.00 -175.14366729  58.00034766
3392.00 -175.33489894  58.09655129
3394.00 -175.52620047  58.19285068
3396.00 -175.71757183  58.28924585
3398.00 -175.90901295  58.38573683
3400.00 -176.10052378  58.48232362
3402.00 -176.29210424  58.57900626
3404.00 -176.48375429  58.67578476
3406.00 -176.67547385  58.77265914
3408.00 -176.86726287  58.86962942
3410.00 -177.05912128  58.96669563
3412.00 -177.25104903  59.06385778
3414.00 -177.44304605  59.16111588
3416.00 -177.63511228  59.25846997
3418.00 -177.82724766  59.35592006
3420.00 -178.01945212  59.45346617
3422.00 -178.21172562  59.55110831
3424.00 -178.40406808  59.64884652
3426.00 -178.59647944  59.74668081
3428.00 -178.78895965  59.84461119
3430.00 -178.98150863  59.94263769
3432.00 -179.17412634  60.04076032
3434.00 -179.36681270  60.13897911
3436.00 -179.55956766  60.23729408
3438.00 -179.75239115  60.33570524
3440.00 -179.94528312  60.43421261
3442.00 -180.13824350  60.53281622
3444.00 -180.33127223  60.63151607
3446.00 -180.52436925  60.73031220
3448.00 -180.71753449  60.82920461
3450.00 -180.91076791  60.92819334
3452.00 -181.10406943  61.02727839
3454.00 -181.29743899  61.12645978
3456.00 -181.49087653  61.22573754
3458.00 -181.68438200  61.32511168
3460.00 -181.87795532  61.42458222
3462.00 -182.07159644  61.52414919
3464.00 -182.26530530  61.62381259
3466.00 -182.45908184  61.72357245
3468.00 -182.65292598  61.82342878
3470.00 -182.84683768  61.92338161
3472.00 -183.04081687  62.02343095
3474.00 -183.23486349  62.12357682
3476.00 -183.42897748  62.22381924
3478.00 -183.62315877  62.32415822
3480.00 -183.81740731  62.42459379
3482.00 -184.01172303  62.52512597
3484.00 -184.20610588  62.62575477
3486.00 -184.40055578  62.72648020
3488.00 -184.59507269  62.82730229
3490.00 -184.78965653  62.92822106
3492.00 -184.98430725  63.02923652
3494.00 -185.17902479  63.13034870
3496.00 -185.37380908  63.23155760
3498.00 -185.56866006  63.33286325
3500.00 -185.76357767  63.43426566
3502.00 -185.95856185  63.53576486
3504.00 -186.15361254  63.63736085
3506.00 -186.34872968  63.73905366
3508.00 -186.54391320  63.84084331
3510.00 -186.73916305  63.94272981
3512.00 -186.93447916  64.04471317
3514.00 -187.12986147  64.14679343
3516.00 -187.32530993  64.24897059
3518.00 -187.52082446  64.35124467
3520.00 -187.71640500  64.45361569
3522.00 -187.91205151  64.55608366
3524.00 -188.10776391  64.65864861
3526.00 -188.30354214  64.76131055
3528.00 -188.49938614  64.86406950
3530.00 -188.69529585  64.96692547
3532.00 -188.89127122  65.06987848
3534.00 -189.08731217  65.17292855
3536.00 -189.28341864  65.27607570
3538.00 -189.47959059  65.37931994
3540.00 -189.67582793  65.48266128
3542.00 -189.87213062  65.58609976
3544.00 -190.06849859  65.68963537
3546.00 -190.26493178  65.79326814
3548.00 -190.46143013  65.89699809
3550.00 -190.65799357  66.00082523
3552.00 -190.85462205  66.10474958
3554.00 -191.05131550  66.20877115
3556.00 -191.24807387  66.31288997
3558.00 -191.44489709  66.41710604
3560.00 -191.64178510  66.52141939
3562.00 -191.83873784  66.62583003
3564.00 -192.03575525  66.73033797
3566.00 -192.23283726  66.83494324
3568.00 -192.42998382  66.93964584
3570.00 -192.62719486  67.04444580
3572.00 -192.82447032  67.14934313
3574.00 -193.02181015  67.25433785
3576.00 -193.21921428  67.35942997
3578.00 -193.41668264  67.46461952
3580.00 -193.61421518  67.56990649
3582.00 -193.81181184  67.67529092
3584.00 -194.00947256  67.78077281
3586.00 -194.20719726  67.88635218
3588.00 -194.40498590  67.99202906
3590.00 -194.60283841  68.09780344
3592.00 -194.80075473  68.20367536
3594.00 -194.99873480  68.30964481
3596.00 -195.19677856  68.41571183
3598.00 -195.39488594  68.52187643
3600.00 -195.59305689  68.62813861
3602.00 -195.79129134  68.73449841
3604.00 -195.98958923  68.84095582
3606.00 -196.18795050  68.94751087
3608.00 -196.38637510  69.05416357
3610.00 -196.58486295  69.16091394
3612.00 -196.78341400  69.26776200
3614.00 -196.98202819  69.37470774
3616.00 -197.18070545  69.48175121
3618.00 -197.37944572  69.58889240
3620.00 -197.57824895  69.69613133
3622.00 -197.77711507  69.80346802
3624.00 -197.97604402  69.91090248
3626.00 -198.17503573  70.01843473
3628.00 -198.37409016  70.12606478
3630.00 -198.57320723  70.23379265
3632.00 -198.77238689  70.34161835
3634.00 -198.97162907  70.44954190
3636.00 -199.17093372  70.55756330
3638.00 -199.37030076  70.66568258
3640.00 -199.56973015  70.77389975
3642.00 -199.76922182  70.88221483
3644.00 -199.96877570  70.99062782
3646.00 -200.16839175  71.09913875
3648.00 -200.36806989  71.20774762
3650.00 -200.56781006  71.31645445
3652.00 -200.76761221  71.42525927
3654.00 -200.96747627  71.53416207
3656.00 -201.16740218  71.64316287
3658.00 -201.36738988  71.75226169
3660.00 -201.56743931  71.86145855
3662.00 -201.76755041  71.97075345
3664.00 -201.96772312  72.08014641
3666.00 -202.16795738  72.18963744
3668.00 -202.36825311  72.29922657
3670.00 -202.56861028  72.40891379
3672.00 -202.76902880  72.51869913
3674.00 -202.96950863  72.62858260
3676.00 -203.17004970  72.73856421
3678.00 -203.37065194  72.84864398
3680.00 -203.57131531  72.95882192
3682.00 -203.77203973  73.06909804
3684.00 -203.97282515  73.17947236
3686.00 -204.17367151  73.28994490
3688.00 -204.37457874  73.40051565
3690.00 -204.57554678  73.51118464
3692.00 -204.77657557  73.62195189
3694.00 -204.97766506  73.73281740
3696.00 -205.17881517  73.84378118
3698.00 -205.38002586  73.95484326
3700.00 -205.58129705  74.06600364
3702.00 -205.78262869  74.17726234
3704.00 -205.98402072  74.28861936
3706.00 -206.18547307  74.40007473
3708.00 -206.38698569  74.51162846
3710.00 -206.58855851  74.62328055
3712.00 -206.79019147  74.73503103
3714.00 -206.99188451  74.84687990
3716.00 -207.19363758  74.95882718
3718.00 -207.39545060  75.07087288
3720.00 -207.59732352  75.18301701
3722.00 -207.79925628  75.29525959
3724.00 -208.00124882  75.40760063
3726.00 -208.20330107  75.52004013
3728.00 -208.40541297  75.63257812
3730.00 -208.60758447  75.74521461
3732.00 -208.80981550  75.85794960
3734.00 -209.01210601  75.97078312
3736.00 -209.21445592  76.08371517
3738.00 -209.41686519  76.19674576
3740.00 -209.61933374  76.30987491
3742.00 -209.82186153  76.42310263
3744.00 -210.02444848  76.53642893
3746.00 -210.22709454  76.64985383
3748.00 -210.42979964  76.76337733
3750.00 -210.63256373  76.87699946
3752.00 -210.83538674  76.99072021
3754.00 -211.03826862  77.10453960
3756.00 -211.24120929  77.21845765
3758.00 -211.44420871  77.33247437
3760.00 -211.64726681  77.44658976
3762.00 -211.85038353  77.56080384
3764.00 -212.05355881  77.67511662
3766.00 -212.25679259  77.78952812
3768.00 -212.46008481  77.90403834
3770.00 -212.66343540  78.01864730
3772.00 -212.86684431  78.13335500
3774.00 -213.07031147  78.24816147
3776.00 -213.27383683  78.36306670
3778.00 -213.47742032  78.47807072
3780.00 -213.68106189  78.59317353
3782.00 -213.88476146  78.70837515
3784.00 -214.08851899  78.82367558
3786.00 -214.29233441  78.93907485
3788.00 -214.49620766  79.05457294
3790.00 -214.70013868  79.17016989
3792.00 -214.90412741  79.28586571
3794.00 -215.10817378  79.40166039
3796.00 -215.31227774  79.51755396
3798.00 -215.51643923  79.63354642
3800.00 -215.72065819  79.74963778
3802.00 -215.92493455  79.86582806
3804.00 -216.12926825  79.98211727
3806.00 -216.33365924  80.09850542
3808.00 -216.53810745  80.21499251
3810.00 -216.74261282  80.33157857
3812.00 -216.94717530  80.44826359
3814.00 -217.15179482  80.56504760
3816.00 -217.35647132  80.68193059
3818.00 -217.56120473  80.79891259
3820.00 -217.76599501  80.91599360
3822.00 -217.97084209  81.03317364
3824.00 -218.17574590  81.15045270
3826.00 -218.38070640  81.26783081
3828.00 -218.58572351  81.38530798
3830.00 -218.79079717  81.50288420
3832.00 -218.99592734  81.62055951
3834.00 -219.20111393  81.73833389
3836.00 -219.40635691  81.85620738
3838.00 -219.61165619  81.97417996
3840.00 -219.81701174  82.09225166
3842.00 -220.02242347  82.21042249
3844.00 -220.22789134  82.32869245
3846.00 -220.43341528  82.44706156
3848.00 -220.63899523  82.56552982
3850.00 -220.84463114  82.68409725
3852.00 -221.05032293  82.80276385
3854.00 -221.25607055  82.92152964
3856.00 -221.46187395  83.04039462
3858.00 -221.66773305  83.15935880
3860.00 -221.87364781  83.27842220
3862.00 -222.07961815  83.39758482
3864.00 -222.28564402  83.51684667
3866.00 -222.49172536  83.63620777
3868.00 -222.69786211  83.75566811
3870.00 -222.90405420  83.87522772
3872.00 -223.11030158  83.99488660
3874.00 -223.31660419  84.11464476
3876.00 -223.52296196  84.23450221
3878.00 -223.72937484  84.35445895
3880.00 -223.93584276  84.47451500
3882.00 -224.14236567  84.59467037
3884.00 -224.34894350  84.71492507
3886.00 -224.55557620  84.83527910
3888.00 -224.76226370  84.95573248
3890.00 -224.96900595  85.07628520
3892.00 -225.17580288  85.19693729
3894.00 -225.38265443  85.31768875
3896.00 -225.58956054  85.43853959
3898.00 -225.79652116  85.55948982
3900.00 -226.00353622  85.68053945
3902.00 -226.21060566  85.80168848
3904.00 -226.41772942  85.92293693
3906.00 -226.62490744  86.04428480
3908.00 -226.83213967  86.16573211
3910.00 -227.03942604  86.28727885
3912.00 -227.24676648  86.40892504
3914.00 -227.45416095  86.53067069
3916.00 -227.66160938  86.65251581
3918.00 -227.86911171  86.77446040
3920.00 -228.07666788  86.89650448
3922.00 -228.28427783  87.01864804
3924.00 -228.49194150  87.14089111
3926.00 -228.69965882  87.26323368
3928.00 -228.90742975  87.38567577
3930.00 -229.11525422  87.50821739
3932.00 -229.32313217  87.63085853
3934.00 -229.53106353  87.75359922
3936.00 -229.73904826  87.87643946
3938.00 -229.94708628  87.99937925
3940.00 -230.15517755  88.12241860
3942.00 -230.36332199  88.24555753
3944.00 -230.57151955  88.36879604
3946.00 -230.77977017  88.49213413
3948.00 -230.98807379  88.61557183
3950.00 -231.19643035  88.73910912
3952.00 -231.40483978  88.86274603
3954.00 -231.61330204  88.98648255
3956.00 -231.82181705  89.11031870
3958.00 -232.03038477  89.23425449
3960.00 -232.23900512  89.35828991
3962.00 -232.44767805  89.48242499
3964.00 -232.65640350  89.60665972
3966.00 -232.86518141  89.73099412
3968.00 -233.07401171  89.85542818
3970.00 -233.28289436  89.97996193
3972.00 -233.49182929  90.10459536
3974.00 -233.70081643  90.22932848
3976.00 -233.90985574  90.35416130
3978.00 -234.11894714  90.47909383
3980.00 -234.32809058  90.60412608
3982.00 -234.53728601  90.72925805
3984.00 -234.74653335  90.85448974
3986.00 -234.95583255  90.97982117
3988.00 -235.16518356  91.10525234
3990.00 -235.37458630  91.23078326
3992.00 -235.58404073  91.35641394
3994.00 -235.79354677  91.48214438
3996.00 -236.00310438  91.60797459
3998.00 -236.21271349  91.73390458
4000.00 -236.42237404  91.85993435
4002.00 -236.63208597  91.98606391
4004.00 -236.84184923  92.11229326
4006.00 -237.05166374  92.23862242
4008.00 -237.26152946  92.36505139
4010.00 -237.47144632  92.49158017
4012.00 -237.68141427  92.61820878
4014.00 -237.89143324  92.74493721
4016.00 -238.10150317  92.87176548
4018.00 -238.31162401  92.99869359
4020.00 -238.52179569  93.12572155
4022.00 -238.73201815  93.25284937
4024.00 -238.94229135  93.38007704
4026.00 -239.15261520  93.50740458
4028.00 -239.36298967  93.63483199
4030.00 -239.57341468  93.76235928
4032.00 -239.78389017  93.88998645
4034.00 -239.99441610  94.01771351
4036.00 -240.20499239  94.14554047
4038.00 -240.41561899  94.27346734
4040.00 -240.62629583  94.40149411
4042.00 -240.83702287  94.52962079
4044.00 -241.04780004  94.65784740
4046.00 -241.25862728  94.78617392
4048.00 -241.46950452  94.91460039
4050.00 -241.68043172  95.04312678
4052.00 -241.89140881  95.17175312
4054.00 -242.10243574  95.30047941
4056.00 -242.31351243  95.42930565
4058.00 -242.52463884  95.55823185
4060.00 -242.73581490  95.68725801
4062.00 -242.94704056  95.81638415
4064.00 -243.15831575  95.94561026
4066.00 -243.36964042  96.07493635
4068.00 -243.58101450  96.20436242
4070.00 -243.79243794  96.33388849
4072.00 -244.00391068  96.46351455
4074.00 -244.21543266  96.59324062
4076.00 -244.42700381  96.72306669
4078.00 -244.63862409  96.85299277
4080.00 -244.85029342  96.98301887
4082.00 -245.06201176  97.11314499
4084.00 -245.27377904  97.24337113
4086.00 -245.48559520  97.37369731
4088.00 -245.69746018  97.50412353
4090.00 -245.90937393  97.63464978
4092.00 -246.12133638  97.76527608
4094.00 -246.33334748  97.89600244
4096.00 -246.54540716  98.02682884
4098.00 -246.75751537  98.15775531
4100.00 -246.96967205  98.28878184
4102.00 -247.18187713  98.41990845
4104.00 -247.39413057  98.55113512
4106.00 -247.60643230  98.68246188
4108.00 -247.81878226  98.81388872
4110.00 -248.03118039  98.94541564
4112.00 -248.24362663  99.07704266
4114.00 -248.45612093  99.20876977
4116.00 -248.66866322  99.34059698
4118.00 -248.88125345  99.47252430
4120.00 -249.09389155  99.60455173
4122.00 -249.30657747  99.73667927
4124.00 -249.51931115  99.86890692
4126.00 -249.73209253 100.00123470
4128.00 -249.94492155 100.13366261
4130.00 -250.15779815 100.26619064
4132.00 -250.37072228 100.39881881
4134.00 -250.58369387 100.53154711
4136.00 -250.79671286 100.66437556
4138.00 -251.00977920 100.79730415
4140.00 -251.22289282 100.93033289
4142.00 -251.43605368 101.06346178
4144.00 -251.64926170 101.19669083
4146.00 -251.86251683 101.33002004
4148.00 -252.07581901 101.46344941
4150.00 -252.28916819 101.59697895
4152.00 -252.50256430 101.73060866
4154.00 -252.71600728 101.86433855
4156.00 -252.92949708 101.99816862
4158.00 -253.14303364 102.13209886
4160.00 -253.35661689 102.26612929
4162.00 -253.57024678 102.40025991
4164.00 -253.78392326 102.53449073
4166.00 -253.99764625 102.66882173
4168.00 -254.21141571 102.80325294
4170.00 -254.42523158 102.93778435
4172.00 -254.63909378 103.07241596
4174.00 -254.85300228 103.20714778
4176.00 -255.06695700 103.34197981
4178.00 -255.28095790 103.47691206
4180.00 -255.49500490 103.61194452
4182.00 -255.70909796 103.74707720
4184.00 -255.92323701 103.88231011
4186.00 -256.13742199 104.01764324
4188.00 -256.35165285 104.15307660
4190.00 -256.56592953 104.28861020
4192.00 -256.78025197 104.42424403
4194.00 -256.99462011 104.55997809
4196.00 -257.20903389 104.69581240
4198.00 -257.42349325 104.83174695
4200.00 -257.63799814 104.96778174
4202.00 -257.85254849 105.10391678
4204.00 -258.06714425 105.24015208
4206.00 -258.28178537 105.37648762
4208.00 -258.49647177 105.51292342
4210.00 -258.71120340 105.64945948
4212.00 -258.92598021 105.78609580
4214.00 -259.14080214 105.92283239
4216.00 -259.35566912 106.05966923
4218.00 -259.57058110 106.19660635
4220.00 -259.78553802 106.33364373
4222.00 -260.00053982 106.47078139
4224.00 -260.21558645 106.60801932
4226.00 -260.43067784 106.74535753
4228.00 -260.64581393 106.88279602
4230.00 -260.86099468 107.02033478
4232.00 -261.07622002 107.15797383
4234.00 -261.29148988 107.29571317
4236.00 -261.50680423 107.43355279
4238.00 -261.72216298 107.57149269
4240.00 -261.93756610 107.70953289
4242.00 -262.15301351 107.84767338
4244.00 -262.36850516 107.98591416
4246.00 -262.58404100 108.12425524
4248.00 -262.79962096 108.26269662
4250.00 -263.01524498 108.40123830
4252.00 -263.23091302 108.53988027
4254.00 -263.44662500 108.67862255
4256.00 -263.66238088 108.81746513
4258.00 -263.87818058 108.95640802
4260.00 -264.09402407 109.09545121
4262.00 -264.30991127 109.23459471
4264.00 -264.52584213 109.37383852
4266.00 -264.74181659 109.51318264
4268.00 -264.95783459 109.65262707
4270.00 -265.17389608 109.79217182
4272.00 -265.39000100 109.93181688
4274.00 -265.60614928 110.07156226
4276.00 -265.82234088 110.21140795
4278.00 -266.03857573 110.35135397
4280.00 -266.25485377 110.49140030
4282.00 -266.47117495 110.63154695
4284.00 -266.68753921 110.77179392
4286.00 -266.90394649 110.91214122
4288.00 -267.12039674 111.05258884
4290.00 -267.33688989 111.19313678
4292.00 -267.55342589 111.33378505
4294.00 -267.77000467 111.47453364
4296.00 -267.98662619 111.61538256
4298.00 -268.20329038 111.75633181
4300.00 -268.41999719 111.89738139
4302.00 -268.63674656 112.03853129
4304.00 -268.85353843 112.17978153
4306.00 -269.07037274 112.32113209
4308.00 -269.28724943 112.46258298
4310.00 -269.50416846 112.60413421
4312.00 -269.72112975 112.74578577
4314.00 -269.93813325 112.88753766
4316.00 -270.15517891 113.02938988
4318.00 -270.37226667 113.17134243
4320.00 -270.58939646 113.31339532
4322.00 -270.80656824 113.45554854
4324.00 -271.02378194 113.59780209
4326.00 -271.24103750 113.74015598
4328.00 -271.45833487 113.88261020
4330.00 -271.67567400 114.02516476
4332.00 -271.89305481 114.16781965
4334.00 -272.11047727 114.31057488
4336.00 -272.32794130 114.45343044
4338.00 -272.54544685 114.59638633
4340.00 -272.76299386 114.73944256
4342.00 -272.98058228 114.88259912
4344.00 -273.19821205 115.02585602
4346.00 -273.41588311 115.16921325
4348.00 -273.63359540 115.31267081
4350.00 -273.85134887 115.45622871
4352.00 -274.06914345 115.59988694
4354.00 -274.28697910 115.74364550
4356.00 -274.50485575 115.88750440
4358.00 -274.72277335 116.03146363
4360.00 -274.94073183 116.17552319
4362.00 -275.15873115 116.31968308
4364.00 -275.37677124 116.46394331
4366.00 -275.59485205 116.60830386
4368.00 -275.81297352 116.75276474
4370.00 -276.03113559 116.89732596
4372.00 -276.24933820 117.04198750
4374.00 -276.46758130 117.18674937
4376.00 -276.68586484 117.33161156
4378.00 -276.90418874 117.47657408
4380.00 -277.12255297 117.62163693
4382.00 -277.34095745 117.76680011
4384.00 -277.55940213 117.91206360
4386.00 -277.77788696 118.05742742
4388.00 -277.99641188 118.20289156
4390.00 -278.21497682 118.34845603
4392.00 -278.43358174 118.49412081
4394.00 -278.65222658 118.63988591
4396.00 -278.87091127 118.78575133
4398.00 -279.08963577 118.93171707
4400.00 -279.30840001 119.07778312
4402.00 -279.52720394 119.22394949
4404.00 -279.74604751 119.37021617
4406.00 -279.96493064 119.51658316
4408.00 -280.18385330 119.66305047
4410.00 -280.40281541 119.80961808
4412.00 -280.62181693 119.95628600
4414.00 -280.84085779 120.10305423
4416.00 -281.05993794 120.24992276
4418.00 -281.27905733 120.39689159
4420.00 -281.49821589 120.54396073
4422.00 -281.71741357 120.69113017
4424.00 -281.93665031 120.83839991
4426.00 -282.15592606 120.98576994
4428.00 -282.37524075 121.13324027
4430.00 -282.59459434 121.28081090
4432.00 -282.81398676 121.42848181
4434.00 -283.03341797 121.57625302
4436.00 -283.25288789 121.72412451
4438.00 -283.47239647 121.87209630
4440.00 -283.69194367 122.02016836
4442.00 -283.91152942 122.16834071
4444.00 -284.13115366 122.31661334
4446.00 -284.35081634 122.46498625
4448.00 -284.57051740 122.61345944
4450.00 -284.79025678 122.76203290
4452.00 -285.01003443 122.91070664
4454.00 -285.22985030 123.05948064
4456.00 -285.44970432 123.20835491
4458.00 -285.66959644 123.35732945
4460.00 -285.88952660 123.50640426
4462.00 -286.10949474 123.65557932
4464.00 -286.32950082 123.80485465
4466.00 -286.54954476 123.95423023
4468.00 -286.76962653 124.10370607
4470.00 -286.98974605 124.25328215
4472.00 -287.20990328 124.40295849
4474.00 -287.43009815 124.55273508
4476.00 -287.65033061 124.70261191
4478.00 -287.87060061 124.85258898
4480.00 -288.09090808 125.00266629
4482.00 -288.31125298 125.15284384
4484.00 -288.53163524 125.30312162
4486.00 -288.75205481 125.45349964
4488.00 -288.97251163 125.60397788
4490.00 -289.19300565 125.75455635
4492.00 -289.41353681 125.90523504
4494.00 -289.63410505 126.05601395
4496.00 -289.85471032 126.20689308
4498.00 -290.07535255 126.35787243
4500.00 -290.29603171 126.50895198
4502.00 -290.51674772 126.66013175
4504.00 -290.73750054 126.81141172
4506.00 -290.95829010 126.96279189
4508.00 -291.17911635 127.11427226
4510.00 -291.39997924 127.26585283
4512.00 -291.62087871 127.41753359
4514.00 -291.84181469 127.56931454
4516.00 -292.06278715 127.72119568
4518.00 -292.28379601 127.87317700
4520.00 -292.50484123 128.02525850
4522.00 -292.72592275 128.17744017
4524.00 -292.94704050 128.32972202
4526.00 -293.16819445 128.48210404
4528.00 -293.38938452 128.63458623
4530.00 -293.61061067 128.78716858
4532.00 -293.83187284 128.93985109
4534.00 -294.05317097 129.09263375
4536.00 -294.27450501 129.24551657
4538.00 -294.49587489 129.39849953
4540.00 -294.71728058 129.55158264
4542.00 -294.93872200 129.70476589
4544.00 -295.16019910 129.85804928
4546.00 -295.38171184 130.01143280
4548.00 -295.60326014 130.16491645
4550.00 -295.82484396 130.31850023
4552.00 -296.04646324 130.47218413
4554.00 -296.26811793 130.62596815
4556.00 -296.48980796 130.77985228
4558.00 -296.71153329 130.93383652
4560.00 -296.93329386 131.08792087
4562.00 -297.15508960 131.24210532
4564.00 -297.37692048 131.39638987
4566.00 -297.59878642 131.55077451
4568.00 -297.82068738 131.70525924
4570.00 -298.04262330 131.85984406
4572.00 -298.26459413 132.01452896
4574.00 -298.48659980 132.16931394
4576.00 -298.70864027 132.32419899
4578.00 -298.93071547 132.47918410
4580.00 -299.15282535 132.63426929
4582.00 -299.37496987 132.78945453
4584.00 -299.59714895 132.94473983
4586.00 -299.81936255 133.10012518
4588.00 -300.04161061 133.25561057
4590.00 -300.26389308 133.41119601
4592.00 -300.48620989 133.56688148
4594.00 -300.70856100 133.72266699
4596.00 -300.93094635 133.87855253
4598.00 -301.15336588 134.03453809
4600.00 -301.37581954 134.19062366
4602.00 -301.59830728 134.34680925
4604.00 -301.82082903 134.50309486
4606.00 -302.04338474 134.65948046
4608.00 -302.26597437 134.81596607
4610.00 -302.48859784 134.97255167
4612.00 -302.71125511 135.12923725
4614.00 -302.93394613 135.28602283
4616.00 -303.15667083 135.44290838
4618.00 -303.37942916 135.59989391
4620.00 -303.60222107 135.75697941
4622.00 -303.82504650 135.91416488
4624.00 -304.04790540 136.07145030
4626.00 -304.27079771 136.22883568
4628.00 -304.49372338 136.38632101
4630.00 -304.71668234 136.54390628
4632.00 -304.93967456 136.70159149
4634.00 -305.16269996 136.85937663
4636.00 -305.38575851 137.01726170
4638.00 -305.60885013 137.17524670
4640.00 -305.83197478 137.33333161
4642.00 -306.05513240 137.49151644
4644.00 -306.27832294 137.64980117
4646.00 -306.50154634 137.80818580
4648.00 -306.72480255 137.96667033
4650.00 -306.94809152 138.12525475
4652.00 -307.17141318 138.28393906
4654.00 -307.39476748 138.44272324
4656.00 -307.61815437 138.60160730
4658.00 -307.84157379 138.76059122
4660.00 -308.06502570 138.91967501
4662.00 -308.28851003 139.07885865
4664.00 -308.51202672 139.23814214
4666.00 -308.73557573 139.39752548
4668.00 -308.95915701 139.55700866
4670.00 -309.18277048 139.71659166
4672.00 -309.40641611 139.87627450
4674.00 -309.63009383 140.03605716
4676.00 -309.85380360 140.19593963
4678.00 -310.07754535 140.35592191
4680.00 -310.30131904 140.51600400
4682.00 -310.52512460 140.67618588
4684.00 -310.74896199 140.83646755
4686.00 -310.97283115 140.99684901
4688.00 -311.19673202 141.15733024
4690.00 -311.42066455 141.31791125
4692.00 -311.64462869 141.47859202
4694.00 -311.86862438 141.63937256
4696.00 -312.09265157 141.80025285
4698.00 -312.31671020 141.96123288
4700.00 -312.54080022 142.12231266
4702.00 -312.76492157 142.28349217
4704.00 -312.98907420 142.44477140
4706.00 -313.21325806 142.60615036
4708.00 -313.43747309 142.76762904
4710.00 -313.66171924 142.92920742
4712.00 -313.88599645 143.09088550
4714.00 -314.11030467 143.25266328
4716.00 -314.33464384 143.41454075
4718.00 -314.55901391 143.57651790
4720.00 -314.78341483 143.73859473
4722.00 -315.00784654 143.90077122
4724.00 -315.23230899 144.06304738
4726.00 -315.45680213 144.22542319
4728.00 -315.68132589 144.38789865
4730.00 -315.90588023 144.55047375
4732.00 -316.13046510 144.71314848
4734.00 -316.35508043 144.87592285
4736.00 -316.57972617 145.03879683
4738.00 -316.80440227 145.20177042
4740.00 -317.02910868 145.36484363
4742.00 -317.25384535 145.52801643
4744.00 -317.47861221 145.69128882
4746.00 -317.70340921 145.85466080
4748.00 -317.92823631 146.01813236
4750.00 -318.15309344 146.18170349
4752.00 -318.37798056 146.34537418
4754.00 -318.60289760 146.50914443
4756.00 -318.82784452 146.67301423
4758.00 -319.05282126 146.83698357
4760.00 -319.27782777 147.00105245
4762.00 -319.50286399 147.16522085
4764.00 -319.72792988 147.32948877
4766.00 -319.95302537 147.49385620
4768.00 -320.17815041 147.65832314
4770.00 -320.40330496 147.82288958
4772.00 -320.62848895 147.98755550
4774.00 -320.85370233 148.15232091
4776.00 -321.07894505 148.31718579
4778.00 -321.30421705 148.48215014
4780.00 -321.52951829 148.64721395
4782.00 -321.75484870 148.81237721
4784.00 -321.98020824 148.97763992
4786.00 -322.20559686 149.14300206
4788.00 -322.43101448 149.30846363
4790.00 -322.65646108 149.47402462
4792.00 -322.88193658 149.63968502
4794.00 -323.10744094 149.80544483
4796.00 -323.33297411 149.97130403
4798.00 -323.55853602 150.13726262
4800.00 -323.78412664 150.30332060
4802.00 -324.00974590 150.46947794
4804.00 -324.23539375 150.63573466
4806.00 -324.46107013 150.80209073
4808.00 -324.68677500 150.96854614
4810.00 -324.91250830 151.13510090
4812.00 -325.13826998 151.30175499
4814.00 -325.36405999 151.46850841
4816.00 -325.58987826 151.63536114
4818.00 -325.81572476 151.80231318
4820.00 -326.04159942 151.96936452
4822.00 -326.26750219 152.13651515
4824.00 -326.49343302 152.30376506
4826.00 -326.71939186 152.47111425
4828.00 -326.94537865 152.63856270
4830.00 -327.17139334 152.80611041
4832.00 -327.39743588 152.97375737
4834.00 -327.62350621 153.14150357
4836.00 -327.84960428 153.30934900
4838.00 -328.07573004 153.47729366
4840.00 -328.30188344 153.64533753
4842.00 -328.52806442 153.81348061
4844.00 -328.75427292 153.98172288
4846.00 -328.98050891 154.15006435
4848.00 -329.20677232 154.31850499
4850.00 -329.43306310 154.48704481
4852.00 -329.65938119 154.65568379
4854.00 -329.88572656 154.82442192
4856.00 -330.11209913 154.99325920
4858.00 -330.33849887 155.16219561
4860.00 -330.56492571 155.33123115
4862.00 -330.79137961 155.50036581
4864.00 -331.01786051 155.66959958
4866.00 -331.24436836 155.83893245
4868.00 -331.47090310 156.00836441
4870.00 -331.69746469 156.17789545
4872.00 -331.92405307 156.34752557
4874.00 -332.15066819 156.51725475
4876.00 -332.37731000 156.68708298
4878.00 -332.60397844 156.85701026
4880.00 -332.83067346 157.02703658
4882.00 -333.05739501 157.19716193
4884.00 -333.28414303 157.36738629
4886.00 -333.51091749 157.53770966
4888.00 -333.73771831 157.70813203
4890.00 -333.96454545 157.87865339
4892.00 -334.19139886 158.04927373
4894.00 -334.41827848 158.21999304
4896.00 -334.64518426 158.39081132
4898.00 -334.87211616 158.56172855
4900.00 -335.09907411 158.73274472
4902.00 -335.32605807 158.90385982
4904.00 -335.55306798 159.07507385
4906.00 -335.78010379 159.24638679
4908.00 -336.00716545 159.41779863
4910.00 -336.23425291 159.58930937
4912.00 -336.46136611 159.76091900
4914.00 -336.68850500 159.93262750
4916.00 -336.91566954 160.10443486
4918.00 -337.14285966 160.27634108
4920.00 -337.37007532 160.44834615
4922.00 -337.59731646 160.62045006
4924.00 -337.82458303 160.79265279
4926.00 -338.05187499 160.96495433
4928.00 -338.27919227 161.13735469
4930.00 -338.50653482 161.30985384
4932.00 -338.73390260 161.48245177
4934.00 -338.96129556 161.65514849
4936.00 -339.18871363 161.82794397
4938.00 -339.41615677 162.00083820
4940.00 -339.64362493 162.17383119
4942.00 -339.87111805 162.34692290
4944.00 -340.09863609 162.52011335
4946.00 -340.32617899 162.69340251
4948.00 -340.55374669 162.86679038
4950.00 -340.78133916 163.04027694
4952.00 -341.00895632 163.21386218
4954.00 -341.23659815 163.38754611
4956.00 -341.46426457 163.56132869
4958.00 -341.69195555 163.73520993
4960.00 -341.91967103 163.90918981
4962.00 -342.14741095 164.08326833
4964.00 -342.37517527 164.25744547
4966.00 -342.60296393 164.43172122
4968.00 -342.83077689 164.60609558
4970.00 -343.05861408 164.78056852
4972.00 -343.28647547 164.95514005
4974.00 -343.51436100 165.12981014
4976.00 -343.74227061 165.30457880
4978.00 -343.97020426 165.47944600
4980.00 -344.19816189 165.65441175
4982.00 -344.42614345 165.82947602
4984.00 -344.65414890 166.00463880
4986.00 -344.88217817 166.17990009
4988.00 -345.11023123 166.35525988
4990.00 -345.33830801 166.53071815
4992.00 -345.56640847 166.70627490
4994.00 -345.79453255 166.88193010
4996.00 -346.02268020 167.05768376
4998.00 -346.25085138 167.23353586
5000.00 -346.47904603 167.40948639
