wavelength(nm)         real         imag
100.00   3.78451554   0.00110356
102.00   3.77985041   0.00117110
104.00   3.77509294   0.00124134
106.00   3.77024312   0.00131434
108.00   3.76530097   0.00139015
110.00   3.76026648   0.00146881
112.00   3.75513966   0.00155038
114.00   3.74992050   0.00163493
116.00   3.74460901   0.00172249
118.00   3.73920520   0.00181312
120.00   3.73370906   0.00190687
122.00   3.72812059   0.00200381
124.00   3.72243981   0.00210397
126.00   3.71666671   0.00220741
128.00   3.71080129   0.00231420
130.00   3.70484356   0.00242437
132.00   3.69879351   0.00253798
134.00   3.69265117   0.00265508
136.00   3.68641651   0.00277574
138.00   3.68008955   0.00289999
140.00   3.67367030   0.00302790
142.00   3.66715874   0.00315951
144.00   3.66055489   0.00329489
146.00   3.65385876   0.00343407
148.00   3.64707033   0.00357712
150.00   3.64018962   0.00372409
152.00   3.63321662   0.00387502
154.00   3.62615135   0.00402998
156.00   3.61899380   0.00418902
158.00   3.61174398   0.00435219
160.00   3.60440189   0.00451953
162.00   3.59696753   0.00469112
164.00   3.58944091   0.00486699
166.00   3.58182202   0.00504720
168.00   3.57411089   0.00523180
170.00   3.56630749   0.00542085
172.00   3.55841185   0.00561440
174.00   3.55042397   0.00581250
176.00   3.54234383   0.00601520
178.00   3.53417147   0.00622257
180.00   3.52590686   0.00643464
182.00   3.51755002   0.00665147
184.00   3.50910096   0.00687313
186.00   3.50055967   0.00709965
188.00   3.49192615   0.00733109
190.00   3.48320043   0.00756751
192.00   3.47438248   0.00780895
194.00   3.46547233   0.00805547
196.00   3.45646997   0.00830713
198.00   3.44737541   0.00856397
200.00   3.43818866   0.00882605
202.00   3.42890971   0.00909342
204.00   3.41953857   0.00936614
206.00   3.41007524   0.00964425
208.00   3.40051973   0.00992781
210.00   3.39087205   0.01021688
212.00   3.38113219   0.01051150
214.00   3.37130017   0.01081172
216.00   3.36137598   0.01111761
218.00   3.35135962   0.01142921
220.00   3.34125112   0.01174658
222.00   3.33105046   0.01206976
224.00   3.32075766   0.01239882
226.00   3.31037271   0.01273380
228.00   3.29989563   0.01307476
230.00   3.28932641   0.01342174
232.00   3.27866506   0.01377481
234.00   3.26791159   0.01413402
236.00   3.25706600   0.01449941
238.00   3.24612830   0.01487104
240.00   3.23509849   0.01524897
242.00   3.22397657   0.01563324
244.00   3.21276255   0.01602391
246.00   3.20145644   0.01642104
248.00   3.19005824   0.01682466
250.00   3.17856795   0.01723484
252.00   3.16698558   0.01765164
254.00   3.15531114   0.01807509
256.00   3.14354462   0.01850526
258.00   3.13168605   0.01894220
260.00   3.11973541   0.01938595
262.00   3.10769272   0.01983658
264.00   3.09555798   0.02029414
266.00   3.08333119   0.02075867
268.00   3.07101237   0.02123023
270.00   3.05860151   0.02170888
272.00   3.04609863   0.02219466
274.00   3.03350373   0.02268763
276.00   3.02081680   0.02318785
278.00   3.00803787   0.02369535
280.00   2.99516693   0.02421020
282.00   2.98220399   0.02473245
284.00   2.96914906   0.02526216
286.00   2.95600214   0.02579936
288.00   2.94276324   0.02634413
290.00   2.92943236   0.02689650
292.00   2.91600951   0.02745653
294.00   2.90249469   0.02802428
296.00   2.88888791   0.02859980
298.00   2.87518918   0.02918313
300.00   2.86139851   0.02977434
302.00   2.84751589   0.03037347
304.00   2.83354134   0.03098058
306.00   2.81947485   0.03159572
308.00   2.80531645   0.03221894
310.00   2.79106613   0.03285030
312.00   2.77672389   0.03348984
314.00   2.76228976   0.03413762
316.00   2.74776372   0.03479370
318.00   2.73314579   0.03545812
320.00   2.71843598   0.03613093
322.00   2.70363429   0.03681220
324.00   2.68874073   0.03750197
326.00   2.67375530   0.03820029
328.00   2.65867801   0.03890722
330.00   2.64350887   0.03962281
332.00   2.62824788   0.04034712
334.00   2.61289505   0.04108018
336.00   2.59745039   0.04182207
338.00   2.58191391   0.04257282
340.00   2.56628560   0.04333249
342.00   2.55056549   0.04410114
344.00   2.53475357   0.04487882
346.00   2.51884984   0.04566557
348.00   2.50285433   0.04646146
350.00   2.48676704   0.04726653
352.00   2.47058796   0.04808084
354.00   2.45431712   0.04890443
356.00   2.43795451   0.04973737
358.00   2.42150014   0.05057970
360.00   2.40495403   0.05143148
362.00   2.38831617   0.05229275
364.00   2.37158658   0.05316357
366.00   2.35476526   0.05404400
368.00   2.33785223   0.05493408
370.00   2.32084748   0.05583387
372.00   2.30375102   0.05674342
374.00   2.28656287   0.05766278
376.00   2.26928302   0.05859201
378.00   2.25191150   0.05953115
380.00   2.23444830   0.06048026
382.00   2.21689343   0.06143939
384.00   2.19924690   0.06240860
386.00   2.18150872   0.06338793
388.00   2.16367890   0.06437744
390.00   2.14575744   0.06537718
392.00   2.12774435   0.06638720
394.00   2.10963964   0.06740756
396.00   2.09144331   0.06843831
398.00   2.07315538   0.06947949
400.00   2.05477586   0.07053116
402.00   2.03630474   0.07159338
404.00   2.01774205   0.07266620
406.00   1.99908778   0.07374966
408.00   1.98034195   0.07484382
410.00   1.96150456   0.07594874
412.00   1.94257562   0.07706446
414.00   1.92355514   0.07819104
416.00   1.90444313   0.07932852
418.00   1.88523960   0.08047697
420.00   1.86594455   0.08163643
422.00   1.84655800   0.08280696
424.00   1.82707995   0.08398860
426.00   1.80751040   0.08518141
428.00   1.78784938   0.08638545
430.00   1.76809689   0.08760076
432.00   1.74825293   0.08882739
434.00   1.72831751   0.09006540
436.00   1.70829065   0.09131484
438.00   1.68817235   0.09257577
440.00   1.66796262   0.09384823
442.00   1.64766147   0.09513227
444.00   1.62726891   0.09642795
446.00   1.60678495   0.09773533
448.00   1.58620959   0.09905444
450.00   1.56554285   0.10038535
452.00   1.54478474   0.10172811
454.00   1.52393525   0.10308276
456.00   1.50299441   0.10444937
458.00   1.48196223   0.10582798
460.00   1.46083870   0.10721864
462.00   1.43962384   0.10862141
464.00   1.41831766   0.11003633
466.00   1.39692017   0.11146347
468.00   1.37543138   0.11290287
470.00   1.35385129   0.11435458
472.00   1.33217993   0.11581866
474.00   1.31041728   0.11729515
476.00   1.28856338   0.11878412
478.00   1.26661821   0.12028561
480.00   1.24458181   0.12179967
482.00   1.22245417   0.12332635
484.00   1.20023530   0.12486572
486.00   1.17792521   0.12641781
488.00   1.15552392   0.12798268
490.00   1.13303143   0.12956039
492.00   1.11044775   0.13115098
494.00   1.08777290   0.13275451
496.00   1.06500688   0.13437102
498.00   1.04214970   0.13600058
500.00   1.01920138   0.13764322
502.00   0.99616191   0.13929902
504.00   0.97303132   0.14096800
506.00   0.94980961   0.14265024
508.00   0.92649679   0.14434577
510.00   0.90309288   0.14605465
512.00   0.87959788   0.14777694
514.00   0.85601180   0.14951268
516.00   0.83233466   0.15126192
518.00   0.80856646   0.15302473
520.00   0.78470721   0.15480114
522.00   0.76075693   0.15659121
524.00   0.73671562   0.15839500
526.00   0.71258330   0.16021255
528.00   0.68835998   0.16204391
530.00   0.66404566   0.16388914
532.00   0.63964035   0.16574830
534.00   0.61514408   0.16762142
536.00   0.59055684   0.16950857
538.00   0.56587865   0.17140979
540.00   0.54110953   0.17332513
542.00   0.51624947   0.17525465
544.00   0.49129849   0.17719840
546.00   0.46625661   0.17915644
548.00   0.44112382   0.18112880
550.00   0.41590016   0.18311555
552.00   0.39058561   0.18511673
554.00   0.36518021   0.18713240
556.00   0.33968395   0.18916260
558.00   0.31409684   0.19120740
560.00   0.28841891   0.19326683
562.00   0.26265016   0.19534096
564.00   0.23679060   0.19742984
566.00   0.21084024   0.19953350
568.00   0.18479909   0.20165202
570.00   0.15866717   0.20378543
572.00   0.13244449   0.20593379
574.00   0.10613105   0.20809716
576.00   0.07972688   0.21027558
578.00   0.05323197   0.21246910
580.00   0.02664635   0.21467777
582.00  -0.00002998   0.21690165
584.00  -0.02679700   0.21914079
586.00  -0.05365471   0.22139524
588.00  -0.08060309   0.22366505
590.00  -0.10764212   0.22595028
592.00  -0.13477181   0.22825096
594.00  -0.16199213   0.23056716
596.00  -0.18930307   0.23289893
598.00  -0.21670463   0.23524631
600.00  -0.24419678   0.23760936
602.00  -0.27177953   0.23998814
604.00  -0.29945285   0.24238268
606.00  -0.32721674   0.24479304
608.00  -0.35507118   0.24721928
610.00  -0.38301616   0.24966145
612.00  -0.41105166   0.25211958
614.00  -0.43917769   0.25459375
616.00  -0.46739421   0.25708400
618.00  -0.49570123   0.25959037
620.00  -0.52409873   0.26211292
622.00  -0.55258670   0.26465171
624.00  -0.58116512   0.26720678
626.00  -0.60983398   0.26977818
628.00  -0.63859327   0.27236597
630.00  -0.66744298   0.27497019
632.00  -0.69638309   0.27759090
634.00  -0.72541360   0.28022815
636.00  -0.75453449   0.28288199
638.00  -0.78374574   0.28555247
640.00  -0.81304735   0.28823964
642.00  -0.84243930   0.29094356
644.00  -0.87192158   0.29366426
646.00  -0.90149417   0.29640181
648.00  -0.93115707   0.29915626
650.00  -0.96091026   0.30192765
652.00  -0.99075372   0.30471605
654.00  -1.02068746   0.30752149
656.00  -1.05071144   0.31034402
658.00  -1.08082566   0.31318371
660.00  -1.11103011   0.31604060
662.00  -1.14132477   0.31891475
664.00  -1.17170963   0.32180619
666.00  -1.20218467   0.32471499
668.00  -1.23274989   0.32764119
670.00  -1.26340527   0.33058485
672.00  -1.29415080   0.33354602
674.00  -1.32498646   0.33652474
676.00  -1.35591223   0.33952107
678.00  -1.38692812   0.34253506
680.00  -1.41803410   0.34556676
682.00  -1.44923016   0.34861622
684.00  -1.48051628   0.35168349
686.00  -1.51189246   0.35476863
688.00  -1.54335868   0.35787167
690.00  -1.57491492   0.36099268
692.00  -1.60656117   0.36413171
694.00  -1.63829742   0.36728879
696.00  -1.67012366   0.37046400
698.00  -1.70203987   0.37365737
700.00  -1.73404603   0.37686896
702.00  -1.76614214   0.38009881
704.00  -1.79832817   0.38334698
706.00  -1.83060412   0.38661352
708.00  -1.86296997   0.38989849
710.00  -1.89542571   0.39320192
712.00  -1.92797133   0.39652387
714.00  -1.96060680   0.39986439
716.00  -1.99333211   0.40322353
718.00  -2.02614726   0.40660135
720.00  -2.05905223   0.40999789
722.00  -2.09204699   0.41341320
724.00  -2.12513155   0.41684734
726.00  -2.15830588   0.42030035
728.00  -2.19156997   0.42377228
730.00  -2.22492380   0.42726320
732.00  -2.25836737   0.43077313
734.00  -2.29190065   0.43430214
736.00  -2.32552363   0.43785028
738.00  -2.35923630   0.44141760
740.00  -2.39303864   0.44500414
742.00  -2.42693064   0.44860996
744.00  -2.46091229   0.45223511
746.00  -2.49498356   0.45587964
748.00  -2.52914445   0.45954359
750.00  -2.56339494   0.46322703
752.00  -2.59773501   0.46692999
754.00  -2.63216465   0.47065254
756.00  -2.66668385   0.47439471
758.00  -2.70129259   0.47815656
760.00  -2.73599085   0.48193815
762.00  -2.77077862   0.48573951
764.00  -2.80565589   0.48956071
766.00  -2.84062264   0.49340179
768.00  -2.87567885   0.49726280
770.00  -2.91082451   0.50114379
772.00  -2.94605961   0.50504481
774.00  -2.98138413   0.50896591
776.00  -3.01679805   0.51290715
778.00  -3.05230136   0.51686856
780.00  -3.08789404   0.52085021
782.00  -3.12357609   0.52485215
784.00  -3.15934747   0.52887441
786.00  -3.19520819   0.53291706
788.00  -3.23115821   0.53698014
790.00  -3.26719753   0.54106370
792.00  -3.30332614   0.54516780
794.00  -3.33954401   0.54929247
796.00  -3.37585113   0.55343778
798.00  -3.41224748   0.55760378
800.00  -3.44873305   0.56179050
802.00  -3.48530783   0.56599801
804.00  -3.52197179   0.57022635
806.00  -3.55872492   0.57447557
808.00  -3.59556721   0.57874573
810.00  -3.63249864   0.58303686
812.00  -3.66951919   0.58734903
814.00  -3.70662885   0.59168228
816.00  -3.74382761   0.59603667
818.00  -3.78111544   0.60041223
820.00  -3.81849232   0.60480902
822.00  -3.85595826   0.60922710
824.00  -3.89351322   0.61366651
826.00  -3.93115719   0.61812730
828.00  -3.96889015   0.62260951
830.00  -4.00671210   0.62711321
832.00  -4.04462301   0.63163844
834.00  -4.08262286   0.63618525
836.00  -4.12071165   0.64075369
838.00  -4.15888935   0.64534380
840.00  -4.19715594   0.64995565
842.00  -4.23551142   0.65458927
844.00  -4.27395576   0.65924472
846.00  -4.31248895   0.66392205
848.00  -4.35111097   0.66862131
850.00  -4.38982181   0.67334254
852.00  -4.42862144   0.67808580
854.00  -4.46750985   0.68285114
856.00  -4.50648703   0.68763860
858.00  -4.54555296   0.69244823
860.00  -4.58470762   0.69728009
862.00  -4.62395099   0.70213423
864.00  -4.66328306   0.70701068
866.00  -4.70270381   0.71190951
868.00  -4.74221323   0.71683077
870.00  -4.78181129   0.72177449
872.00  -4.82149798   0.72674073
874.00  -4.86127328   0.73172955
876.00  -4.90113718   0.73674098
878.00  -4.94108966   0.74177509
880.00  -4.98113070   0.74683191
882.00  -5.02126028   0.75191150
884.00  -5.06147839   0.75701391
886.00  -5.10178501   0.76213919
888.00  -5.14218013   0.76728738
890.00  -5.18266371   0.77245853
892.00  -5.22323576   0.77765270
894.00  -5.26389624   0.78286994
896.00  -5.30464515   0.78811028
898.00  -5.34548247   0.79337379
900.00  -5.38640817   0.79866051
902.00  -5.42742224   0.80397049
904.00  -5.46852466   0.80930378
906.00  -5.50971542   0.81466043
908.00  -5.55099450   0.82004048
910.00  -5.59236188   0.82544400
912.00  -5.63381754   0.83087101
914.00  -5.67536146   0.83632159
916.00  -5.71699363   0.84179576
918.00  -5.75871403   0.84729359
920.00  -5.80052264   0.85281513
922.00  -5.84241944   0.85836041
924.00  -5.88440442   0.86392949
926.00  -5.92647755   0.86952242
928.00  -5.96863882   0.87513925
930.00  -6.01088822   0.88078003
932.00  -6.05322571   0.88644480
934.00  -6.09565129   0.89213362
936.00  -6.13816494   0.89784653
938.00  -6.18076664   0.90358359
940.00  -6.22345636   0.90934483
942.00  -6.26623410   0.91513032
944.00  -6.30909983   0.92094009
946.00  -6.35205354   0.92677420
948.00  -6.39509521   0.93263270
950.00  -6.43822481   0.93851563
952.00  -6.48144233   0.94442305
954.00  -6.52474775   0.95035500
956.00  -6.56814106   0.95631153
958.00  -6.61162223   0.96229269
960.00  -6.65519125   0.96829853
962.00  -6.69884809   0.97432910
964.00  -6.74259274   0.98038444
966.00  -6.78642519   0.98646461
968.00  -6.83034540   0.99256965
970.00  -6.87435337   0.99869962
972.00  -6.91844906   1.00485455
974.00  -6.96263248   1.01103450
976.00  -7.00690359   1.01723952
978.00  -7.05126238   1.02346966
980.00  -7.09570882   1.02972496
982.00  -7.14024291   1.03600547
984.00  -7.18486461   1.04231125
986.00  -7.22957391   1.04864234
988.00  -7.27437080   1.05499878
990.00  -7.31925525   1.06138063
992.00  -7.36422724   1.06778793
994.00  -7.40928676   1.07422074
996.00  -7.45443379   1.08067910
998.00  -7.49966829   1.08716307
1000.00  -7.54499027   1.09367268
1002.00  -7.59039969   1.10020798
1004.00  -7.63589654   1.10676903
1006.00  -7.68148080   1.11335588
1008.00  -7.72715245   1.11996856
1010.00  -7.77291147   1.12660714
1012.00  -7.81875784   1.13327165
1014.00  -7.86469154   1.13996215
1016.00  -7.91071255   1.14667869
1018.00  -7.95682085   1.15342131
1020.00  -8.00301642   1.16019005
1022.00  -8.04929925   1.16698498
1024.00  -8.09566930   1.17380614
1026.00  -8.14212657   1.18065356
1028.00  -8.18867104   1.18752732
1030.00  -8.23530267   1.19442744
1032.00  -8.28202146   1.20135398
1034.00  -8.32882739   1.20830699
1036.00  -8.37572042   1.21528651
1038.00  -8.42270055   1.22229260
1040.00  -8.46976775   1.22932530
1042.00  -8.51692201   1.23638465
1044.00  -8.56416330   1.24347072
1046.00  -8.61149160   1.25058354
1048.00  -8.65890690   1.25772316
1050.00  -8.70640917   1.26488963
1052.00  -8.75399839   1.27208300
1054.00  -8.80167454   1.27930331
1056.00  -8.84943761   1.28655062
1058.00  -8.89728756   1.29382498
1060.00  -8.94522439   1.30112642
1062.00  -8.99324807   1.30845499
1064.00  -9.04135858   1.31581076
1066.00  -9.08955591   1.32319375
1068.00  -9.13784002   1.33060403
1070.00  -9.18621090   1.33804163
1072.00  -9.23466853   1.34550661
1074.00  -9.28321288   1.35299901
1076.00  -9.33184395   1.36051889
1078.00  -9.38056170   1.36806628
1080.00  -9.42936612   1.37564124
1082.00  -9.47825718   1.38324381
1084.00  -9.52723487   1.39087404
1086.00  -9.57629916   1.39853198
1088.00  -9.62545004   1.40621768
1090.00  -9.67468747   1.41393118
1092.00  -9.72401145   1.42167253
1094.00  -9.77342195   1.42944178
1096.00  -9.82291895   1.43723898
1098.00  -9.87250243   1.44506417
1100.00  -9.92217236   1.45291739
1102.00  -9.97192873   1.46079871
1104.00 -10.02177152   1.46870816
1106.00 -10.07170070   1.47664580
1108.00 -10.12171625   1.48461167
1110.00 -10.17181816   1.49260581
1112.00 -10.22200640   1.50062827
1114.00 -10.27228094   1.50867911
1116.00 -10.32264177   1.51675837
1118.00 -10.37308887   1.52486609
1120.00 -10.42362222   1.53300233
1122.00 -10.47424179   1.54116713
1124.00 -10.52494756   1.54936053
1126.00 -10.57573951   1.55758259
1128.00 -10.62661762   1.56583335
1130.00 -10.67758187   1.57411286
1132.00 -10.72863224   1.58242116
1134.00 -10.77976870   1.59075831
1136.00 -10.83099123   1.59912435
1138.00 -10.88229982   1.60751932
1140.00 -10.93369443   1.61594328
1142.00 -10.98517506   1.62439627
1144.00 -11.03674167   1.63287834
1146.00 -11.08839424   1.64138953
1148.00 -11.14013275   1.64992989
1150.00 -11.19195719   1.65849948
1152.00 -11.24386753   1.66709832
1154.00 -11.29586374   1.67572648
1156.00 -11.34794581   1.68438400
1158.00 -11.40011371   1.69307092
1160.00 -11.45236742   1.70178730
1162.00 -11.50470692   1.71053318
1164.00 -11.55713218   1.71930860
1166.00 -11.60964319   1.72811361
1168.00 -11.66223993   1.73694827
1170.00 -11.71492236   1.74581260
1172.00 -11.76769047   1.75470668
1174.00 -11.82054424   1.76363053
1176.00 -11.87348364   1.77258421
1178.00 -11.92650865   1.78156775
1180.00 -11.97961925   1.79058122
1182.00 -12.03281541   1.79962466
1184.00 -12.08609712   1.80869810
1186.00 -12.13946435   1.81780161
1188.00 -12.19291708   1.82693522
1190.00 -12.24645528   1.83609898
1192.00 -12.30007894   1.84529294
1194.00 -12.35378803   1.85451714
1196.00 -12.40758253   1.86377164
1198.00 -12.46146241   1.87305647
1200.00 -12.51542766   1.88237168
1202.00 -12.56947824   1.89171733
1204.00 -12.62361414   1.90109345
1206.00 -12.67783534   1.91050009
1208.00 -12.73214181   1.91993731
1210.00 -12.78653353   1.92940513
1212.00 -12.84101048   1.93890362
1214.00 -12.89557262   1.94843282
1216.00 -12.95021995   1.95799277
1218.00 -13.00495244   1.96758352
1220.00 -13.05977005   1.97720511
1222.00 -13.11467278   1.98685760
1224.00 -13.16966060   1.99654102
1226.00 -13.22473348   2.00625543
1228.00 -13.27989141   2.01600087
1230.00 -13.33513435   2.02577738
1232.00 -13.39046229   2.03558502
1234.00 -13.44587519   2.04542383
1236.00 -13.50137305   2.05529385
1238.00 -13.55695583   2.06519513
1240.00 -13.61262352   2.07512771
1242.00 -13.66837608   2.08509165
1244.00 -13.72421350   2.09508699
1246.00 -13.78013575   2.10511377
1248.00 -13.83614281   2.11517204
1250.00 -13.89223465   2.12526184
1252.00 -13.94841125   2.13538323
1254.00 -14.00467259   2.14553624
1256.00 -14.06101865   2.15572092
1258.00 -14.11744939   2.16593733
1260.00 -14.17396480   2.17618549
1262.00 -14.23056485   2.18646547
1264.00 -14.28724952   2.19677730
1266.00 -14.34401879   2.20712104
1268.00 -14.40087263   2.21749672
1270.00 -14.45781102   2.22790439
1272.00 -14.51483393   2.23834410
1274.00 -14.57194133   2.24881590
1276.00 -14.62913322   2.25931982
1278.00 -14.68640956   2.26985592
1280.00 -14.74377032   2.28042423
1282.00 -14.80121549   2.29102482
1284.00 -14.85874504   2.30165771
1286.00 -14.91635894   2.31232296
1288.00 -14.97405717   2.32302061
1290.00 -15.03183971   2.33375071
1292.00 -15.08970654   2.34451330
1294.00 -15.14765762   2.35530843
1296.00 -15.20569294   2.36613614
1298.00 -15.26381247   2.37699648
1300.00 -15.32201618   2.38788949
1302.00 -15.38030406   2.39881523
1304.00 -15.43867607   2.40977372
1306.00 -15.49713220   2.42076503
1308.00 -15.55567241   2.43178919
1310.00 -15.61429669   2.44284625
1312.00 -15.67300500   2.45393625
1314.00 -15.73179733   2.46505924
1316.00 -15.79067365   2.47621527
1318.00 -15.84963394   2.48740438
1320.00 -15.90867817   2.49862661
1322.00 -15.96780631   2.50988201
1324.00 -16.02701835   2.52117063
1326.00 -16.08631425   2.53249251
1328.00 -16.14569399   2.54384769
1330.00 -16.20515755   2.55523622
1332.00 -16.26470491   2.56665815
1334.00 -16.32433603   2.57811352
1336.00 -16.38405089   2.58960237
1338.00 -16.44384947   2.60112475
1340.00 -16.50373174   2.61268070
1342.00 -16.56369768   2.62427027
1344.00 -16.62374727   2.63589351
1346.00 -16.68388047   2.64755045
1348.00 -16.74409726   2.65924115
1350.00 -16.80439762   2.67096564
1352.00 -16.86478152   2.68272398
1354.00 -16.92524894   2.69451620
1356.00 -16.98579985   2.70634236
1358.00 -17.04643423   2.71820249
1360.00 -17.10715205   2.73009664
1362.00 -17.16795329   2.74202486
1364.00 -17.22883791   2.75398719
1366.00 -17.28980591   2.76598367
1368.00 -17.35085724   2.77801435
1370.00 -17.41199188   2.79007927
1372.00 -17.47320982   2.80217849
1374.00 -17.53451102   2.81431203
1376.00 -17.59589545   2.82647995
1378.00 -17.65736310   2.83868229
1380.00 -17.71891394   2.85091910
1382.00 -17.78054793   2.86319041
1384.00 -17.84226506   2.87549628
1386.00 -17.90406531   2.88783675
1388.00 -17.96594863   2.90021186
1390.00 -18.02791502   2.91262165
1392.00 -18.08996444   2.92506618
1394.00 -18.15209686   2.93754548
1396.00 -18.21431227   2.95005960
1398.00 -18.27661063   2.96260858
1400.00 -18.33899192   2.97519247
1402.00 -18.40145611   2.98781131
1404.00 -18.46400318   3.00046515
1406.00 -18.52663311   3.01315403
1408.00 -18.58934585   3.02587799
1410.00 -18.65214140   3.03863707
1412.00 -18.71501972   3.05143133
1414.00 -18.77798079   3.06426081
1416.00 -18.84102458   3.07712554
1418.00 -18.90415106   3.09002558
1420.00 -18.96736022   3.10296096
1422.00 -19.03065201   3.11593173
1424.00 -19.09402643   3.12893794
1426.00 -19.15748343   3.14197963
1428.00 -19.22102299   3.15505683
1430.00 -19.28464510   3.16816961
1432.00 -19.34834971   3.18131799
1434.00 -19.41213681   3.19450203
1436.00 -19.47600637   3.20772176
1438.00 -19.53995836   3.22097724
1440.00 -19.60399275   3.23426850
1442.00 -19.66810952   3.24759558
1444.00 -19.73230865   3.26095854
1446.00 -19.79659010   3.27435741
1448.00 -19.86095385   3.28779224
1450.00 -19.92539987   3.30126307
1452.00 -19.98992813   3.31476995
1454.00 -20.05453862   3.32831292
1456.00 -20.11923130   3.34189202
1458.00 -20.18400614   3.35550729
1460.00 -20.24886312   3.36915879
1462.00 -20.31380222   3.38284654
1464.00 -20.37882340   3.39657060
1466.00 -20.44392663   3.41033101
1468.00 -20.50911190   3.42412782
1470.00 -20.57437917   3.43796105
1472.00 -20.63972842   3.45183077
1474.00 -20.70515962   3.46573701
1476.00 -20.77067275   3.47967981
1478.00 -20.83626776   3.49365923
1480.00 -20.90194465   3.50767529
1482.00 -20.96770338   3.52172805
1484.00 -21.03354393   3.53581754
1486.00 -21.09946626   3.54994382
1488.00 -21.16547035   3.56410692
1490.00 -21.23155618   3.57830688
1492.00 -21.29772371   3.59254376
1494.00 -21.36397292   3.60681759
1496.00 -21.43030378   3.62112841
1498.00 -21.49671627   3.63547627
1500.00 -21.56321035   3.64986121
1502.00 -21.62978600   3.66428328
1504.00 -21.69644320   3.67874251
1506.00 -21.76318191   3.69323896
1508.00 -21.83000210   3.70777265
1510.00 -21.89690375   3.72234364
1512.00 -21.96388684   3.73695197
1514.00 -22.03095133   3.75159768
1516.00 -22.09809719   3.76628082
1518.00 -22.16532441   3.78100141
1520.00 -22.23263294   3.79575952
1522.00 -22.30002277   3.81055518
1524.00 -22.36749387   3.82538843
1526.00 -22.43504620   3.84025932
1528.00 -22.50267974   3.85516789
1530.00 -22.57039447   3.87011418
1532.00 -22.63819035   3.88509823
1534.00 -22.70606736   3.90012009
1536.00 -22.77402546   3.91517980
1538.00 -22.84206464   3.93027739
1540.00 -22.91018486   3.94541293
1542.00 -22.97838609   3.96058643
1544.00 -23.04666831   3.97579796
1546.00 -23.11503149   3.99104754
1548.00 -23.18347560   4.00633523
1550.00 -23.25200061   4.02166107
1552.00 -23.32060650   4.03702509
1554.00 -23.38929323   4.05242734
1556.00 -23.45806078   4.06786786
1558.00 -23.52690913   4.08334669
1560.00 -23.59583823   4.09886388
1562.00 -23.66484807   4.11441947
1564.00 -23.73393861   4.13001350
1566.00 -23.80310983   4.14564601
1568.00 -23.87236169   4.16131704
1570.00 -23.94169418   4.17702664
1572.00 -24.01110726   4.19277485
1574.00 -24.08060090   4.20856170
1576.00 -24.15017508   4.22438725
1578.00 -24.21982976   4.24025153
1580.00 -24.28956492   4.25615459
1582.00 -24.35938053   4.27209646
1584.00 -24.42927656   4.28807720
1586.00 -24.49925298   4.30409683
1588.00 -24.56930977   4.32015541
1590.00 -24.63944688   4.33625297
1592.00 -24.70966431   4.35238955
1594.00 -24.77996201   4.36856521
1596.00 -24.85033996   4.38477997
1598.00 -24.92079814   4.40103389
1600.00 -24.99133650   4.41732699
1602.00 -25.06195502   4.43365933
1604.00 -25.13265368   4.45003095
1606.00 -25.20343244   4.46644188
1608.00 -25.27429128   4.48289217
1610.00 -25.34523016   4.49938186
1612.00 -25.41624906   4.51591100
1614.00 -25.48734795   4.53247961
1616.00 -25.55852680   4.54908775
1618.00 -25.62978558   4.56573546
1620.00 -25.70112426   4.58242277
1622.00 -25.77254281   4.59914973
1624.00 -25.84404120   4.61591638
1626.00 -25.91561941   4.63272276
1628.00 -25.98727741   4.64956891
1630.00 -26.05901516   4.66645488
1632.00 -26.13083263   4.68338070
1634.00 -26.20272980   4.70034641
1636.00 -26.27470664   4.71735207
1638.00 -26.34676312   4.73439770
1640.00 -26.41889921   4.75148334
1642.00 -26.49111488   4.76860905
1644.00 -26.56341009   4.78577486
1646.00 -26.63578483   4.80298081
1648.00 -26.70823906   4.82022694
1650.00 -26.78077275   4.83751330
1652.00 -26.85338587   4.85483992
1654.00 -26.92607840   4.87220685
1656.00 -26.99885030   4.88961412
1658.00 -27.07170154   4.90706178
1660.00 -27.14463210   4.92454986
1662.00 -27.21764194   4.94207842
1664.00 -27.29073103   4.95964749
1666.00 -27.36389935   4.97725710
1668.00 -27.43714687   4.99490731
1670.00 -27.51047355   5.01259814
1672.00 -27.58387936   5.03032965
1674.00 -27.65736428   5.04810187
1676.00 -27.73092828   5.06591485
1678.00 -27.80457132   5.08376862
1680.00 -27.87829338   5.10166322
1682.00 -27.95209443   5.11959870
1684.00 -28.02597443   5.13757509
1686.00 -28.09993336   5.15559244
1688.00 -28.17397119   5.17365078
1690.00 -28.24808788   5.19175016
1692.00 -28.32228340   5.20989062
1694.00 -28.39655774   5.22807220
1696.00 -28.47091085   5.24629493
1698.00 -28.54534270   5.26455886
1700.00 -28.61985327   5.28286403
1702.00 -28.69444253   5.30121047
1704.00 -28.76911044   5.31959824
1706.00 -28.84385698   5.33802736
1708.00 -28.91868211   5.35649788
1710.00 -28.99358581   5.37500984
1712.00 -29.06856804   5.39356328
1714.00 -29.14362877   5.41215824
1716.00 -29.21876798   5.43079476
1718.00 -29.29398563   5.44947287
1720.00 -29.36928170   5.46819263
1722.00 -29.44465614   5.48695406
1724.00 -29.52010894   5.50575721
1726.00 -29.59564006   5.52460213
1728.00 -29.67124947   5.54348884
1730.00 -29.74693714   5.56241739
1732.00 -29.82270304   5.58138781
1734.00 -29.89854714   5.60040016
1736.00 -29.97446941   5.61945446
1738.00 -30.05046981   5.63855076
1740.00 -30.12654832   5.65768910
1742.00 -30.20270491   5.67686951
1744.00 -30.27893955   5.69609204
1746.00 -30.35525220   5.71535673
1748.00 -30.43164283   5.73466361
1750.00 -30.50811142   5.75401273
1752.00 -30.58465792   5.77340412
1754.00 -30.66128233   5.79283783
1756.00 -30.73798459   5.81231389
1758.00 -30.81476468   5.83183234
1760.00 -30.89162257   5.85139323
1762.00 -30.96855822   5.87099659
1764.00 -31.04557162   5.89064246
1766.00 -31.12266272   5.91033088
1768.00 -31.19983150   5.93006189
1770.00 -31.27707791   5.94983553
1772.00 -31.35440195   5.96965184
1774.00 -31.43180356   5.98951086
1776.00 -31.50928272   6.00941262
1778.00 -31.58683941   6.02935717
1780.00 -31.66447358   6.04934455
1782.00 -31.74218521   6.06937479
1784.00 -31.81997426   6.08944793
1786.00 -31.89784071   6.10956401
1788.00 -31.97578452   6.12972308
1790.00 -32.05380566   6.14992517
1792.00 -32.13190410   6.17017032
1794.00 -32.21007982   6.19045856
1796.00 -32.28833277   6.21078995
1798.00 -32.36666292   6.23116451
1800.00 -32.44507025   6.25158228
1802.00 -32.52355473   6.27204331
1804.00 -32.60211632   6.29254763
1806.00 -32.68075498   6.31309529
1808.00 -32.75947070   6.33368631
1810.00 -32.83826343   6.35432074
1812.00 -32.91713315   6.37499862
1814.00 -32.99607982   6.39571999
1816.00 -33.07510342   6.41648488
1818.00 -33.15420390   6.43729334
1820.00 -33.23338125   6.45814540
1822.00 -33.31263542   6.47904109
1824.00 -33.39196639   6.49998047
1826.00 -33.47137412   6.52096357
1828.00 -33.55085858   6.54199042
1830.00 -33.63041975   6.56306107
1832.00 -33.71005758   6.58417555
1834.00 -33.78977205   6.60533390
1836.00 -33.86956312   6.62653616
1838.00 -33.94943077   6.64778237
1840.00 -34.02937496   6.66907256
1842.00 -34.10939565   6.69040678
1844.00 -34.18949283   6.71178507
1846.00 -34.26966644   6.73320745
1848.00 -34.34991647   6.75467397
1850.00 -34.43024289   6.77618467
1852.00 -34.51064565   6.79773959
1854.00 -34.59112472   6.81933876
1856.00 -34.67168009   6.84098222
1858.00 -34.75231170   6.86267001
1860.00 -34.83301954   6.88440217
1862.00 -34.91380356   6.90617874
1864.00 -34.99466374   6.92799974
1866.00 -35.07560004   6.94986523
1868.00 -35.15661243   6.97177524
1870.00 -35.23770088   6.99372981
1872.00 -35.31886536   7.01572897
1874.00 -35.40010584   7.03777277
1876.00 -35.48142227   7.05986123
1878.00 -35.56281464   7.08199440
1880.00 -35.64428290   7.10417232
1882.00 -35.72582703   7.12639503
1884.00 -35.80744699   7.14866255
1886.00 -35.88914274   7.17097494
1888.00 -35.97091427   7.19333222
1890.00 -36.05276153   7.21573443
1892.00 -36.13468450   7.23818162
1894.00 -36.21668313   7.26067382
1896.00 -36.29875740   7.28321106
1898.00 -36.38090727   7.30579339
1900.00 -36.46313272   7.32842083
1902.00 -36.54543371   7.35109344
1904.00 -36.62781020   7.37381125
1906.00 -36.71026217   7.39657428
1908.00 -36.79278957   7.41938259
1910.00 -36.87539239   7.44223621
1912.00 -36.95807058   7.46513517
1914.00 -37.04082411   7.48807952
1916.00 -37.12365296   7.51106929
1918.00 -37.20655708   7.53410451
1920.00 -37.28953644   7.55718523
1922.00 -37.37259102   7.58031147
1924.00 -37.45572077   7.60348329
1926.00 -37.53892567   7.62670071
1928.00 -37.62220568   7.64996378
1930.00 -37.70556077   7.67327252
1932.00 -37.78899091   7.69662698
1934.00 -37.87249606   7.72002720
1936.00 -37.95607619   7.74347320
1938.00 -38.03973127   7.76696503
1940.00 -38.12346126   7.79050273
1942.00 -38.20726614   7.81408632
1944.00 -38.29114586   7.83771586
1946.00 -38.37510039   7.86139136
1948.00 -38.45912971   7.88511288
1950.00 -38.54323378   7.90888045
1952.00 -38.62741256   7.93269410
1954.00 -38.71166602   7.95655387
1956.00 -38.79599413   7.98045980
1958.00 -38.88039686   8.00441193
1960.00 -38.96487416   8.02841028
1962.00 -39.04942602   8.05245490
1964.00 -39.13405239   8.07654583
1966.00 -39.21875325   8.10068309
1968.00 -39.30352855   8.12486673
1970.00 -39.38837826   8.14909679
1972.00 -39.47330236   8.17337329
1974.00 -39.55830081   8.19769628
1976.00 -39.64337357   8.22206579
1978.00 -39.72852061   8.24648186
1980.00 -39.81374190   8.27094452
1982.00 -39.89903740   8.29545382
1984.00 -39.98440708   8.32000978
1986.00 -40.06985091   8.34461244
1988.00 -40.15536885   8.36926184
1990.00 -40.24096087   8.39395802
1992.00 -40.32662694   8.41870101
1994.00 -40.41236701   8.44349085
1996.00 -40.49818107   8.46832757
1998.00 -40.58406907   8.49321121
2000.00 -40.67003098   8.51814180
2002.00 -40.75606677   8.54311939
2004.00 -40.84217640   8.56814400
2006.00 -40.92835984   8.59321567
2008.00 -41.01461706   8.61833445
2010.00 -41.10094801   8.64350036
2012.00 -41.18735268   8.66871343
2014.00 -41.27383102   8.69397372
2016.00 -41.36038299   8.71928124
2018.00 -41.44700858   8.74463605
2020.00 -41.53370773   8.77003816
2022.00 -41.62048042   8.79548763
2024.00 -41.70732662   8.82098448
2026.00 -41.79424629   8.84652874
2028.00 -41.88123939   8.87212047
2030.00 -41.96830589   8.89775968
2032.00 -42.05544576   8.92344642
2034.00 -42.14265896   8.94918073
2036.00 -42.22994547   8.97496262
2038.00 -42.31730523   9.00079216
2040.00 -42.40473823   9.02666936
2042.00 -42.49224443   9.05259426
2044.00 -42.57982378   9.07856690
2046.00 -42.66747627   9.10458731
2048.00 -42.75520184   9.13065553
2050.00 -42.84300048   9.15677160
2052.00 -42.93087214   9.18293555
2054.00 -43.01881680   9.20914741
2056.00 -43.10683441   9.23540722
2058.00 -43.19492494   9.26171501
2060.00 -43.28308836   9.28807082
2062.00 -43.37132463   9.31447469
2064.00 -43.45963372   9.34092665
2066.00 -43.54801559   9.36742673
2068.00 -43.63647022   9.39397497
2070.00 -43.72499756   9.42057140
2072.00 -43.81359758   9.44721607
2074.00 -43.90227024   9.47390900
2076.00 -43.99101552   9.50065022
2078.00 -44.07983338   9.52743978
2080.00 -44.16872377   9.55427771
2082.00 -44.25768668   9.58116404
2084.00 -44.34672206   9.60809881
2086.00 -44.43582987   9.63508205
2088.00 -44.52501009   9.66211379
2090.00 -44.61426268   9.68919408
2092.00 -44.70358760   9.71632295
2094.00 -44.79298482   9.74350042
2096.00 -44.88245431   9.77072654
2098.00 -44.97199603   9.79800134
2100.00 -45.06160994   9.82532485
2102.00 -45.15129601   9.85269711
2104.00 -45.24105421   9.88011816
2106.00 -45.33088449   9.90758802
2108.00 -45.42078683   9.93510673
2110.00 -45.51076120   9.96267432
2112.00 -45.60080755   9.99029084
2114.00 -45.69092585  10.01795631
2116.00 -45.78111606  10.04567077
2118.00 -45.87137816  10.07343425
2120.00 -45.96171210  10.10124678
2122.00 -46.05211785  10.12910841
2124.00 -46.14259538  10.15701916
2126.00 -46.23314465  10.18497907
2128.00 -46.32376562  10.21298818
2130.00 -46.41445827  10.24104650
2132.00 -46.50522255  10.26915409
2134.00 -46.59605843  10.29731098
2136.00 -46.68696587  10.32551719
2138.00 -46.77794484  10.35377276
2140.00 -46.86899531  10.38207773
2142.00 -46.96011724  10.41043213
2144.00 -47.05131059  10.43883600
2146.00 -47.14257533  10.46728936
2148.00 -47.23391143  10.49579225
2150.00 -47.32531884  10.52434470
2152.00 -47.41679753  10.55294675
2154.00 -47.50834747  10.58159844
2156.00 -47.59996863  10.61029979
2158.00 -47.69166096  10.63905084
2160.00 -47.78342443  10.66785162
2162.00 -47.87525901  10.69670216
2164.00 -47.96716466  10.72560251
2166.00 -48.05914134  10.75455269
2168.00 -48.15118902  10.78355273
2170.00 -48.24330767  10.81260267
2172.00 -48.33549724  10.84170255
2174.00 -48.42775771  10.87085239
2176.00 -48.52008903  10.90005223
2178.00 -48.61249118  10.92930211
2180.00 -48.70496411  10.95860204
2182.00 -48.79750779  10.98795208
2184.00 -48.89012219  11.01735225
2186.00 -48.98280726  11.04680258
2188.00 -49.07556298  11.07630312
2190.00 -49.16838931  11.10585388
2192.00 -49.26128621  11.13545491
2194.00 -49.35425365  11.16510623
2196.00 -49.44729158  11.19480788
2198.00 -49.54039998  11.22455990
2200.00 -49.63357881  11.25436231
2202.00 -49.72682804  11.28421515
2204.00 -49.82014762  11.31411846
2206.00 -49.91353752  11.34407225
2208.00 -50.00699771  11.37407658
2210.00 -50.10052815  11.40413146
2212.00 -50.19412880  11.43423693
2214.00 -50.28779963  11.46439303
2216.00 -50.38154060  11.49459979
2218.00 -50.47535168  11.52485724
2220.00 -50.56923283  11.55516541
2222.00 -50.66318401  11.58552434
2224.00 -50.75720519  11.61593405
2226.00 -50.85129633  11.64639459
2228.00 -50.94545740  11.67690597
2230.00 -51.03968836  11.70746824
2232.00 -51.13398917  11.73808143
2234.00 -51.22835980  11.76874557
2236.00 -51.32280021  11.79946069
2238.00 -51.41731037  11.83022683
2240.00 -51.51189024  11.86104401
2242.00 -51.60653978  11.89191227
2244.00 -51.70125896  11.92283165
2246.00 -51.79604773  11.95380216
2248.00 -51.89090608  11.98482385
2250.00 -51.98583395  12.01589675
2252.00 -52.08083131  12.04702089
2254.00 -52.17589813  12.07819630
2256.00 -52.27103437  12.10942301
2258.00 -52.36623999  12.14070106
2260.00 -52.46151496  12.17203048
2262.00 -52.55685924  12.20341129
2264.00 -52.65227279  12.23484354
2266.00 -52.74775558  12.26632725
2268.00 -52.84330757  12.29786245
2270.00 -52.93892873  12.32944918
2272.00 -53.03461902  12.36108747
2274.00 -53.13037840  12.39277735
2276.00 -53.22620683  12.42451886
2278.00 -53.32210428  12.45631201
2280.00 -53.41807072  12.48815685
2282.00 -53.51410610  12.52005341
2284.00 -53.61021039  12.55200171
2286.00 -53.70638356  12.58400180
2288.00 -53.80262556  12.61605369
2290.00 -53.89893636  12.64815743
2292.00 -53.99531592  12.68031304
2294.00 -54.09176421  12.71252056
2296.00 -54.18828119  12.74478002
2298.00 -54.28486683  12.77709144
2300.00 -54.38152108  12.80945486
2302.00 -54.47824391  12.84187032
2304.00 -54.57503528  12.87433783
2306.00 -54.67189516  12.90685744
2308.00 -54.76882351  12.93942917
2310.00 -54.86582030  12.97205306
2312.00 -54.96288548  13.00472914
2314.00 -55.06001901  13.03745743
2316.00 -55.15722088  13.07023797
2318.00 -55.25449102  13.10307079
2320.00 -55.35182942  13.13595592
2322.00 -55.44923603  13.16889340
2324.00 -55.54671081  13.20188325
2326.00 -55.64425373  13.23492550
2328.00 -55.74186476  13.26802018
2330.00 -55.83954384  13.30116733
2332.00 -55.93729096  13.33436698
2334.00 -56.03510607  13.36761915
2336.00 -56.13298913  13.40092388
2338.00 -56.23094010  13.43428120
2340.00 -56.32895896  13.46769113
2342.00 -56.42704566  13.50115372
2344.00 -56.52520016  13.53466899
2346.00 -56.62342243  13.56823696
2348.00 -56.72171244  13.60185768
2350.00 -56.82007013  13.63553117
2352.00 -56.91849549  13.66925747
2354.00 -57.01698846  13.70303659
2356.00 -57.11554902  13.73686858
2358.00 -57.21417713  13.77075346
2360.00 -57.31287274  13.80469127
2362.00 -57.41163582  13.83868203
2364.00 -57.51046634  13.87272577
2366.00 -57.60936426  13.90682253
2368.00 -57.70832953  13.94097233
2370.00 -57.80736213  13.97517521
2372.00 -57.90646202  14.00943119
2374.00 -58.00562915  14.04374031
2376.00 -58.10486349  14.07810259
2378.00 -58.20416500  14.11251807
2380.00 -58.30353366  14.14698678
2382.00 -58.40296941  14.18150874
2384.00 -58.50247222  14.21608398
2386.00 -58.60204205  14.25071255
2388.00 -58.70167888  14.28539445
2390.00 -58.80138265  14.32012973
2392.00 -58.90115333  14.35491842
2394.00 -59.00099089  14.38976054
2396.00 -59.10089528  14.42465612
2398.00 -59.20086648  14.45960520
2400.00 -59.30090443  14.49460781
2402.00 -59.40100911  14.52966396
2404.00 -59.50118048  14.56477370
2406.00 -59.60141849  14.59993706
2408.00 -59.70172312  14.63515405
2410.00 -59.80209433  14.67042472
2412.00 -59.90253206  14.70574909
2414.00 -60.00303630  14.74112719
2416.00 -60.10360700  14.77655905
2418.00 -60.20424413  14.81204470
2420.00 -60.30494764  14.84758417
2422.00 -60.40571749  14.88317749
2424.00 -60.50655366  14.91882468
2426.00 -60.60745611  14.95452578
2428.00 -60.70842479  14.99028082
2430.00 -60.80945966  15.02608983
2432.00 -60.91056070  15.06195283
2434.00 -61.01172786  15.09786985
2436.00 -61.11296110  15.13384093
2438.00 -61.21426039  15.16986609
2440.00 -61.31562569  15.20594536
2442.00 -61.41705696  15.24207877
2444.00 -61.51855416  15.27826635
2446.00 -61.62011726  15.31450812
2448.00 -61.72174622  15.35080413
2450.00 -61.82344100  15.38715439
2452.00 -61.92520156  15.42355893
2454.00 -62.02702786  15.46001779
2456.00 -62.12891987  15.49653100
2458.00 -62.23087755  15.53309857
2460.00 -62.33290086  15.56972054
2462.00 -62.43498976  15.60639694
2464.00 -62.53714422  15.64312780
2466.00 -62.63936419  15.67991315
2468.00 -62.74164964  15.71675301
2470.00 -62.84400053  15.75364741
2472.00 -62.94641683  15.79059639
2474.00 -63.04889849  15.82759996
2476.00 -63.15144547  15.86465817
2478.00 -63.25405775  15.90177103
2480.00 -63.35673527  15.93893857
2482.00 -63.45947801  15.97616083
2484.00 -63.56228592  16.01343784
2486.00 -63.66515896  16.05076961
2488.00 -63.76809711  16.08815618
2490.00 -63.87110031  16.12559758
2492.00 -63.97416854  16.16309384
2494.00 -64.07730175  16.20064498
2496.00 -64.18049990  16.23825103
2498.00 -64.28376296  16.27591202
2500.00 -64.38709090  16.31362797
2502.00 -64.49048366  16.35139893
2504.00 -64.59394121  16.38922491
2506.00 -64.69746352  16.42710594
2508.00 -64.80105054  16.46504205
2510.00 -64.90470225  16.50303326
2512.00 -65.00841859  16.54107962
2514.00 -65.11219953  16.57918114
2516.00 -65.21604503  16.61733784
2518.00 -65.31995506  16.65554977
2520.00 -65.42392958  16.69381695
2522.00 -65.52796854  16.73213940
2524.00 -65.63207191  16.77051715
2526.00 -65.73623966  16.80895023
2528.00 -65.84047173  16.84743867
2530.00 -65.94476810  16.88598250
2532.00 -66.04912873  16.92458173
2534.00 -66.15355357  16.96323641
2536.00 -66.25804259  17.00194656
2538.00 -66.36259576  17.04071220
2540.00 -66.46721302  17.07953337
2542.00 -66.57189435  17.11841008
2544.00 -66.67663970  17.15734237
2546.00 -66.78144904  17.19633027
2548.00 -66.88632232  17.23537380
2550.00 -66.99125952  17.27447299
2552.00 -67.09626059  17.31362786
2554.00 -67.20132548  17.35283845
2556.00 -67.30645418  17.39210479
2558.00 -67.41164662  17.43142688
2560.00 -67.51690279  17.47080478
2562.00 -67.62222263  17.51023850
2564.00 -67.72760611  17.54972806
2566.00 -67.83305319  17.58927351
2568.00 -67.93856383  17.62887485
2570.00 -68.04413800  17.66853213
2572.00 -68.14977565  17.70824536
2574.00 -68.25547674  17.74801458
2576.00 -68.36124125  17.78783981
2578.00 -68.46706912  17.82772108
2580.00 -68.57296032  17.86765841
2582.00 -68.67891481  17.90765184
2584.00 -68.78493256  17.94770138
2586.00 -68.89101351  17.98780706
2588.00 -68.99715765  18.02796892
2590.00 -69.10336491  18.06818698
2592.00 -69.20963528  18.10846126
2594.00 -69.31596870  18.14879179
2596.00 -69.42236514  18.18917860
2598.00 -69.52882457  18.22962172
2600.00 -69.63534693  18.27012116
2602.00 -69.74193220  18.31067697
2604.00 -69.84858033  18.35128915
2606.00 -69.95529128  18.39195775
2608.00 -70.06206503  18.43268278
2610.00 -70.16890151  18.47346427
2612.00 -70.27580071  18.51430226
2614.00 -70.38276258  18.55519675
2616.00 -70.48978707  18.59614779
2618.00 -70.59687416  18.63715540
2620.00 -70.70402380  18.67821960
2622.00 -70.81123596  18.71934042
2624.00 -70.91851059  18.76051789
2626.00 -71.02584765  18.80175202
2628.00 -71.13324711  18.84304286
2630.00 -71.24070893  18.88439042
2632.00 -71.34823306  18.92579472
2634.00 -71.45581948  18.96725581
2636.00 -71.56346813  19.00877369
2638.00 -71.67117899  19.05034841
2640.00 -71.77895201  19.09197997
2642.00 -71.88678715  19.13366841
2644.00 -71.99468437  19.17541376
2646.00 -72.10264364  19.21721604
2648.00 -72.21066492  19.25907528
2650.00 -72.31874816  19.30099149
2652.00 -72.42689333  19.34296471
2654.00 -72.53510039  19.38499497
2656.00 -72.64336929  19.42708228
2658.00 -72.75170001  19.46922668
2660.00 -72.86009249  19.51142819
2662.00 -72.96854671  19.55368683
2664.00 -73.07706262  19.59600263
2666.00 -73.18564018  19.63837562
2668.00 -73.29427936  19.68080581
2670.00 -73.40298011  19.72329325
2672.00 -73.51174239  19.76583794
2674.00 -73.62056617  19.80843992
2676.00 -73.72945141  19.85109922
2678.00 -73.83839806  19.89381585
2680.00 -73.94740609  19.93658984
2682.00 -74.05647546  19.97942122
2684.00 -74.16560613  20.02231001
2686.00 -74.27479806  20.06525624
2688.00 -74.38405121  20.10825993
2690.00 -74.49336554  20.15132111
2692.00 -74.60274102  20.19443980
2694.00 -74.71217759  20.23761603
2696.00 -74.82167523  20.28084982
2698.00 -74.93123389  20.32414120
2700.00 -75.04085354  20.36749019
2702.00 -75.15053413  20.41089682
2704.00 -75.26027562  20.45436110
2706.00 -75.37007798  20.49788308
2708.00 -75.47994117  20.54146276
2710.00 -75.58986514  20.58510018
2712.00 -75.69984986  20.62879536
2714.00 -75.80989529  20.67254832
2716.00 -75.92000139  20.71635910
2718.00 -76.03016812  20.76022770
2720.00 -76.14039543  20.80415417
2722.00 -76.25068330  20.84813852
2724.00 -76.36103167  20.89218077
2726.00 -76.47144052  20.93628096
2728.00 -76.58190980  20.98043910
2730.00 -76.69243947  21.02465522
2732.00 -76.80302949  21.06892934
2734.00 -76.91367982  21.11326150
2736.00 -77.02439043  21.15765171
2738.00 -77.13516127  21.20209999
2740.00 -77.24599230  21.24660638
2742.00 -77.35688349  21.29117089
2744.00 -77.46783479  21.33579355
2746.00 -77.57884616  21.38047438
2748.00 -77.68991757  21.42521341
2750.00 -77.80104898  21.47001067
2752.00 -77.91224034  21.51486617
2754.00 -78.02349162  21.55977993
2756.00 -78.13480277  21.60475200
2758.00 -78.24617376  21.64978237
2760.00 -78.35760455  21.69487109
2762.00 -78.46909509  21.74001818
2764.00 -78.58064535  21.78522365
2766.00 -78.69225529  21.83048754
2768.00 -78.80392486  21.87580986
2770.00 -78.91565404  21.92119064
2772.00 -79.02744277  21.96662990
2774.00 -79.13929102  22.01212767
2776.00 -79.25119875  22.05768398
2778.00 -79.36316592  22.10329883
2780.00 -79.47519248  22.14897226
2782.00 -79.58727841  22.19470430
2784.00 -79.69942366  22.24049496
2786.00 -79.81162818  22.28634426
2788.00 -79.92389194  22.33225224
2790.00 -80.03621491  22.37821891
2792.00 -80.14859703  22.42424430
2794.00 -80.26103828  22.47032843
2796.00 -80.37353860  22.51647133
2798.00 -80.48609797  22.56267301
2800.00 -80.59871633  22.60893350
2802.00 -80.71139366  22.65525283
2804.00 -80.82412990  22.70163102
2806.00 -80.93692503  22.74806808
2808.00 -81.04977899  22.79456405
2810.00 -81.16269176  22.84111894
2812.00 -81.27566329  22.88773278
2814.00 -81.38869354  22.93440560
2816.00 -81.50178247  22.98113741
2818.00 -81.61493004  23.02792824
2820.00 -81.72813621  23.07477810
2822.00 -81.84140094  23.12168704
2824.00 -81.95472420  23.16865505
2826.00 -82.06810593  23.21568218
2828.00 -82.18154610  23.26276844
2830.00 -82.29504468  23.30991385
2832.00 -82.40860161  23.35711844
2834.00 -82.52221687  23.40438223
2836.00 -82.63589041  23.45170524
2838.00 -82.74962218  23.49908750
2840.00 -82.86341216  23.54652902
2842.00 -82.97726030  23.59402984
2844.00 -83.09116656  23.64158996
2846.00 -83.20513090  23.68920942
2848.00 -83.31915327  23.73688824
2850.00 -83.43323365  23.78462644
2852.00 -83.54737199  23.83242403
2854.00 -83.66156825  23.88028106
2856.00 -83.77582238  23.92819753
2858.00 -83.89013436  23.97617346
2860.00 -84.00450413  24.02420889
2862.00 -84.11893167  24.07230383
2864.00 -84.23341692  24.12045831
2866.00 -84.34795985  24.16867234
2868.00 -84.46256042  24.21694595
2870.00 -84.57721859  24.26527916
2872.00 -84.69193432  24.31367200
2874.00 -84.80670756  24.36212448
2876.00 -84.92153828  24.41063663
2878.00 -85.03642644  24.45920846
2880.00 -85.15137200  24.50784001
2882.00 -85.26637491  24.55653129
2884.00 -85.38143514  24.60528232
2886.00 -85.49655265  24.65409313
2888.00 -85.61172739  24.70296374
2890.00 -85.72695932  24.75189417
2892.00 -85.84224842  24.80088443
2894.00 -85.95759463  24.84993457
2896.00 -86.07299791  24.89904458
2898.00 -86.18845823  24.94821450
2900.00 -86.30397554  24.99744435
2902.00 -86.41954981  25.04673415
2904.00 -86.53518099  25.09608392
2906.00 -86.65086904  25.14549368
2908.00 -86.76661392  25.19496345
2910.00 -86.88241560  25.24449326
2912.00 -86.99827403  25.29408312
2914.00 -87.11418918  25.34373306
2916.00 -87.23016099  25.39344310
2918.00 -87.34618944  25.44321326
2920.00 -87.46227447  25.49304356
2922.00 -87.57841606  25.54293403
2924.00 -87.69461416  25.59288467
2926.00 -87.81086872  25.64289552
2928.00 -87.92717972  25.69296660
2930.00 -88.04354710  25.74309792
2932.00 -88.15997083  25.79328951
2934.00 -88.27645087  25.84354139
2936.00 -88.39298718  25.89385357
2938.00 -88.50957972  25.94422609
2940.00 -88.62622844  25.99465896
2942.00 -88.74293331  26.04515220
2944.00 -88.85969428  26.09570583
2946.00 -88.97651132  26.14631988
2948.00 -89.09338438  26.19699436
2950.00 -89.21031343  26.24772930
2952.00 -89.32729842  26.29852471
2954.00 -89.44433931  26.34938062
2956.00 -89.56143607  26.40029704
2958.00 -89.67858864  26.45127401
2960.00 -89.79579700  26.50231153
2962.00 -89.91306111  26.55340963
2964.00 -90.03038091  26.60456832
2966.00 -90.14775637  26.65578764
2968.00 -90.26518745  26.70706760
2970.00 -90.38267411  26.75840822
2972.00 -90.50021631  26.80980952
2974.00 -90.61781400  26.86127152
2976.00 -90.73546716  26.91279424
2978.00 -90.85317573  26.96437770
2980.00 -90.97093967  27.01602192
2982.00 -91.08875896  27.06772693
2984.00 -91.20663353  27.11949274
2986.00 -91.32456336  27.17131937
2988.00 -91.44254841  27.22320684
2990.00 -91.56058862  27.27515518
2992.00 -91.67868397  27.32716439
2994.00 -91.79683442  27.37923451
2996.00 -91.91503991  27.43136556
2998.00 -92.03330041  27.48355754
3000.00 -92.15161589  27.53581049
3002.00 -92.26998629  27.58812441
3004.00 -92.38841158  27.64049934
3006.00 -92.50689172  27.69293529
3008.00 -92.62542667  27.74543229
3010.00 -92.74401638  27.79799034
3012.00 -92.86266082  27.85060948
3014.00 -92.98135994  27.90328971
3016.00 -93.10011371  27.95603106
3018.00 -93.21892208  28.00883356
3020.00 -93.33778502  28.06169721
3022.00 -93.45670248  28.11462204
3024.00 -93.57567442  28.16760808
3026.00 -93.69470080  28.22065532
3028.00 -93.81378158  28.27376381
3030.00 -93.93291672  28.32693355
3032.00 -94.05210618  28.38016457
3034.00 -94.17134992  28.43345688
3036.00 -94.29064789  28.48681051
3038.00 -94.41000006  28.54022547
3040.00 -94.52940639  28.59370178
3042.00 -94.64886683  28.64723947
3044.00 -94.76838135  28.70083855
3046.00 -94.88794990  28.75449903
3048.00 -95.00757244  28.80822095
3050.00 -95.12724894  28.86200432
3052.00 -95.24697934  28.91584915
3054.00 -95.36676362  28.96975547
3056.00 -95.48660173  29.02372330
3058.00 -95.60649362  29.07775265
3060.00 -95.72643927  29.13184354
3062.00 -95.84643862  29.18599600
3064.00 -95.96649163  29.24021004
3066.00 -96.08659828  29.29448568
3068.00 -96.20675850  29.34882293
3070.00 -96.32697228  29.40322183
3072.00 -96.44723955  29.45768238
3074.00 -96.56756029  29.51220460
3076.00 -96.68793444  29.56678852
3078.00 -96.80836198  29.62143416
3080.00 -96.92884286  29.67614152
3082.00 -97.04937704  29.73091063
3084.00 -97.16996447  29.78574151
3086.00 -97.29060513  29.84063418
3088.00 -97.41129896  29.89558865
3090.00 -97.53204592  29.95060494
3092.00 -97.65284598  30.00568308
3094.00 -97.77369909  30.06082307
3096.00 -97.89460521  30.11602495
3098.00 -98.01556431  30.17128872
3100.00 -98.13657634  30.22661440
3102.00 -98.25764126  30.28200202
3104.00 -98.37875902  30.33745159
3106.00 -98.49992960  30.39296313
3108.00 -98.62115294  30.44853666
3110.00 -98.74242901  30.50417219
3112.00 -98.86375777  30.55986975
3114.00 -98.98513916  30.61562935
3116.00 -99.10657317  30.67145101
3118.00 -99.22805973  30.72733474
3120.00 -99.34959882  30.78328057
3122.00 -99.47119039  30.83928852
3124.00 -99.59283439  30.89535859
3126.00 -99.71453080  30.95149082
3128.00 -99.83627957  31.00768521
3130.00 -99.95808065  31.06394179
3132.00 -100.07993401  31.12026057
3134.00 -100.20183960  31.17664157
3136.00 -100.32379738  31.23308481
3138.00 -100.44580732  31.28959030
3140.00 -100.56786938  31.34615807
3142.00 -100.68998350  31.40278812
3144.00 -100.81214965  31.45948049
3146.00 -100.93436780  31.51623518
3148.00 -101.05663789  31.57305222
3150.00 -101.17895988  31.62993161
3152.00 -101.30133375  31.68687339
3154.00 -101.42375944  31.74387755
3156.00 -101.54623691  31.80094414
3158.00 -101.66876613  31.85807315
3160.00 -101.79134705  31.91526461
3162.00 -101.91397963  31.97251853
3164.00 -102.03666383  32.02983494
3166.00 -102.15939961  32.08721384
3168.00 -102.28218692  32.14465527
3170.00 -102.40502574  32.20215922
3172.00 -102.52791601  32.25972573
3174.00 -102.65085770  32.31735480
3176.00 -102.77385075  32.37504646
3178.00 -102.89689515  32.43280072
3180.00 -103.01999083  32.49061759
3182.00 -103.14313777  32.54849711
3184.00 -103.26633591  32.60643927
3186.00 -103.38958523  32.66444411
3188.00 -103.51288567  32.72251163
3190.00 -103.63623719  32.78064185
3192.00 -103.75963977  32.83883479
3194.00 -103.88309334  32.89709047
3196.00 -104.00659789  32.95540890
3198.00 -104.13015335  33.01379010
3200.00 -104.25375969  33.07223409
3202.00 -104.37741688  33.13074088
3204.00 -104.50112486  33.18931049
3206.00 -104.62488360  33.24794294
3208.00 -104.74869306  33.30663824
3210.00 -104.87255320  33.36539641
3212.00 -104.99646397  33.42421746
3214.00 -105.12042533  33.48310142
3216.00 -105.24443724  33.54204829
3218.00 -105.36849967  33.60105810
3220.00 -105.49261257  33.66013086
3222.00 -105.61677589  33.71926658
3224.00 -105.74098961  33.77846529
3226.00 -105.86525367  33.83772700
3228.00 -105.98956804  33.89705173
3230.00 -106.11393267  33.95643948
3232.00 -106.23834753  34.01589029
3234.00 -106.36281256  34.07540416
3236.00 -106.48732774  34.13498111
3238.00 -106.61189302  34.19462115
3240.00 -106.73650836  34.25432431
3242.00 -106.86117372  34.31409060
3244.00 -106.98588905  34.37392003
3246.00 -107.11065432  34.43381262
3248.00 -107.23546949  34.49376838
3250.00 -107.36033450  34.55378734
3252.00 -107.48524933  34.61386951
3254.00 -107.61021394  34.67401490
3256.00 -107.73522827  34.73422353
3258.00 -107.86029229  34.79449541
3260.00 -107.98540595  34.85483056
3262.00 -108.11056923  34.91522900
3264.00 -108.23578207  34.97569074
3266.00 -108.36104443  35.03621580
3268.00 -108.48635628  35.09680419
3270.00 -108.61171757  35.15745593
3272.00 -108.73712826  35.21817103
3274.00 -108.86258831  35.27894951
3276.00 -108.98809768  35.33979139
3278.00 -109.11365632  35.40069668
3280.00 -109.23926421  35.46166539
3282.00 -109.36492128  35.52269754
3284.00 -109.49062751  35.58379315
3286.00 -109.61638286  35.64495223
3288.00 -109.74218727  35.70617479
3290.00 -109.86804071  35.76746086
3292.00 -109.99394315  35.82881045
3294.00 -110.11989453  35.89022356
3296.00 -110.24589482  35.95170023
3298.00 -110.37194397  36.01324045
3300.00 -110.49804195  36.07484425
3302.00 -110.62418871  36.13651165
3304.00 -110.75038422  36.19824265
3306.00 -110.87662842  36.26003727
3308.00 -111.00292129  36.32189553
3310.00 -111.12926277  36.38381745
3312.00 -111.25565283  36.44580303
3314.00 -111.38209143  36.50785229
3316.00 -111.50857852  36.56996524
3318.00 -111.63511406  36.63214191
3320.00 -111.76169802  36.69438230
3322.00 -111.88833035  36.75668644
3324.00 -112.01501100  36.81905432
3326.00 -112.14173995  36.88148598
3328.00 -112.26851715  36.94398142
3330.00 -112.39534255  37.00654066
3332.00 -112.52221612  37.06916372
3334.00 -112.64913781  37.13185060
3336.00 -112.77610758  37.19460132
3338.00 -112.90312540  37.25741590
3340.00 -113.03019121  37.32029436
3342.00 -113.15730499  37.38323669
3344.00 -113.28446668  37.44624293
3346.00 -113.41167625  37.50931308
3348.00 -113.53893365  37.57244716
3350.00 -113.66623885  37.63564518
3352.00 -113.79359181  37.69890716
3354.00 -113.92099247  37.76223311
3356.00 -114.04844081  37.82562304
3358.00 -114.17593677  37.88907697
3360.00 -114.30348033  37.95259492
3362.00 -114.43107143  38.01617689
3364.00 -114.55871004  38.07982291
3366.00 -114.68639611  38.14353298
3368.00 -114.81412960  38.20730712
3370.00 -114.94191048  38.27114534
3372.00 -115.06973870  38.33504766
3374.00 -115.19761422  38.39901409
3376.00 -115.32553699  38.46304464
3378.00 -115.45350699  38.52713933
3380.00 -115.58152416  38.59129818
3382.00 -115.70958847  38.65552119
3384.00 -115.83769986  38.71980838
3386.00 -115.96585832  38.78415976
3388.00 -116.09406378  38.84857535
3390.00 -116.22231621  38.91305517
3392.00 -116.35061557  38.97759921
3394.00 -116.47896182  39.04220750
3396.00 -116.60735492  39.10688006
3398.00 -116.73579482  39.17161689
3400.00 -116.86428149  39.23641800
3402.00 -116.99281488  39.30128342
3404.00 -117.12139495  39.36621316
3406.00 -117.25002166  39.43120722
3408.00 -117.37869496  39.49626562
3410.00 -117.50741483  39.56138838
3412.00 -117.63618122  39.62657550
3414.00 -117.76499407  39.69182701
3416.00 -117.89385337  39.75714291
3418.00 -118.02275905  39.82252322
3420.00 -118.15171109  39.88796795
3422.00 -118.28070944  39.95347712
3424.00 -118.40975406  40.01905073
3426.00 -118.53884491  40.08468880
3428.00 -118.66798194  40.15039134
3430.00 -118.79716512  40.21615837
3432.00 -118.92639440  40.28198990
3434.00 -119.05566975  40.34788594
3436.00 -119.18499112  40.41384650
3438.00 -119.31435847  40.47987161
3440.00 -119.44377176  40.54596126
3442.00 -119.57323094  40.61211547
3444.00 -119.70273599  40.67833427
3446.00 -119.83228685  40.74461765
3448.00 -119.96188349  40.81096563
3450.00 -120.09152585  40.87737822
3452.00 -120.22121392  40.94385544
3454.00 -120.35094763  41.01039731
3456.00 -120.48072695  41.07700382
3458.00 -120.61055184  41.14367499
3460.00 -120.74042226  41.21041085
3462.00 -120.87033817  41.27721139
3464.00 -121.00029952  41.34407664
3466.00 -121.13030627  41.41100659
3468.00 -121.26035839  41.47800128
3470.00 -121.39045583  41.54506070
3472.00 -121.52059854  41.61218488
3474.00 -121.65078650  41.67937382
3476.00 -121.78101966  41.74662753
3478.00 -121.91129797  41.81394603
3480.00 -122.04162140  41.88132934
3482.00 -122.17198990  41.94877745
3484.00 -122.30240343  42.01629039
3486.00 -122.43286196  42.08386816
3488.00 -122.56336544  42.15151079
3490.00 -122.69391382  42.21921827
3492.00 -122.82450708  42.28699063
3494.00 -122.95514516  42.35482787
3496.00 -123.08582803  42.42273000
3498.00 -123.21655564  42.49069705
3500.00 -123.34732796  42.55872902
3502.00 -123.47814494  42.62682591
3504.00 -123.60900654  42.69498776
3506.00 -123.73991272  42.76321455
3508.00 -123.87086344  42.83150632
3510.00 -124.00185865  42.89986306
3512.00 -124.13289833  42.96828480
3514.00 -124.26398241  43.03677154
3516.00 -124.39511088  43.10532329
3518.00 -124.52628367  43.17394007
3520.00 -124.65750076  43.24262188
3522.00 -124.78876209  43.31136874
3524.00 -124.92006764  43.38018067
3526.00 -125.05141735  43.44905766
3528.00 -125.18281120  43.51799974
3530.00 -125.31424912  43.58700692
3532.00 -125.44573110  43.65607920
3534.00 -125.57725707  43.72521659
3536.00 -125.70882701  43.79441912
3538.00 -125.84044087  43.86368679
3540.00 -125.97209861  43.93301960
3542.00 -126.10380019  44.00241758
3544.00 -126.23554556  44.07188074
3546.00 -126.36733470  44.14140908
3548.00 -126.49916754  44.21100261
3550.00 -126.63104407  44.28066135
3552.00 -126.76296422  44.35038531
3554.00 -126.89492797  44.42017450
3556.00 -127.02693527  44.49002893
3558.00 -127.15898608  44.55994861
3560.00 -127.29108035  44.62993356
3562.00 -127.42321806  44.69998377
3564.00 -127.55539915  44.77009927
3566.00 -127.68762358  44.84028007
3568.00 -127.81989132  44.91052617
3570.00 -127.95220233  44.98083758
3572.00 -128.08455655  45.05121433
3574.00 -128.21695396  45.12165641
3576.00 -128.34939450  45.19216384
3578.00 -128.48187815  45.26273663
3580.00 -128.61440485  45.33337479
3582.00 -128.74697456  45.40407834
3584.00 -128.87958726  45.47484727
3586.00 -129.01224288  45.54568160
3588.00 -129.14494140  45.61658135
3590.00 -129.27768277  45.68754652
3592.00 -129.41046695  45.75857712
3594.00 -129.54329390  45.82967317
3596.00 -129.67616358  45.90083467
3598.00 -129.80907595  45.97206163
3600.00 -129.94203096  46.04335407
3602.00 -130.07502858  46.11471200
3604.00 -130.20806876  46.18613542
3606.00 -130.34115147  46.25762434
3608.00 -130.47427666  46.32917879
3610.00 -130.60744429  46.40079875
3612.00 -130.74065431  46.47248426
3614.00 -130.87390670  46.54423531
3616.00 -131.00720141  46.61605191
3618.00 -131.14053839  46.68793409
3620.00 -131.27391760  46.75988184
3622.00 -131.40733902  46.83189517
3624.00 -131.54080258  46.90397411
3626.00 -131.67430826  46.97611865
3628.00 -131.80785601  47.04832880
3630.00 -131.94144579  47.12060458
3632.00 -132.07507755  47.19294600
3634.00 -132.20875127  47.26535307
3636.00 -132.34246689  47.33782578
3638.00 -132.47622438  47.41036417
3640.00 -132.61002370  47.48296823
3642.00 -132.74386480  47.55563797
3644.00 -132.87774764  47.62837341
3646.00 -133.01167218  47.70117456
3648.00 -133.14563838  47.77404142
3650.00 -133.27964621  47.84697400
3652.00 -133.41369561  47.91997231
3654.00 -133.54778655  47.99303637
3656.00 -133.68191899  48.06616618
3658.00 -133.81609289  48.13936174
3660.00 -133.95030820  48.21262309
3662.00 -134.08456488  48.28595021
3664.00 -134.21886289  48.35934312
3666.00 -134.35320220  48.43280183
3668.00 -134.48758276  48.50632634
3670.00 -134.62200453  48.57991668
3672.00 -134.75646747  48.65357284
3674.00 -134.89097153  48.72729484
3676.00 -135.02551668  48.80108268
3678.00 -135.16010288  48.87493638
3680.00 -135.29473009  48.94885594
3682.00 -135.42939825  49.02284137
3684.00 -135.56410735  49.09689269
3686.00 -135.69885732  49.17100989
3688.00 -135.83364813  49.24519300
3690.00 -135.96847975  49.31944201
3692.00 -136.10335212  49.39375695
3694.00 -136.23826521  49.46813780
3696.00 -136.37321898  49.54258460
3698.00 -136.50821339  49.61709734
3700.00 -136.64324839  49.69167603
3702.00 -136.77832395  49.76632068
3704.00 -136.91344002  49.84103130
3706.00 -137.04859656  49.91580791
3708.00 -137.18379354  49.99065050
3710.00 -137.31903090  50.06555908
3712.00 -137.45430862  50.14053368
3714.00 -137.58962664  50.21557428
3716.00 -137.72498494  50.29068091
3718.00 -137.86038346  50.36585358
3720.00 -137.99582217  50.44109228
3722.00 -138.13130102  50.51639703
3724.00 -138.26681998  50.59176783
3726.00 -138.40237900  50.66720470
3728.00 -138.53797804  50.74270765
3730.00 -138.67361707  50.81827667
3732.00 -138.80929604  50.89391179
3734.00 -138.94501491  50.96961300
3736.00 -139.08077364  51.04538033
3738.00 -139.21657218  51.12121376
3740.00 -139.35241051  51.19711332
3742.00 -139.48828857  51.27307902
3744.00 -139.62420633  51.34911085
3746.00 -139.76016374  51.42520883
3748.00 -139.89616077  51.50137296
3750.00 -140.03219737  51.57760326
3752.00 -140.16827350  51.65389973
3754.00 -140.30438913  51.73026239
3756.00 -140.44054420  51.80669123
3758.00 -140.57673869  51.88318626
3760.00 -140.71297255  51.95974750
3762.00 -140.84924573  52.03637495
3764.00 -140.98555821  52.11306863
3766.00 -141.12190993  52.18982853
3768.00 -141.25830085  52.26665466
3770.00 -141.39473095  52.34354704
3772.00 -141.53120017  52.42050567
3774.00 -141.66770847  52.49753056
3776.00 -141.80425581  52.57462171
3778.00 -141.94084216  52.65177914
3780.00 -142.07746747  52.72900285
3782.00 -142.21413170  52.80629285
3784.00 -142.35083481  52.88364915
3786.00 -142.48757676  52.96107175
3788.00 -142.62435751  53.03856066
3790.00 -142.76117702  53.11611590
3792.00 -142.89803524  53.19373746
3794.00 -143.03493214  53.27142535
3796.00 -143.17186768  53.34917959
3798.00 -143.30884181  53.42700017
3800.00 -143.44585450  53.50488712
3802.00 -143.58290570  53.58284042
3804.00 -143.71999537  53.66086010
3806.00 -143.85712348  53.73894616
3808.00 -143.99428997  53.81709860
3810.00 -144.13149482  53.89531743
3812.00 -144.26873798  53.97360266
3814.00 -144.40601941  54.05195431
3816.00 -144.54333907  54.13037236
3818.00 -144.68069691  54.20885684
3820.00 -144.81809291  54.28740774
3822.00 -144.95552701  54.36602508
3824.00 -145.09299917  54.44470887
3826.00 -145.23050936  54.52345910
3828.00 -145.36805754  54.60227579
3830.00 -145.50564366  54.68115894
3832.00 -145.64326769  54.76010856
3834.00 -145.78092958  54.83912466
3836.00 -145.91862929  54.91820725
3838.00 -146.05636678  54.99735632
3840.00 -146.19414202  55.07657189
3842.00 -146.33195495  55.15585396
3844.00 -146.46980555  55.23520255
3846.00 -146.60769376  55.31461765
3848.00 -146.74561956  55.39409928
3850.00 -146.88358289  55.47364744
3852.00 -147.02158372  55.55326213
3854.00 -147.15962201  55.63294337
3856.00 -147.29769771  55.71269116
3858.00 -147.43581079  55.79250551
3860.00 -147.57396121  55.87238642
3862.00 -147.71214892  55.95233390
3864.00 -147.85037389  56.03234796
3866.00 -147.98863607  56.11242859
3868.00 -148.12693542  56.19257582
3870.00 -148.26527191  56.27278964
3872.00 -148.40364549  56.35307007
3874.00 -148.54205612  56.43341710
3876.00 -148.68050376  56.51383075
3878.00 -148.81898837  56.59431102
3880.00 -148.95750992  56.67485791
3882.00 -149.09606835  56.75547143
3884.00 -149.23466363  56.83615160
3886.00 -149.37329573  56.91689841
3888.00 -149.51196459  56.99771187
3890.00 -149.65067018  57.07859199
3892.00 -149.78941245  57.15953877
3894.00 -149.92819138  57.24055222
3896.00 -150.06700691  57.32163234
3898.00 -150.20585900  57.40277915
3900.00 -150.34474763  57.48399264
3902.00 -150.48367274  57.56527283
3904.00 -150.62263429  57.64661971
3906.00 -150.76163225  57.72803330
3908.00 -150.90066657  57.80951360
3910.00 -151.03973721  57.89106061
3912.00 -151.17884414  57.97267435
3914.00 -151.31798732  58.05435481
3916.00 -151.45716669  58.13610200
3918.00 -151.59638223  58.21791594
3920.00 -151.73563389  58.29979662
3922.00 -151.87492163  58.38174405
3924.00 -152.01424541  58.46375823
3926.00 -152.15360519  58.54583917
3928.00 -152.29300094  58.62798688
3930.00 -152.43243260  58.71020137
3932.00 -152.57190015  58.79248263
3934.00 -152.71140353  58.87483067
3936.00 -152.85094271  58.95724550
3938.00 -152.99051765  59.03972713
3940.00 -153.13012831  59.12227555
3942.00 -153.26977465  59.20489078
3944.00 -153.40945663  59.28757281
3946.00 -153.54917420  59.37032166
3948.00 -153.68892733  59.45313733
3950.00 -153.82871598  59.53601983
3952.00 -153.96854011  59.61896916
3954.00 -154.10839967  59.70198532
3956.00 -154.24829463  59.78506832
3958.00 -154.38822494  59.86821816
3960.00 -154.52819057  59.95143486
3962.00 -154.66819148  60.03471842
3964.00 -154.80822762  60.11806883
3966.00 -154.94829896  60.20148611
3968.00 -155.08840545  60.28497026
3970.00 -155.22854706  60.36852128
3972.00 -155.36872374  60.45213919
3974.00 -155.50893546  60.53582398
3976.00 -155.64918217  60.61957566
3978.00 -155.78946383  60.70339423
3980.00 -155.92978041  60.78727970
3982.00 -156.07013187  60.87123208
3984.00 -156.21051815  60.95525137
3986.00 -156.35093923  61.03933757
3988.00 -156.49139507  61.12349069
3990.00 -156.63188561  61.20771073
3992.00 -156.77241083  61.29199770
3994.00 -156.91297069  61.37635160
3996.00 -157.05356513  61.46077244
3998.00 -157.19419413  61.54526021
4000.00 -157.33485764  61.62981494
4002.00 -157.47555562  61.71443661
4004.00 -157.61628804  61.79912524
4006.00 -157.75705485  61.88388083
4008.00 -157.89785601  61.96870338
4010.00 -158.03869148  62.05359289
4012.00 -158.17956123  62.13854938
4014.00 -158.32046521  62.22357285
4016.00 -158.46140338  62.30866330
4018.00 -158.60237570  62.39382073
4020.00 -158.74338214  62.47904515
4022.00 -158.88442264  62.56433656
4024.00 -159.02549718  62.64969497
4026.00 -159.16660571  62.73512038
4028.00 -159.30774820  62.82061280
4030.00 -159.44892459  62.90617222
4032.00 -159.59013486  62.99179866
4034.00 -159.73137896  63.07749212
4036.00 -159.87265685  63.16325260
4038.00 -160.01396849  63.24908010
4040.00 -160.15531385  63.33497463
4042.00 -160.29669288  63.42093620
4044.00 -160.43810554  63.50696480
4046.00 -160.57955179  63.59306045
4048.00 -160.72103160  63.67922314
4050.00 -160.86254492  63.76545287
4052.00 -161.00409171  63.85174966
4054.00 -161.14567194  63.93811351
4056.00 -161.28728556  64.02454442
4058.00 -161.42893253  64.11104239
4060.00 -161.57061281  64.19760742
4062.00 -161.71232637  64.28423953
4064.00 -161.85407316  64.37093871
4066.00 -161.99585315  64.45770497
4068.00 -162.13766629  64.54453832
4070.00 -162.27951254  64.63143874
4072.00 -162.42139187  64.71840626
4074.00 -162.56330423  64.80544087
4076.00 -162.70524959  64.89254257
4078.00 -162.84722790  64.97971137
4080.00 -162.98923912  65.06694727
4082.00 -163.13128323  65.15425028
4084.00 -163.27336016  65.24162040
4086.00 -163.41546990  65.32905763
4088.00 -163.55761239  65.41656198
4090.00 -163.69978759  65.50413344
4092.00 -163.84199547  65.59177203
4094.00 -163.98423599  65.67947774
4096.00 -164.12650911  65.76725058
4098.00 -164.26881478  65.85509055
4100.00 -164.41115297  65.94299766
4102.00 -164.55352364  66.03097190
4104.00 -164.69592674  66.11901329
4106.00 -164.83836225  66.20712181
4108.00 -164.98083011  66.29529749
4110.00 -165.12333030  66.38354031
4112.00 -165.26586276  66.47185029
4114.00 -165.40842746  66.56022742
4116.00 -165.55102436  66.64867171
4118.00 -165.69365343  66.73718316
4120.00 -165.83631461  66.82576178
4122.00 -165.97900788  66.91440756
4124.00 -166.12173318  67.00312052
4126.00 -166.26449049  67.09190064
4128.00 -166.40727976  67.18074794
4130.00 -166.55010096  67.26966242
4132.00 -166.69295404  67.35864408
4134.00 -166.83583896  67.44769292
4136.00 -166.97875569  67.53680895
4138.00 -167.12170418  67.62599217
4140.00 -167.26468439  67.71524258
4142.00 -167.40769630  67.80456018
4144.00 -167.55073984  67.89394498
4146.00 -167.69381500  67.98339697
4148.00 -167.83692172  68.07291617
4150.00 -167.98005997  68.16250257
4152.00 -168.12322971  68.25215618
4154.00 -168.26643089  68.34187699
4156.00 -168.40966349  68.43166502
4158.00 -168.55292745  68.52152026
4160.00 -168.69622275  68.61144271
4162.00 -168.83954934  68.70143238
4164.00 -168.98290717  68.79148927
4166.00 -169.12629622  68.88161339
4168.00 -169.26971644  68.97180472
4170.00 -169.41316780  69.06206329
4172.00 -169.55665025  69.15238908
4174.00 -169.70016375  69.24278210
4176.00 -169.84370827  69.33324236
4178.00 -169.98728376  69.42376985
4180.00 -170.13089019  69.51436458
4182.00 -170.27452752  69.60502654
4184.00 -170.41819571  69.69575575
4186.00 -170.56189471  69.78655220
4188.00 -170.70562449  69.87741589
4190.00 -170.84938501  69.96834683
4192.00 -170.99317623  70.05934502
4194.00 -171.13699812  70.15041046
4196.00 -171.28085062  70.24154316
4198.00 -171.42473371  70.33274310
4200.00 -171.56864734  70.42401030
4202.00 -171.71259147  70.51534476
4204.00 -171.85656607  70.60674648
4206.00 -172.00057109  70.69821546
4208.00 -172.14460650  70.78975170
4210.00 -172.28867226  70.88135521
4212.00 -172.43276832  70.97302598
4214.00 -172.57689465  71.06476402
4216.00 -172.72105121  71.15656933
4218.00 -172.86523797  71.24844191
4220.00 -173.00945487  71.34038176
4222.00 -173.15370188  71.43238889
4224.00 -173.29797897  71.52446329
4226.00 -173.44228609  71.61660496
4228.00 -173.58662321  71.70881392
4230.00 -173.73099028  71.80109015
4232.00 -173.87538726  71.89343366
4234.00 -174.01981412  71.98584446
4236.00 -174.16427082  72.07832254
4238.00 -174.30875732  72.17086790
4240.00 -174.45327358  72.26348055
4242.00 -174.59781956  72.35616049
4244.00 -174.74239522  72.44890771
4246.00 -174.88700053  72.54172222
4248.00 -175.03163543  72.63460403
4250.00 -175.17629990  72.72755312
4252.00 -175.32099390  72.82056951
4254.00 -175.46571738  72.91365319
4256.00 -175.61047031  73.00680417
4258.00 -175.75525265  73.10002244
4260.00 -175.90006436  73.19330801
4262.00 -176.04490540  73.28666088
4264.00 -176.18977573  73.38008104
4266.00 -176.33467531  73.47356851
4268.00 -176.47960410  73.56712327
4270.00 -176.62456207  73.66074534
4272.00 -176.76954918  73.75443471
4274.00 -176.91456538  73.84819138
4276.00 -177.05961064  73.94201536
4278.00 -177.20468492  74.03590664
4280.00 -177.34978818  74.12986522
4282.00 -177.49492038  74.22389111
4284.00 -177.64008148  74.31798431
4286.00 -177.78527144  74.41214482
4288.00 -177.93049023  74.50637263
4290.00 -178.07573781  74.60066775
4292.00 -178.22101413  74.69503018
4294.00 -178.36631916  74.78945993
4296.00 -178.51165286  74.88395698
4298.00 -178.65701519  74.97852134
4300.00 -178.80240611  75.07315301
4302.00 -178.94782559  75.16785200
4304.00 -179.09327358  75.26261829
4306.00 -179.23875004  75.35745190
4308.00 -179.38425494  75.45235282
4310.00 -179.52978824  75.54732106
4312.00 -179.67534990  75.64235661
4314.00 -179.82093988  75.73745947
4316.00 -179.96655814  75.83262965
4318.00 -180.11220464  75.92786714
4320.00 -180.25787935  76.02317194
4322.00 -180.40358222  76.11854406
4324.00 -180.54931322  76.21398350
4326.00 -180.69507231  76.30949025
4328.00 -180.84085944  76.40506431
4330.00 -180.98667459  76.50070569
4332.00 -181.13251771  76.59641439
4334.00 -181.27838877  76.69219040
4336.00 -181.42428772  76.78803373
4338.00 -181.57021452  76.88394437
4340.00 -181.71616915  76.97992232
4342.00 -181.86215155  77.07596760
4344.00 -182.00816170  77.17208019
4346.00 -182.15419954  77.26826009
4348.00 -182.30026506  77.36450731
4350.00 -182.44635819  77.46082184
4352.00 -182.59247891  77.55720369
4354.00 -182.73862719  77.65365285
4356.00 -182.88480297  77.75016933
4358.00 -183.03100622  77.84675312
4360.00 -183.17723690  77.94340422
4362.00 -183.32349498  78.04012264
4364.00 -183.46978042  78.13690837
4366.00 -183.61609317  78.23376141
4368.00 -183.76243320  78.33068177
4370.00 -183.90880047  78.42766944
4372.00 -184.05519495  78.52472441
4374.00 -184.20161659  78.62184670
4376.00 -184.34806535  78.71903631
4378.00 -184.49454120  78.81629322
4380.00 -184.64104410  78.91361744
4382.00 -184.78757401  79.01100897
4384.00 -184.93413089  79.10846780
4386.00 -185.08071470  79.20599395
4388.00 -185.22732541  79.30358740
4390.00 -185.37396298  79.40124816
4392.00 -185.52062736  79.49897623
4394.00 -185.66731853  79.59677160
4396.00 -185.81403643  79.69463427
4398.00 -185.96078104  79.79256425
4400.00 -186.10755232  79.89056153
4402.00 -186.25435022  79.98862611
4404.00 -186.40117471  80.08675800
4406.00 -186.54802576  80.18495718
4408.00 -186.69490331  80.28322366
4410.00 -186.84180734  80.38155745
4412.00 -186.98873781  80.47995853
4414.00 -187.13569467  80.57842691
4416.00 -187.28267790  80.67696258
4418.00 -187.42968744  80.77556555
4420.00 -187.57672327  80.87423581
4422.00 -187.72378534  80.97297336
4424.00 -187.87087363  81.07177821
4426.00 -188.01798808  81.17065034
4428.00 -188.16512866  81.26958977
4430.00 -188.31229533  81.36859648
4432.00 -188.45948806  81.46767049
4434.00 -188.60670681  81.56681177
4436.00 -188.75395153  81.66602034
4438.00 -188.90122219  81.76529620
4440.00 -189.04851876  81.86463934
4442.00 -189.19584119  81.96404975
4444.00 -189.34318945  82.06352745
4446.00 -189.49056350  82.16307243
4448.00 -189.63796329  82.26268468
4450.00 -189.78538880  82.36236421
4452.00 -189.93283999  82.46211101
4454.00 -190.08031681  82.56192509
4456.00 -190.22781923  82.66180643
4458.00 -190.37534721  82.76175505
4460.00 -190.52290071  82.86177093
4462.00 -190.67047970  82.96185409
4464.00 -190.81808413  83.06200450
4466.00 -190.96571398  83.16222218
4468.00 -191.11336919  83.26250712
4470.00 -191.26104974  83.36285932
4472.00 -191.40875558  83.46327878
4474.00 -191.55648668  83.56376550
4476.00 -191.70424301  83.66431947
4478.00 -191.85202451  83.76494070
4480.00 -191.99983115  83.86562918
4482.00 -192.14766291  83.96638491
4484.00 -192.29551973  84.06720788
4486.00 -192.44340158  84.16809810
4488.00 -192.59130843  84.26905557
4490.00 -192.73924023  84.37008028
4492.00 -192.88719695  84.47117223
4494.00 -193.03517854  84.57233142
4496.00 -193.18318499  84.67355785
4498.00 -193.33121623  84.77485151
4500.00 -193.47927224  84.87621240
4502.00 -193.62735298  84.97764053
4504.00 -193.77545841  85.07913588
4506.00 -193.92358850  85.18069846
4508.00 -194.07174320  85.28232827
4510.00 -194.21992248  85.38402529
4512.00 -194.36812630  85.48578954
4514.00 -194.51635462  85.58762101
4516.00 -194.66460741  85.68951969
4518.00 -194.81288463  85.79148559
4520.00 -194.96118623  85.89351870
4522.00 -195.10951219  85.99561902
4524.00 -195.25786247  86.09778654
4526.00 -195.40623702  86.20002127
4528.00 -195.55463581  86.30232321
4530.00 -195.70305881  86.40469234
4532.00 -195.85150597  86.50712867
4534.00 -195.99997726  86.60963220
4536.00 -196.14847264  86.71220292
4538.00 -196.29699207  86.81484083
4540.00 -196.44553551  86.91754593
4542.00 -196.59410294  87.02031822
4544.00 -196.74269430  87.12315769
4546.00 -196.89130957  87.22606433
4548.00 -197.03994870  87.32903816
4550.00 -197.18861166  87.43207917
4552.00 -197.33729842  87.53518734
4554.00 -197.48600892  87.63836269
4556.00 -197.63474314  87.74160520
4558.00 -197.78350104  87.84491488
4560.00 -197.93228258  87.94829172
4562.00 -198.08108773  88.05173572
4564.00 -198.22991644  88.15524688
4566.00 -198.37876868  88.25882519
4568.00 -198.52764442  88.36247066
4570.00 -198.67654360  88.46618327
4572.00 -198.82546621  88.56996303
4574.00 -198.97441220  88.67380993
4576.00 -199.12338153  88.77772397
4578.00 -199.27237416  88.88170515
4580.00 -199.42139007  88.98575346
4582.00 -199.57042920  89.08986890
4584.00 -199.71949153  89.19405147
4586.00 -199.86857702  89.29830117
4588.00 -200.01768562  89.40261799
4590.00 -200.16681731  89.50700193
4592.00 -200.31597205  89.61145298
4594.00 -200.46514979  89.71597115
4596.00 -200.61435051  89.82055643
4598.00 -200.76357416  89.92520881
4600.00 -200.91282070  90.02992830
4602.00 -201.06209011  90.13471489
4604.00 -201.21138234  90.23956857
4606.00 -201.36069735  90.34448935
4608.00 -201.51003512  90.44947722
4610.00 -201.65939559  90.55453218
4612.00 -201.80877875  90.65965422
4614.00 -201.95818454  90.76484334
4616.00 -202.10761293  90.87009954
4618.00 -202.25706388  90.97542282
4620.00 -202.40653736  91.08081316
4622.00 -202.55603333  91.18627058
4624.00 -202.70555176  91.29179506
4626.00 -202.85509260  91.39738659
4628.00 -203.00465582  91.50304519
4630.00 -203.15424138  91.60877084
4632.00 -203.30384925  91.71456353
4634.00 -203.45347938  91.82042328
4636.00 -203.60313175  91.92635007
4638.00 -203.75280631  92.03234390
4640.00 -203.90250303  92.13840476
4642.00 -204.05222188  92.24453265
4644.00 -204.20196280  92.35072758
4646.00 -204.35172578  92.45698953
4648.00 -204.50151076  92.56331850
4650.00 -204.65131772  92.66971448
4652.00 -204.80114662  92.77617749
4654.00 -204.95099741  92.88270750
4656.00 -205.10087007  92.98930451
4658.00 -205.25076456  93.09596853
4660.00 -205.40068084  93.20269955
4662.00 -205.55061887  93.30949756
4664.00 -205.70057862  93.41636257
4666.00 -205.85056005  93.52329456
4668.00 -206.00056312  93.63029353
4670.00 -206.15058780  93.73735948
4672.00 -206.30063405  93.84449241
4674.00 -206.45070183  93.95169231
4676.00 -206.60079111  94.05895917
4678.00 -206.75090186  94.16629300
4680.00 -206.90103402  94.27369379
4682.00 -207.05118757  94.38116153
4684.00 -207.20136248  94.48869622
4686.00 -207.35155870  94.59629786
4688.00 -207.50177619  94.70396644
4690.00 -207.65201493  94.81170196
4692.00 -207.80227487  94.91950442
4694.00 -207.95255598  95.02737380
4696.00 -208.10285822  95.13531011
4698.00 -208.25318156  95.24331334
4700.00 -208.40352596  95.35138349
4702.00 -208.55389137  95.45952055
4704.00 -208.70427778  95.56772452
4706.00 -208.85468513  95.67599540
4708.00 -209.00511340  95.78433317
4710.00 -209.15556255  95.89273784
4712.00 -209.30603253  96.00120940
4714.00 -209.45652332  96.10974785
4716.00 -209.60703488  96.21835318
4718.00 -209.75756716  96.32702538
4720.00 -209.90812015  96.43576446
4722.00 -210.05869379  96.54457041
4724.00 -210.20928805  96.65344323
4726.00 -210.35990291  96.76238290
4728.00 -210.51053831  96.87138943
4730.00 -210.66119422  96.98046280
4732.00 -210.81187061  97.08960303
4734.00 -210.96256745  97.19881009
4736.00 -211.11328469  97.30808399
4738.00 -211.26402229  97.41742473
4740.00 -211.41478023  97.52683229
4742.00 -211.56555847  97.63630667
4744.00 -211.71635697  97.74584787
4746.00 -211.86717569  97.85545588
4748.00 -212.01801460  97.96513071
4750.00 -212.16887366  98.07487233
4752.00 -212.31975284  98.18468075
4754.00 -212.47065209  98.29455597
4756.00 -212.62157139  98.40449797
4758.00 -212.77251070  98.51450676
4760.00 -212.92346998  98.62458233
4762.00 -213.07444920  98.73472467
4764.00 -213.22544831  98.84493378
4766.00 -213.37646729  98.95520965
4768.00 -213.52750609  99.06555229
4770.00 -213.67856469  99.17596167
4772.00 -213.82964305  99.28643781
4774.00 -213.98074112  99.39698069
4776.00 -214.13185887  99.50759030
4778.00 -214.28299628  99.61826666
4780.00 -214.43415329  99.72900974
4782.00 -214.58532989  99.83981954
4784.00 -214.73652602  99.95069606
4786.00 -214.88774165 100.06163929
4788.00 -215.03897676 100.17264923
4790.00 -215.19023129 100.28372588
4792.00 -215.34150523 100.39486922
4794.00 -215.49279852 100.50607925
4796.00 -215.64411114 100.61735597
4798.00 -215.79544305 100.72869937
4800.00 -215.94679421 100.84010944
4802.00 -216.09816459 100.95158619
4804.00 -216.24955415 101.06312960
4806.00 -216.40096286 101.17473967
4808.00 -216.55239068 101.28641639
4810.00 -216.70383757 101.39815977
4812.00 -216.85530350 101.50996978
4814.00 -217.00678844 101.62184644
4816.00 -217.15829234 101.73378972
4818.00 -217.30981517 101.84579964
4820.00 -217.46135690 101.95787617
4822.00 -217.61291750 102.07001932
4824.00 -217.76449691 102.18222908
4826.00 -217.91609512 102.29450545
4828.00 -218.06771208 102.40684841
4830.00 -218.21934776 102.51925796
4832.00 -218.37100212 102.63173411
4834.00 -218.52267513 102.74427683
4836.00 -218.67436675 102.85688613
4838.00 -218.82607695 102.96956200
4840.00 -218.97780569 103.08230444
4842.00 -219.12955293 103.19511343
4844.00 -219.28131865 103.30798898
4846.00 -219.43310279 103.42093107
4848.00 -219.58490534 103.53393971
4850.00 -219.73672625 103.64701488
4852.00 -219.88856549 103.76015657
4854.00 -220.04042302 103.87336480
4856.00 -220.19229881 103.98663954
4858.00 -220.34419282 104.09998079
4860.00 -220.49610502 104.21338855
4862.00 -220.64803536 104.32686280
4864.00 -220.79998383 104.44040355
4866.00 -220.95195037 104.55401079
4868.00 -221.10393496 104.66768451
4870.00 -221.25593756 104.78142470
4872.00 -221.40795814 104.89523137
4874.00 -221.55999665 105.00910449
4876.00 -221.71205307 105.12304408
4878.00 -221.86412735 105.23705011
4880.00 -222.01621947 105.35112259
4882.00 -222.16832939 105.46526151
4884.00 -222.32045708 105.57946686
4886.00 -222.47260249 105.69373864
4888.00 -222.62476559 105.80807683
4890.00 -222.77694635 105.92248144
4892.00 -222.92914474 106.03695246
4894.00 -223.08136071 106.15148987
4896.00 -223.23359423 106.26609369
4898.00 -223.38584527 106.38076389
4900.00 -223.53811380 106.49550047
4902.00 -223.69039977 106.61030343
4904.00 -223.84270315 106.72517275
4906.00 -223.99502391 106.84010844
4908.00 -224.14736201 106.95511049
4910.00 -224.29971742 107.07017888
4912.00 -224.45209011 107.18531362
4914.00 -224.60448003 107.30051469
4916.00 -224.75688715 107.41578210
4918.00 -224.90931144 107.53111582
4920.00 -225.06175286 107.64651587
4922.00 -225.21421138 107.76198222
4924.00 -225.36668696 107.87751488
4926.00 -225.51917956 107.99311384
4928.00 -225.67168917 108.10877908
4930.00 -225.82421573 108.22451061
4932.00 -225.97675921 108.34030842
4934.00 -226.12931958 108.45617249
4936.00 -226.28189680 108.57210283
4938.00 -226.43449084 108.68809943
4940.00 -226.58710167 108.80416228
4942.00 -226.73972925 108.92029137
4944.00 -226.89237354 109.03648670
4946.00 -227.04503451 109.15274825
4948.00 -227.19771212 109.26907603
4950.00 -227.35040634 109.38547002
4952.00 -227.50311714 109.50193023
4954.00 -227.65584448 109.61845663
4956.00 -227.80858833 109.73504923
4958.00 -227.96134865 109.85170802
4960.00 -228.11412540 109.96843299
4962.00 -228.26691856 110.08522413
4964.00 -228.41972808 110.20208145
4966.00 -228.57255394 110.31900492
4968.00 -228.72539609 110.43599454
4970.00 -228.87825451 110.55305031
4972.00 -229.03112916 110.67017222
4974.00 -229.18402000 110.78736026
4976.00 -229.33692700 110.90461442
4978.00 -229.48985013 111.02193471
4980.00 -229.64278935 111.13932110
4982.00 -229.79574463 111.25677359
4984.00 -229.94871593 111.37429218
4986.00 -230.10170321 111.49187687
4988.00 -230.25470645 111.60952763
4990.00 -230.40772561 111.72724446
4992.00 -230.56076065 111.84502736
4994.00 -230.71381154 111.96287633
4996.00 -230.86687825 112.08079134
4998.00 -231.01996074 112.19877240
5000.00 -231.17305898 112.31681950
