wavelength(nm)         real         imag
100.00   3.85532358   0.00042692
102.00   3.85351882   0.00045305
104.00   3.85167834   0.00048023
106.00   3.84980214   0.00050847
108.00   3.84789021   0.00053779
110.00   3.84594257   0.00056822
112.00   3.84395920   0.00059978
114.00   3.84194011   0.00063249
116.00   3.83988530   0.00066636
118.00   3.83779478   0.00070142
120.00   3.83566854   0.00073769
122.00   3.83350658   0.00077519
124.00   3.83130890   0.00081394
126.00   3.82907552   0.00085396
128.00   3.82680642   0.00089527
130.00   3.82450160   0.00093789
132.00   3.82216108   0.00098184
134.00   3.81978484   0.00102715
136.00   3.81737290   0.00107382
138.00   3.81492525   0.00112189
140.00   3.81244189   0.00117138
142.00   3.80992282   0.00122229
144.00   3.80736805   0.00127466
146.00   3.80477758   0.00132851
148.00   3.80215140   0.00138385
150.00   3.79948952   0.00144070
152.00   3.79679194   0.00149909
154.00   3.79405866   0.00155904
156.00   3.79128969   0.00162057
158.00   3.78848502   0.00168369
160.00   3.78564465   0.00174843
162.00   3.78276858   0.00181481
164.00   3.77985683   0.00188285
166.00   3.77690938   0.00195256
168.00   3.77392624   0.00202398
170.00   3.77090742   0.00209711
172.00   3.76785290   0.00217199
174.00   3.76476270   0.00224863
176.00   3.76163681   0.00232705
178.00   3.75847524   0.00240727
180.00   3.75527799   0.00248931
182.00   3.75204506   0.00257320
184.00   3.74877644   0.00265894
186.00   3.74547215   0.00274658
188.00   3.74213218   0.00283611
190.00   3.73875654   0.00292757
192.00   3.73534522   0.00302098
194.00   3.73189823   0.00311635
196.00   3.72841557   0.00321370
198.00   3.72489725   0.00331307
200.00   3.72134325   0.00341445
202.00   3.71775359   0.00351789
204.00   3.71412826   0.00362339
206.00   3.71046727   0.00373098
208.00   3.70677061   0.00384068
210.00   3.70303830   0.00395251
212.00   3.69927033   0.00406649
214.00   3.69546671   0.00418263
216.00   3.69162742   0.00430097
218.00   3.68775249   0.00442151
220.00   3.68384190   0.00454429
222.00   3.67989567   0.00466932
224.00   3.67591379   0.00479662
226.00   3.67189626   0.00492621
228.00   3.66784308   0.00505811
230.00   3.66375426   0.00519235
232.00   3.65962981   0.00532894
234.00   3.65546971   0.00546790
236.00   3.65127398   0.00560925
238.00   3.64704261   0.00575303
240.00   3.64277560   0.00589923
242.00   3.63847297   0.00604789
244.00   3.63413470   0.00619903
246.00   3.62976081   0.00635266
248.00   3.62535129   0.00650880
250.00   3.62090615   0.00666749
252.00   3.61642538   0.00682873
254.00   3.61190900   0.00699255
256.00   3.60735699   0.00715896
258.00   3.60276937   0.00732800
260.00   3.59814614   0.00749967
262.00   3.59348729   0.00767400
264.00   3.58879284   0.00785101
266.00   3.58406277   0.00803072
268.00   3.57929710   0.00821315
270.00   3.57449582   0.00839832
272.00   3.56965895   0.00858625
274.00   3.56478647   0.00877696
276.00   3.55987840   0.00897047
278.00   3.55493473   0.00916680
280.00   3.54995547   0.00936598
282.00   3.54494061   0.00956802
284.00   3.53989017   0.00977294
286.00   3.53480414   0.00998076
288.00   3.52968252   0.01019151
290.00   3.52452533   0.01040520
292.00   3.51933255   0.01062186
294.00   3.51410420   0.01084150
296.00   3.50884027   0.01106414
298.00   3.50354077   0.01128981
300.00   3.49820569   0.01151853
302.00   3.49283505   0.01175031
304.00   3.48742884   0.01198518
306.00   3.48198707   0.01222315
308.00   3.47650974   0.01246425
310.00   3.47099684   0.01270849
312.00   3.46544839   0.01295591
314.00   3.45986439   0.01320651
316.00   3.45424484   0.01346032
318.00   3.44858973   0.01371736
320.00   3.44289908   0.01397765
322.00   3.43717288   0.01424120
324.00   3.43141115   0.01450805
326.00   3.42561387   0.01477820
328.00   3.41978106   0.01505168
330.00   3.41391271   0.01532852
332.00   3.40800883   0.01560872
334.00   3.40206942   0.01589232
336.00   3.39609449   0.01617932
338.00   3.39008403   0.01646976
340.00   3.38403805   0.01676365
342.00   3.37795655   0.01706101
344.00   3.37183954   0.01736186
346.00   3.36568701   0.01766623
348.00   3.35949897   0.01797412
350.00   3.35327542   0.01828557
352.00   3.34701637   0.01860060
354.00   3.34072182   0.01891921
356.00   3.33439176   0.01924144
358.00   3.32802621   0.01956731
360.00   3.32162517   0.01989683
362.00   3.31518863   0.02023002
364.00   3.30871661   0.02056691
366.00   3.30220910   0.02090751
368.00   3.29566611   0.02125185
370.00   3.28908763   0.02159994
372.00   3.28247368   0.02195181
374.00   3.27582426   0.02230748
376.00   3.26913936   0.02266696
378.00   3.26241900   0.02303027
380.00   3.25566317   0.02339745
382.00   3.24887188   0.02376850
384.00   3.24204513   0.02414345
386.00   3.23518292   0.02452231
388.00   3.22828526   0.02490511
390.00   3.22135214   0.02529187
392.00   3.21438358   0.02568261
394.00   3.20737958   0.02607735
396.00   3.20034013   0.02647610
398.00   3.19326525   0.02687890
400.00   3.18615493   0.02728575
402.00   3.17900918   0.02769668
404.00   3.17182799   0.02811171
406.00   3.16461139   0.02853086
408.00   3.15735936   0.02895415
410.00   3.15007191   0.02938160
412.00   3.14274904   0.02981323
414.00   3.13539076   0.03024906
416.00   3.12799707   0.03068910
418.00   3.12056798   0.03113339
420.00   3.11310348   0.03158194
422.00   3.10560358   0.03203477
424.00   3.09806828   0.03249191
426.00   3.09049759   0.03295336
428.00   3.08289151   0.03341915
430.00   3.07525004   0.03388931
432.00   3.06757319   0.03436384
434.00   3.05986096   0.03484278
436.00   3.05211335   0.03532614
438.00   3.04433036   0.03581395
440.00   3.03651201   0.03630621
442.00   3.02865829   0.03680296
444.00   3.02076921   0.03730421
446.00   3.01284476   0.03780998
448.00   3.00488496   0.03832029
450.00   2.99688981   0.03883517
452.00   2.98885930   0.03935463
454.00   2.98079345   0.03987869
456.00   2.97269226   0.04040738
458.00   2.96455573   0.04094071
460.00   2.95638386   0.04147870
462.00   2.94817666   0.04202137
464.00   2.93993414   0.04256875
466.00   2.93165628   0.04312086
468.00   2.92334311   0.04367770
470.00   2.91499462   0.04423932
472.00   2.90661081   0.04480571
474.00   2.89819170   0.04537691
476.00   2.88973728   0.04595293
478.00   2.88124755   0.04653380
480.00   2.87272253   0.04711953
482.00   2.86416221   0.04771014
484.00   2.85556660   0.04830566
486.00   2.84693570   0.04890611
488.00   2.83826951   0.04951150
490.00   2.82956805   0.05012185
492.00   2.82083131   0.05073719
494.00   2.81205929   0.05135753
496.00   2.80325201   0.05198289
498.00   2.79440946   0.05261331
500.00   2.78553165   0.05324878
502.00   2.77661858   0.05388934
504.00   2.76767026   0.05453501
506.00   2.75868669   0.05518580
508.00   2.74966787   0.05584173
510.00   2.74061381   0.05650283
512.00   2.73152452   0.05716912
514.00   2.72239999   0.05784061
516.00   2.71324023   0.05851732
518.00   2.70404524   0.05919928
520.00   2.69481503   0.05988651
522.00   2.68554960   0.06057902
524.00   2.67624896   0.06127683
526.00   2.66691311   0.06197997
528.00   2.65754205   0.06268845
530.00   2.64813579   0.06340230
532.00   2.63869433   0.06412154
534.00   2.62921768   0.06484617
536.00   2.61970584   0.06557624
538.00   2.61015882   0.06631174
540.00   2.60057661   0.06705272
542.00   2.59095922   0.06779917
544.00   2.58130667   0.06855113
546.00   2.57161894   0.06930862
548.00   2.56189605   0.07007165
550.00   2.55213800   0.07084024
552.00   2.54234479   0.07161442
554.00   2.53251643   0.07239421
556.00   2.52265293   0.07317961
558.00   2.51275428   0.07397067
560.00   2.50282049   0.07476738
562.00   2.49285157   0.07556978
564.00   2.48284751   0.07637788
566.00   2.47280833   0.07719171
568.00   2.46273403   0.07801128
570.00   2.45262461   0.07883662
572.00   2.44248008   0.07966773
574.00   2.43230044   0.08050465
576.00   2.42208570   0.08134740
578.00   2.41183586   0.08219599
580.00   2.40155092   0.08305044
582.00   2.39123089   0.08391077
584.00   2.38087578   0.08477700
586.00   2.37048558   0.08564916
588.00   2.36006031   0.08652726
590.00   2.34959996   0.08741133
592.00   2.33910455   0.08830137
594.00   2.32857407   0.08919742
596.00   2.31800853   0.09009949
598.00   2.30740794   0.09100760
600.00   2.29677230   0.09192177
602.00   2.28610162   0.09284203
604.00   2.27539589   0.09376838
606.00   2.26465513   0.09470086
608.00   2.25387933   0.09563947
610.00   2.24306852   0.09658425
612.00   2.23222267   0.09753521
614.00   2.22134181   0.09849237
616.00   2.21042594   0.09945575
618.00   2.19947506   0.10042536
620.00   2.18848918   0.10140124
622.00   2.17746830   0.10238340
624.00   2.16641243   0.10337185
626.00   2.15532157   0.10436663
628.00   2.14419572   0.10536774
630.00   2.13303490   0.10637522
632.00   2.12183910   0.10738907
634.00   2.11060833   0.10840932
636.00   2.09934260   0.10943598
638.00   2.08804191   0.11046909
640.00   2.07670626   0.11150865
642.00   2.06533566   0.11255469
644.00   2.05393012   0.11360722
646.00   2.04248964   0.11466627
648.00   2.03101423   0.11573186
650.00   2.01950388   0.11680400
652.00   2.00795861   0.11788272
654.00   1.99637842   0.11896804
656.00   1.98476332   0.12005997
658.00   1.97311330   0.12115853
660.00   1.96142838   0.12226375
662.00   1.94970856   0.12337565
664.00   1.93795385   0.12449423
666.00   1.92616425   0.12561953
668.00   1.91433976   0.12675157
670.00   1.90248039   0.12789035
672.00   1.89058615   0.12903591
674.00   1.87865704   0.13018826
676.00   1.86669306   0.13134743
678.00   1.85469423   0.13251342
680.00   1.84266054   0.13368627
682.00   1.83059201   0.13486599
684.00   1.81848863   0.13605259
686.00   1.80635041   0.13724611
688.00   1.79417736   0.13844656
690.00   1.78196949   0.13965395
692.00   1.76972679   0.14086832
694.00   1.75744927   0.14208967
696.00   1.74513695   0.14331804
698.00   1.73278982   0.14455343
700.00   1.72040788   0.14579586
702.00   1.70799115   0.14704537
704.00   1.69553964   0.14830196
706.00   1.68305333   0.14956566
708.00   1.67053225   0.15083648
710.00   1.65797639   0.15211445
712.00   1.64538577   0.15339958
714.00   1.63276038   0.15469190
716.00   1.62010023   0.15599142
718.00   1.60740534   0.15729816
720.00   1.59467569   0.15861215
722.00   1.58191131   0.15993340
724.00   1.56911219   0.16126194
726.00   1.55627834   0.16259777
728.00   1.54340976   0.16394093
730.00   1.53050647   0.16529142
732.00   1.51756846   0.16664928
734.00   1.50459574   0.16801452
736.00   1.49158833   0.16938715
738.00   1.47854621   0.17076721
740.00   1.46546941   0.17215470
742.00   1.45235792   0.17354965
744.00   1.43921175   0.17495208
746.00   1.42603090   0.17636201
748.00   1.41281539   0.17777945
750.00   1.39956522   0.17920442
752.00   1.38628039   0.18063696
754.00   1.37296090   0.18207706
756.00   1.35960678   0.18352476
758.00   1.34621801   0.18498008
760.00   1.33279461   0.18644303
762.00   1.31933658   0.18791363
764.00   1.30584393   0.18939190
766.00   1.29231666   0.19087786
768.00   1.27875478   0.19237153
770.00   1.26515830   0.19387294
772.00   1.25152722   0.19538209
774.00   1.23786154   0.19689901
776.00   1.22416128   0.19842372
778.00   1.21042644   0.19995624
780.00   1.19665702   0.20149658
782.00   1.18285303   0.20304477
784.00   1.16901448   0.20460083
786.00   1.15514138   0.20616477
788.00   1.14123372   0.20773662
790.00   1.12729151   0.20931639
792.00   1.11331477   0.21090410
794.00   1.09930349   0.21249978
796.00   1.08525769   0.21410344
798.00   1.07117736   0.21571510
800.00   1.05706252   0.21733478
802.00   1.04291317   0.21896250
804.00   1.02872931   0.22059828
806.00   1.01451096   0.22224214
808.00   1.00025812   0.22389409
810.00   0.98597080   0.22555417
812.00   0.97164899   0.22722238
814.00   0.95729272   0.22889874
816.00   0.94290197   0.23058328
818.00   0.92847677   0.23227602
820.00   0.91401711   0.23397696
822.00   0.89952301   0.23568614
824.00   0.88499446   0.23740358
826.00   0.87043148   0.23912928
828.00   0.85583407   0.24086328
830.00   0.84120224   0.24260558
832.00   0.82653599   0.24435622
834.00   0.81183534   0.24611520
836.00   0.79710027   0.24788255
838.00   0.78233081   0.24965829
840.00   0.76752696   0.25144243
842.00   0.75268873   0.25323500
844.00   0.73781612   0.25503601
846.00   0.72290913   0.25684548
848.00   0.70796778   0.25866344
850.00   0.69299208   0.26048990
852.00   0.67798201   0.26232488
854.00   0.66293761   0.26416841
856.00   0.64785886   0.26602049
858.00   0.63274578   0.26788115
860.00   0.61759837   0.26975040
862.00   0.60241665   0.27162828
864.00   0.58720061   0.27351479
866.00   0.57195026   0.27540996
868.00   0.55666561   0.27731380
870.00   0.54134667   0.27922633
872.00   0.52599344   0.28114757
874.00   0.51060593   0.28307755
876.00   0.49518415   0.28501628
878.00   0.47972810   0.28696378
880.00   0.46423778   0.28892007
882.00   0.44871322   0.29088516
884.00   0.43315440   0.29285908
886.00   0.41756135   0.29484185
888.00   0.40193406   0.29683349
890.00   0.38627254   0.29883400
892.00   0.37057680   0.30084342
894.00   0.35484685   0.30286177
896.00   0.33908269   0.30488905
898.00   0.32328433   0.30692530
900.00   0.30745178   0.30897052
902.00   0.29158504   0.31102475
904.00   0.27568412   0.31308799
906.00   0.25974902   0.31516027
908.00   0.24377976   0.31724160
910.00   0.22777634   0.31933201
912.00   0.21173877   0.32143151
914.00   0.19566705   0.32354012
916.00   0.17956119   0.32565787
918.00   0.16342120   0.32778476
920.00   0.14724708   0.32992083
922.00   0.13103885   0.33206608
924.00   0.11479650   0.33422054
926.00   0.09852005   0.33638423
928.00   0.08220950   0.33855716
930.00   0.06586486   0.34073936
932.00   0.04948614   0.34293083
934.00   0.03307334   0.34513162
936.00   0.01662648   0.34734172
938.00   0.00014555   0.34956116
940.00  -0.01636944   0.35178996
942.00  -0.03291847   0.35402814
944.00  -0.04950155   0.35627571
946.00  -0.06611866   0.35853270
948.00  -0.08276980   0.36079913
950.00  -0.09945495   0.36307500
952.00  -0.11617412   0.36536035
954.00  -0.13292730   0.36765519
956.00  -0.14971447   0.36995954
958.00  -0.16653564   0.37227342
960.00  -0.18339079   0.37459684
962.00  -0.20027991   0.37692983
964.00  -0.21720301   0.37927241
966.00  -0.23416007   0.38162459
968.00  -0.25115108   0.38398639
970.00  -0.26817604   0.38635783
972.00  -0.28523494   0.38873894
974.00  -0.30232778   0.39112972
976.00  -0.31945454   0.39353020
978.00  -0.33661522   0.39594039
980.00  -0.35380981   0.39836033
982.00  -0.37103831   0.40079001
984.00  -0.38830070   0.40322947
986.00  -0.40559698   0.40567872
988.00  -0.42292715   0.40813778
990.00  -0.44029118   0.41060667
992.00  -0.45768909   0.41308540
994.00  -0.47512086   0.41557400
996.00  -0.49258647   0.41807249
998.00  -0.51008594   0.42058088
1000.00  -0.52761924   0.42309920
1002.00  -0.54518637   0.42562745
1004.00  -0.56278732   0.42816566
1006.00  -0.58042209   0.43071386
1008.00  -0.59809066   0.43327205
1010.00  -0.61579304   0.43584025
1012.00  -0.63352920   0.43841849
1014.00  -0.65129916   0.44100679
1016.00  -0.66910289   0.44360515
1018.00  -0.68694038   0.44621360
1020.00  -0.70481165   0.44883217
1022.00  -0.72271666   0.45146086
1024.00  -0.74065542   0.45409970
1026.00  -0.75862792   0.45674870
1028.00  -0.77663416   0.45940789
1030.00  -0.79467411   0.46207727
1032.00  -0.81274779   0.46475688
1034.00  -0.83085517   0.46744673
1036.00  -0.84899625   0.47014683
1038.00  -0.86717103   0.47285722
1040.00  -0.88537949   0.47557789
1042.00  -0.90362162   0.47830888
1044.00  -0.92189743   0.48105020
1046.00  -0.94020690   0.48380187
1048.00  -0.95855003   0.48656391
1050.00  -0.97692680   0.48933634
1052.00  -0.99533720   0.49211917
1054.00  -1.01378124   0.49491243
1056.00  -1.03225891   0.49771613
1058.00  -1.05077018   0.50053029
1060.00  -1.06931507   0.50335494
1062.00  -1.08789355   0.50619008
1064.00  -1.10650563   0.50903573
1066.00  -1.12515129   0.51189193
1068.00  -1.14383052   0.51475867
1070.00  -1.16254333   0.51763599
1072.00  -1.18128969   0.52052390
1074.00  -1.20006960   0.52342242
1076.00  -1.21888306   0.52633156
1078.00  -1.23773005   0.52925135
1080.00  -1.25661057   0.53218181
1082.00  -1.27552461   0.53512294
1084.00  -1.29447217   0.53807478
1086.00  -1.31345322   0.54103734
1088.00  -1.33246777   0.54401064
1090.00  -1.35151581   0.54699469
1092.00  -1.37059733   0.54998951
1094.00  -1.38971232   0.55299513
1096.00  -1.40886078   0.55601156
1098.00  -1.42804268   0.55903882
1100.00  -1.44725804   0.56207693
1102.00  -1.46650683   0.56512590
1104.00  -1.48578906   0.56818576
1106.00  -1.50510471   0.57125652
1108.00  -1.52445377   0.57433820
1110.00  -1.54383624   0.57743083
1112.00  -1.56325210   0.58053440
1114.00  -1.58270136   0.58364896
1116.00  -1.60218400   0.58677451
1118.00  -1.62170001   0.58991107
1120.00  -1.64124938   0.59305866
1122.00  -1.66083211   0.59621730
1124.00  -1.68044820   0.59938701
1126.00  -1.70009762   0.60256780
1128.00  -1.71978037   0.60575970
1130.00  -1.73949644   0.60896272
1132.00  -1.75924583   0.61217688
1134.00  -1.77902853   0.61540219
1136.00  -1.79884453   0.61863869
1138.00  -1.81869381   0.62188637
1140.00  -1.83857638   0.62514527
1142.00  -1.85849222   0.62841540
1144.00  -1.87844132   0.63169678
1146.00  -1.89842369   0.63498943
1148.00  -1.91843929   0.63829336
1150.00  -1.93848814   0.64160860
1152.00  -1.95857022   0.64493516
1154.00  -1.97868552   0.64827306
1156.00  -1.99883404   0.65162231
1158.00  -2.01901576   0.65498294
1160.00  -2.03923068   0.65835497
1162.00  -2.05947878   0.66173840
1164.00  -2.07976007   0.66513327
1166.00  -2.10007452   0.66853959
1168.00  -2.12042214   0.67195737
1170.00  -2.14080292   0.67538664
1172.00  -2.16121684   0.67882740
1174.00  -2.18166389   0.68227969
1176.00  -2.20214408   0.68574352
1178.00  -2.22265738   0.68921891
1180.00  -2.24320379   0.69270586
1182.00  -2.26378331   0.69620441
1184.00  -2.28439592   0.69971458
1186.00  -2.30504161   0.70323637
1188.00  -2.32572038   0.70676980
1190.00  -2.34643222   0.71031490
1192.00  -2.36717712   0.71387169
1194.00  -2.38795507   0.71744017
1196.00  -2.40876605   0.72102037
1198.00  -2.42961007   0.72461231
1200.00  -2.45048712   0.72821600
1202.00  -2.47139718   0.73183147
1204.00  -2.49234024   0.73545872
1206.00  -2.51331630   0.73909779
1208.00  -2.53432535   0.74274867
1210.00  -2.55536738   0.74641141
1212.00  -2.57644238   0.75008600
1214.00  -2.59755034   0.75377247
1216.00  -2.61869126   0.75747084
1218.00  -2.63986511   0.76118113
1220.00  -2.66107191   0.76490335
1222.00  -2.68231163   0.76863752
1224.00  -2.70358426   0.77238366
1226.00  -2.72488981   0.77614178
1228.00  -2.74622825   0.77991191
1230.00  -2.76759959   0.78369406
1232.00  -2.78900380   0.78748825
1234.00  -2.81044089   0.79129450
1236.00  -2.83191084   0.79511283
1238.00  -2.85341365   0.79894325
1240.00  -2.87494930   0.80278577
1242.00  -2.89651778   0.80664043
1244.00  -2.91811910   0.81050724
1246.00  -2.93975323   0.81438621
1248.00  -2.96142017   0.81827736
1250.00  -2.98311991   0.82218071
1252.00  -3.00485244   0.82609628
1254.00  -3.02661775   0.83002408
1256.00  -3.04841584   0.83396414
1258.00  -3.07024669   0.83791646
1260.00  -3.09211029   0.84188108
1262.00  -3.11400664   0.84585800
1264.00  -3.13593572   0.84984724
1266.00  -3.15789753   0.85384883
1268.00  -3.17989206   0.85786278
1270.00  -3.20191929   0.86188910
1272.00  -3.22397923   0.86592781
1274.00  -3.24607185   0.86997894
1276.00  -3.26819715   0.87404250
1278.00  -3.29035513   0.87811850
1280.00  -3.31254577   0.88220697
1282.00  -3.33476906   0.88630792
1284.00  -3.35702499   0.89042137
1286.00  -3.37931355   0.89454734
1288.00  -3.40163475   0.89868584
1290.00  -3.42398855   0.90283690
1292.00  -3.44637496   0.90700053
1294.00  -3.46879397   0.91117674
1296.00  -3.49124557   0.91536556
1298.00  -3.51372974   0.91956700
1300.00  -3.53624648   0.92378108
1302.00  -3.55879578   0.92800782
1304.00  -3.58137763   0.93224723
1306.00  -3.60399202   0.93649934
1308.00  -3.62663894   0.94076415
1310.00  -3.64931838   0.94504170
1312.00  -3.67203033   0.94933199
1314.00  -3.69477479   0.95363504
1316.00  -3.71755173   0.95795087
1318.00  -3.74036116   0.96227950
1320.00  -3.76320306   0.96662094
1322.00  -3.78607743   0.97097521
1324.00  -3.80898425   0.97534234
1326.00  -3.83192352   0.97972233
1328.00  -3.85489522   0.98411521
1330.00  -3.87789935   0.98852099
1332.00  -3.90093589   0.99293968
1334.00  -3.92400484   0.99737132
1336.00  -3.94710618   1.00181590
1338.00  -3.97023992   1.00627346
1340.00  -3.99340603   1.01074401
1342.00  -4.01660450   1.01522756
1344.00  -4.03983534   1.01972414
1346.00  -4.06309852   1.02423375
1348.00  -4.08639405   1.02875642
1350.00  -4.10972190   1.03329217
1352.00  -4.13308207   1.03784101
1354.00  -4.15647455   1.04240296
1356.00  -4.17989933   1.04697804
1358.00  -4.20335640   1.05156626
1360.00  -4.22684575   1.05616764
1362.00  -4.25036737   1.06078221
1364.00  -4.27392125   1.06540996
1366.00  -4.29750738   1.07005093
1368.00  -4.32112576   1.07470513
1370.00  -4.34477636   1.07937258
1372.00  -4.36845919   1.08405329
1374.00  -4.39217422   1.08874728
1376.00  -4.41592146   1.09345458
1378.00  -4.43970089   1.09817519
1380.00  -4.46351250   1.10290913
1382.00  -4.48735629   1.10765642
1384.00  -4.51123223   1.11241708
1386.00  -4.53514033   1.11719112
1388.00  -4.55908057   1.12197857
1390.00  -4.58305294   1.12677943
1392.00  -4.60705743   1.13159373
1394.00  -4.63109404   1.13642149
1396.00  -4.65516275   1.14126271
1398.00  -4.67926355   1.14611742
1400.00  -4.70339643   1.15098564
1402.00  -4.72756138   1.15586737
1404.00  -4.75175840   1.16076265
1406.00  -4.77598747   1.16567148
1408.00  -4.80024858   1.17059388
1410.00  -4.82454172   1.17552987
1412.00  -4.84886688   1.18047947
1414.00  -4.87322406   1.18544269
1416.00  -4.89761324   1.19041956
1418.00  -4.92203441   1.19541008
1420.00  -4.94648755   1.20041427
1422.00  -4.97097268   1.20543215
1424.00  -4.99548976   1.21046375
1426.00  -5.02003879   1.21550907
1428.00  -5.04461976   1.22056813
1430.00  -5.06923267   1.22564095
1432.00  -5.09387749   1.23072754
1434.00  -5.11855423   1.23582793
1436.00  -5.14326286   1.24094213
1438.00  -5.16800339   1.24607015
1440.00  -5.19277579   1.25121202
1442.00  -5.21758006   1.25636775
1444.00  -5.24241619   1.26153736
1446.00  -5.26728417   1.26672086
1448.00  -5.29218399   1.27191827
1450.00  -5.31711564   1.27712960
1452.00  -5.34207910   1.28235489
1454.00  -5.36707437   1.28759413
1456.00  -5.39210144   1.29284735
1458.00  -5.41716029   1.29811457
1460.00  -5.44225092   1.30339580
1462.00  -5.46737332   1.30869106
1464.00  -5.49252747   1.31400036
1466.00  -5.51771337   1.31932373
1468.00  -5.54293100   1.32466117
1470.00  -5.56818035   1.33001271
1472.00  -5.59346142   1.33537836
1474.00  -5.61877420   1.34075814
1476.00  -5.64411866   1.34615206
1478.00  -5.66949481   1.35156015
1480.00  -5.69490263   1.35698242
1482.00  -5.72034211   1.36241888
1484.00  -5.74581324   1.36786956
1486.00  -5.77131602   1.37333446
1488.00  -5.79685042   1.37881361
1490.00  -5.82241644   1.38430702
1492.00  -5.84801407   1.38981471
1494.00  -5.87364330   1.39533670
1496.00  -5.89930412   1.40087300
1498.00  -5.92499651   1.40642362
1500.00  -5.95072047   1.41198859
1502.00  -5.97647599   1.41756793
1504.00  -6.00226305   1.42316164
1506.00  -6.02808165   1.42876975
1508.00  -6.05393177   1.43439227
1510.00  -6.07981340   1.44002921
1512.00  -6.10572654   1.44568060
1514.00  -6.13167117   1.45134646
1516.00  -6.15764728   1.45702679
1518.00  -6.18365486   1.46272161
1520.00  -6.20969390   1.46843095
1522.00  -6.23576439   1.47415481
1524.00  -6.26186632   1.47989321
1526.00  -6.28799968   1.48564618
1528.00  -6.31416445   1.49141372
1530.00  -6.34036063   1.49719585
1532.00  -6.36658820   1.50299260
1534.00  -6.39284716   1.50880397
1536.00  -6.41913750   1.51462998
1538.00  -6.44545919   1.52047065
1540.00  -6.47181224   1.52632600
1542.00  -6.49819663   1.53219603
1544.00  -6.52461235   1.53808078
1546.00  -6.55105940   1.54398025
1548.00  -6.57753775   1.54989445
1550.00  -6.60404739   1.55582342
1552.00  -6.63058833   1.56176716
1554.00  -6.65716054   1.56772569
1556.00  -6.68376402   1.57369902
1558.00  -6.71039875   1.57968718
1560.00  -6.73706472   1.58569017
1562.00  -6.76376193   1.59170802
1564.00  -6.79049036   1.59774074
1566.00  -6.81725000   1.60378835
1568.00  -6.84404084   1.60985086
1570.00  -6.87086287   1.61592828
1572.00  -6.89771607   1.62202065
1574.00  -6.92460045   1.62812797
1576.00  -6.95151598   1.63425025
1578.00  -6.97846265   1.64038752
1580.00  -7.00544046   1.64653980
1582.00  -7.03244939   1.65270708
1584.00  -7.05948943   1.65888940
1586.00  -7.08656057   1.66508677
1588.00  -7.11366280   1.67129921
1590.00  -7.14079611   1.67752673
1592.00  -7.16796048   1.68376934
1594.00  -7.19515592   1.69002707
1596.00  -7.22238239   1.69629993
1598.00  -7.24963991   1.70258793
1600.00  -7.27692844   1.70889110
1602.00  -7.30424799   1.71520944
1604.00  -7.33159853   1.72154298
1606.00  -7.35898007   1.72789173
1608.00  -7.38639258   1.73425570
1610.00  -7.41383606   1.74063492
1612.00  -7.44131050   1.74702939
1614.00  -7.46881588   1.75343914
1616.00  -7.49635219   1.75986418
1618.00  -7.52391943   1.76630453
1620.00  -7.55151757   1.77276020
1622.00  -7.57914662   1.77923120
1624.00  -7.60680655   1.78571757
1626.00  -7.63449736   1.79221930
1628.00  -7.66221904   1.79873641
1630.00  -7.68997157   1.80526893
1632.00  -7.71775494   1.81181687
1634.00  -7.74556914   1.81838024
1636.00  -7.77341417   1.82495907
1638.00  -7.80129000   1.83155335
1640.00  -7.82919664   1.83816312
1642.00  -7.85713405   1.84478839
1644.00  -7.88510225   1.85142917
1646.00  -7.91310120   1.85808548
1648.00  -7.94113091   1.86475733
1650.00  -7.96919136   1.87144475
1652.00  -7.99728254   1.87814774
1654.00  -8.02540443   1.88486633
1656.00  -8.05355704   1.89160052
1658.00  -8.08174033   1.89835034
1660.00  -8.10995431   1.90511579
1662.00  -8.13819897   1.91189691
1664.00  -8.16647428   1.91869369
1666.00  -8.19478024   1.92550616
1668.00  -8.22311684   1.93233434
1670.00  -8.25148407   1.93917823
1672.00  -8.27988191   1.94603786
1674.00  -8.30831035   1.95291323
1676.00  -8.33676938   1.95980438
1678.00  -8.36525900   1.96671130
1680.00  -8.39377918   1.97363402
1682.00  -8.42232992   1.98057256
1684.00  -8.45091120   1.98752692
1686.00  -8.47952302   1.99449713
1688.00  -8.50816536   2.00148320
1690.00  -8.53683821   2.00848514
1692.00  -8.56554156   2.01550297
1694.00  -8.59427539   2.02253671
1696.00  -8.62303970   2.02958638
1698.00  -8.65183448   2.03665198
1700.00  -8.68065971   2.04373353
1702.00  -8.70951537   2.05083105
1704.00  -8.73840147   2.05794456
1706.00  -8.76731798   2.06507407
1708.00  -8.79626490   2.07221959
1710.00  -8.82524221   2.07938114
1712.00  -8.85424990   2.08655875
1714.00  -8.88328797   2.09375241
1716.00  -8.91235639   2.10096215
1718.00  -8.94145516   2.10818798
1720.00  -8.97058426   2.11542992
1722.00  -8.99974369   2.12268799
1724.00  -9.02893342   2.12996219
1726.00  -9.05815346   2.13725255
1728.00  -9.08740379   2.14455908
1730.00  -9.11668439   2.15188180
1732.00  -9.14599525   2.15922071
1734.00  -9.17533637   2.16657585
1736.00  -9.20470772   2.17394721
1738.00  -9.23410931   2.18133482
1740.00  -9.26354111   2.18873870
1742.00  -9.29300312   2.19615885
1744.00  -9.32249532   2.20359529
1746.00  -9.35201770   2.21104805
1748.00  -9.38157024   2.21851713
1750.00  -9.41115295   2.22600254
1752.00  -9.44076580   2.23350431
1754.00  -9.47040879   2.24102246
1756.00  -9.50008189   2.24855698
1758.00  -9.52978511   2.25610791
1760.00  -9.55951842   2.26367525
1762.00  -9.58928182   2.27125902
1764.00  -9.61907529   2.27885924
1766.00  -9.64889882   2.28647592
1768.00  -9.67875240   2.29410908
1770.00  -9.70863602   2.30175873
1772.00  -9.73854967   2.30942488
1774.00  -9.76849332   2.31710756
1776.00  -9.79846698   2.32480677
1778.00  -9.82847063   2.33252254
1780.00  -9.85850426   2.34025488
1782.00  -9.88856785   2.34800379
1784.00  -9.91866139   2.35576931
1786.00  -9.94878487   2.36355143
1788.00  -9.97893829   2.37135019
1790.00 -10.00912162   2.37916559
1792.00 -10.03933485   2.38699764
1794.00 -10.06957798   2.39484637
1796.00 -10.09985098   2.40271179
1798.00 -10.13015386   2.41059391
1800.00 -10.16048659   2.41849275
1802.00 -10.19084916   2.42640832
1804.00 -10.22124157   2.43434064
1806.00 -10.25166380   2.44228972
1808.00 -10.28211583   2.45025559
1810.00 -10.31259766   2.45823824
1812.00 -10.34310927   2.46623770
1814.00 -10.37365065   2.47425399
1816.00 -10.40422179   2.48228712
1818.00 -10.43482267   2.49033709
1820.00 -10.46545329   2.49840394
1822.00 -10.49611363   2.50648767
1824.00 -10.52680368   2.51458830
1826.00 -10.55752343   2.52270583
1828.00 -10.58827286   2.53084030
1830.00 -10.61905196   2.53899171
1832.00 -10.64986073   2.54716008
1834.00 -10.68069914   2.55534542
1836.00 -10.71156718   2.56354774
1838.00 -10.74246485   2.57176707
1840.00 -10.77339213   2.58000341
1842.00 -10.80434901   2.58825679
1844.00 -10.83533548   2.59652721
1846.00 -10.86635151   2.60481469
1848.00 -10.89739711   2.61311925
1850.00 -10.92847226   2.62144090
1852.00 -10.95957695   2.62977966
1854.00 -10.99071115   2.63813553
1856.00 -11.02187487   2.64650854
1858.00 -11.05306809   2.65489870
1860.00 -11.08429080   2.66330602
1862.00 -11.11554298   2.67173052
1864.00 -11.14682462   2.68017222
1866.00 -11.17813571   2.68863112
1868.00 -11.20947624   2.69710725
1870.00 -11.24084619   2.70560061
1872.00 -11.27224555   2.71411122
1874.00 -11.30367431   2.72263911
1876.00 -11.33513246   2.73118427
1878.00 -11.36661999   2.73974673
1880.00 -11.39813687   2.74832650
1882.00 -11.42968311   2.75692359
1884.00 -11.46125868   2.76553803
1886.00 -11.49286357   2.77416982
1888.00 -11.52449778   2.78281898
1890.00 -11.55616128   2.79148552
1892.00 -11.58785408   2.80016946
1894.00 -11.61957614   2.80887081
1896.00 -11.65132747   2.81758959
1898.00 -11.68310804   2.82632580
1900.00 -11.71491785   2.83507948
1902.00 -11.74675689   2.84385063
1904.00 -11.77862513   2.85263926
1906.00 -11.81052257   2.86144538
1908.00 -11.84244920   2.87026903
1910.00 -11.87440500   2.87911020
1912.00 -11.90638996   2.88796891
1914.00 -11.93840406   2.89684518
1916.00 -11.97044730   2.90573902
1918.00 -12.00251967   2.91465045
1920.00 -12.03462114   2.92357948
1922.00 -12.06675171   2.93252612
1924.00 -12.09891136   2.94149039
1926.00 -12.13110008   2.95047230
1928.00 -12.16331786   2.95947187
1930.00 -12.19556469   2.96848911
1932.00 -12.22784054   2.97752404
1934.00 -12.26014542   2.98657667
1936.00 -12.29247931   2.99564701
1938.00 -12.32484219   3.00473508
1940.00 -12.35723405   3.01384090
1942.00 -12.38965487   3.02296447
1944.00 -12.42210466   3.03210581
1946.00 -12.45458339   3.04126494
1948.00 -12.48709104   3.05044187
1950.00 -12.51962762   3.05963661
1952.00 -12.55219310   3.06884918
1954.00 -12.58478747   3.07807959
1956.00 -12.61741072   3.08732786
1958.00 -12.65006283   3.09659400
1960.00 -12.68274380   3.10587803
1962.00 -12.71545361   3.11517995
1964.00 -12.74819224   3.12449979
1966.00 -12.78095969   3.13383755
1968.00 -12.81375594   3.14319326
1970.00 -12.84658098   3.15256692
1972.00 -12.87943479   3.16195855
1974.00 -12.91231736   3.17136816
1976.00 -12.94522869   3.18079577
1978.00 -12.97816875   3.19024139
1980.00 -13.01113753   3.19970504
1982.00 -13.04413503   3.20918673
1984.00 -13.07716122   3.21868647
1986.00 -13.11021610   3.22820428
1988.00 -13.14329964   3.23774017
1990.00 -13.17641185   3.24729416
1992.00 -13.20955270   3.25686625
1994.00 -13.24272219   3.26645647
1996.00 -13.27592029   3.27606482
1998.00 -13.30914700   3.28569133
2000.00 -13.34240230   3.29533600
2002.00 -13.37568618   3.30499885
2004.00 -13.40899863   3.31467990
2006.00 -13.44233963   3.32437915
2008.00 -13.47570918   3.33409662
2010.00 -13.50910725   3.34383233
2012.00 -13.54253384   3.35358628
2014.00 -13.57598892   3.36335850
2016.00 -13.60947250   3.37314899
2018.00 -13.64298455   3.38295777
2020.00 -13.67652506   3.39278486
2022.00 -13.71009403   3.40263026
2024.00 -13.74369142   3.41249399
2026.00 -13.77731724   3.42237607
2028.00 -13.81097147   3.43227651
2030.00 -13.84465410   3.44219532
2032.00 -13.87836511   3.45213251
2034.00 -13.91210449   3.46208811
2036.00 -13.94587222   3.47206212
2038.00 -13.97966830   3.48205455
2040.00 -14.01349271   3.49206543
2042.00 -14.04734543   3.50209476
2044.00 -14.08122646   3.51214256
2046.00 -14.11513578   3.52220884
2048.00 -14.14907338   3.53229362
2050.00 -14.18303924   3.54239690
2052.00 -14.21703335   3.55251871
2054.00 -14.25105569   3.56265905
2056.00 -14.28510627   3.57281795
2058.00 -14.31918505   3.58299540
2060.00 -14.35329203   3.59319144
2062.00 -14.38742719   3.60340606
2064.00 -14.42159053   3.61363929
2066.00 -14.45578202   3.62389114
2068.00 -14.49000165   3.63416161
2070.00 -14.52424942   3.64445073
2072.00 -14.55852530   3.65475851
2074.00 -14.59282929   3.66508496
2076.00 -14.62716137   3.67543010
2078.00 -14.66152152   3.68579393
2080.00 -14.69590974   3.69617647
2082.00 -14.73032601   3.70657774
2084.00 -14.76477032   3.71699775
2086.00 -14.79924265   3.72743651
2088.00 -14.83374299   3.73789404
2090.00 -14.86827132   3.74837034
2092.00 -14.90282764   3.75886544
2094.00 -14.93741193   3.76937934
2096.00 -14.97202418   3.77991206
2098.00 -15.00666437   3.79046362
2100.00 -15.04133249   3.80103402
2102.00 -15.07602852   3.81162327
2104.00 -15.11075246   3.82223140
2106.00 -15.14550428   3.83285842
2108.00 -15.18028398   3.84350433
2110.00 -15.21509155   3.85416916
2112.00 -15.24992696   3.86485291
2114.00 -15.28479021   3.87555559
2116.00 -15.31968127   3.88627723
2118.00 -15.35460015   3.89701784
2120.00 -15.38954682   3.90777742
2122.00 -15.42452127   3.91855600
2124.00 -15.45952349   3.92935357
2126.00 -15.49455346   3.94017017
2128.00 -15.52961117   3.95100580
2130.00 -15.56469661   3.96186047
2132.00 -15.59980976   3.97273420
2134.00 -15.63495061   3.98362699
2136.00 -15.67011915   3.99453887
2138.00 -15.70531535   4.00546985
2140.00 -15.74053922   4.01641994
2142.00 -15.77579073   4.02738914
2144.00 -15.81106987   4.03837749
2146.00 -15.84637663   4.04938498
2148.00 -15.88171100   4.06041163
2150.00 -15.91707295   4.07145746
2152.00 -15.95246248   4.08252248
2154.00 -15.98787957   4.09360670
2156.00 -16.02332421   4.10471013
2158.00 -16.05879639   4.11583278
2160.00 -16.09429609   4.12697468
2162.00 -16.12982330   4.13813583
2164.00 -16.16537800   4.14931624
2166.00 -16.20096018   4.16051593
2168.00 -16.23656983   4.17173491
2170.00 -16.27220693   4.18297320
2172.00 -16.30787148   4.19423081
2174.00 -16.34356344   4.20550774
2176.00 -16.37928282   4.21680402
2178.00 -16.41502960   4.22811965
2180.00 -16.45080376   4.23945465
2182.00 -16.48660529   4.25080903
2184.00 -16.52243418   4.26218281
2186.00 -16.55829041   4.27357599
2188.00 -16.59417398   4.28498859
2190.00 -16.63008485   4.29642063
2192.00 -16.66602303   4.30787211
2194.00 -16.70198850   4.31934305
2196.00 -16.73798124   4.33083345
2198.00 -16.77400124   4.34234335
2200.00 -16.81004848   4.35387273
2202.00 -16.84612296   4.36542163
2204.00 -16.88222466   4.37699005
2206.00 -16.91835356   4.38857800
2208.00 -16.95450965   4.40018550
2210.00 -16.99069292   4.41181256
2212.00 -17.02690335   4.42345919
2214.00 -17.06314093   4.43512541
2216.00 -17.09940565   4.44681122
2218.00 -17.13569749   4.45851664
2220.00 -17.17201643   4.47024169
2222.00 -17.20836247   4.48198637
2224.00 -17.24473559   4.49375070
2226.00 -17.28113578   4.50553469
2228.00 -17.31756301   4.51733835
2230.00 -17.35401729   4.52916170
2232.00 -17.39049858   4.54100475
2234.00 -17.42700689   4.55286750
2236.00 -17.46354219   4.56474998
2238.00 -17.50010448   4.57665220
2240.00 -17.53669373   4.58857416
2242.00 -17.57330994   4.60051589
2244.00 -17.60995308   4.61247738
2246.00 -17.64662315   4.62445866
2248.00 -17.68332014   4.63645974
2250.00 -17.72004402   4.64848063
2252.00 -17.75679478   4.66052134
2254.00 -17.79357242   4.67258189
2256.00 -17.83037691   4.68466229
2258.00 -17.86720824   4.69676254
2260.00 -17.90406640   4.70888267
2262.00 -17.94095138   4.72102268
2264.00 -17.97786315   4.73318258
2266.00 -18.01480171   4.74536240
2268.00 -18.05176704   4.75756214
2270.00 -18.08875913   4.76978181
2272.00 -18.12577796   4.78202143
2274.00 -18.16282352   4.79428100
2276.00 -18.19989579   4.80656055
2278.00 -18.23699476   4.81886008
2280.00 -18.27412043   4.83117960
2282.00 -18.31127276   4.84351913
2284.00 -18.34845175   4.85587868
2286.00 -18.38565739   4.86825826
2288.00 -18.42288966   4.88065789
2290.00 -18.46014854   4.89307757
2292.00 -18.49743402   4.90551732
2294.00 -18.53474610   4.91797715
2296.00 -18.57208474   4.93045707
2298.00 -18.60944995   4.94295709
2300.00 -18.64684170   4.95547724
2302.00 -18.68425998   4.96801751
2304.00 -18.72170478   4.98057792
2306.00 -18.75917608   4.99315849
2308.00 -18.79667387   5.00575922
2310.00 -18.83419813   5.01838012
2312.00 -18.87174885   5.03102122
2314.00 -18.90932602   5.04368252
2316.00 -18.94692962   5.05636402
2318.00 -18.98455964   5.06906576
2320.00 -19.02221606   5.08178773
2322.00 -19.05989887   5.09452995
2324.00 -19.09760805   5.10729243
2326.00 -19.13534359   5.12007519
2328.00 -19.17310548   5.13287823
2330.00 -19.21089370   5.14570156
2332.00 -19.24870824   5.15854521
2334.00 -19.28654908   5.17140917
2336.00 -19.32441620   5.18429347
2338.00 -19.36230961   5.19719811
2340.00 -19.40022927   5.21012311
2342.00 -19.43817518   5.22306848
2344.00 -19.47614732   5.23603423
2346.00 -19.51414567   5.24902036
2348.00 -19.55217023   5.26202691
2350.00 -19.59022098   5.27505386
2352.00 -19.62829790   5.28810125
2354.00 -19.66640098   5.30116907
2356.00 -19.70453021   5.31425734
2358.00 -19.74268557   5.32736608
2360.00 -19.78086704   5.34049529
2362.00 -19.81907462   5.35364498
2364.00 -19.85730828   5.36681518
2366.00 -19.89556802   5.38000588
2368.00 -19.93385381   5.39321710
2370.00 -19.97216565   5.40644886
2372.00 -20.01050352   5.41970116
2374.00 -20.04886741   5.43297402
2376.00 -20.08725730   5.44626744
2378.00 -20.12567317   5.45958144
2380.00 -20.16411501   5.47291604
2382.00 -20.20258282   5.48627123
2384.00 -20.24107657   5.49964704
2386.00 -20.27959624   5.51304348
2388.00 -20.31814183   5.52646055
2390.00 -20.35671332   5.53989828
2392.00 -20.39531070   5.55335666
2394.00 -20.43393395   5.56683571
2396.00 -20.47258305   5.58033545
2398.00 -20.51125800   5.59385588
2400.00 -20.54995877   5.60739702
2402.00 -20.58868536   5.62095888
2404.00 -20.62743774   5.63454146
2406.00 -20.66621591   5.64814479
2408.00 -20.70501985   5.66176887
2410.00 -20.74384954   5.67541371
2412.00 -20.78270498   5.68907933
2414.00 -20.82158614   5.70276573
2416.00 -20.86049301   5.71647293
2418.00 -20.89942558   5.73020094
2420.00 -20.93838383   5.74394977
2422.00 -20.97736775   5.75771944
2424.00 -21.01637732   5.77150994
2426.00 -21.05541253   5.78532130
2428.00 -21.09447336   5.79915353
2430.00 -21.13355980   5.81300663
2432.00 -21.17267184   5.82688063
2434.00 -21.21180946   5.84077552
2436.00 -21.25097264   5.85469132
2438.00 -21.29016138   5.86862805
2440.00 -21.32937565   5.88258571
2442.00 -21.36861544   5.89656431
2444.00 -21.40788074   5.91056387
2446.00 -21.44717153   5.92458440
2448.00 -21.48648780   5.93862590
2450.00 -21.52582954   5.95268840
2452.00 -21.56519672   5.96677189
2454.00 -21.60458933   5.98087640
2456.00 -21.64400737   5.99500193
2458.00 -21.68345081   6.00914849
2460.00 -21.72291964   6.02331610
2462.00 -21.76241384   6.03750477
2464.00 -21.80193341   6.05171450
2466.00 -21.84147832   6.06594531
2468.00 -21.88104856   6.08019721
2470.00 -21.92064412   6.09447022
2472.00 -21.96026498   6.10876433
2474.00 -21.99991112   6.12307957
2476.00 -22.03958254   6.13741594
2478.00 -22.07927922   6.15177345
2480.00 -22.11900114   6.16615212
2482.00 -22.15874829   6.18055196
2484.00 -22.19852065   6.19497297
2486.00 -22.23831821   6.20941518
2488.00 -22.27814095   6.22387858
2490.00 -22.31798886   6.23836319
2492.00 -22.35786193   6.25286903
2494.00 -22.39776014   6.26739610
2496.00 -22.43768347   6.28194441
2498.00 -22.47763191   6.29651397
2500.00 -22.51760544   6.31110480
2502.00 -22.55760406   6.32571691
2504.00 -22.59762774   6.34035030
2506.00 -22.63767648   6.35500499
2508.00 -22.67775025   6.36968099
2510.00 -22.71784904   6.38437830
2512.00 -22.75797283   6.39909695
2514.00 -22.79812162   6.41383694
2516.00 -22.83829539   6.42859827
2518.00 -22.87849412   6.44338098
2520.00 -22.91871779   6.45818505
2522.00 -22.95896640   6.47301051
2524.00 -22.99923992   6.48785736
2526.00 -23.03953835   6.50272561
2528.00 -23.07986166   6.51761529
2530.00 -23.12020985   6.53252639
2532.00 -23.16058290   6.54745892
2534.00 -23.20098078   6.56241291
2536.00 -23.24140350   6.57738835
2538.00 -23.28185103   6.59238526
2540.00 -23.32232336   6.60740365
2542.00 -23.36282047   6.62244353
2544.00 -23.40334235   6.63750491
2546.00 -23.44388899   6.65258781
2548.00 -23.48446036   6.66769222
2550.00 -23.52505646   6.68281817
2552.00 -23.56567727   6.69796566
2554.00 -23.60632277   6.71313470
2556.00 -23.64699295   6.72832531
2558.00 -23.68768779   6.74353749
2560.00 -23.72840729   6.75877126
2562.00 -23.76915142   6.77402662
2564.00 -23.80992017   6.78930359
2566.00 -23.85071352   6.80460218
2568.00 -23.89153146   6.81992239
2570.00 -23.93237398   6.83526424
2572.00 -23.97324105   6.85062774
2574.00 -24.01413267   6.86601290
2576.00 -24.05504883   6.88141972
2578.00 -24.09598949   6.89684822
2580.00 -24.13695466   6.91229841
2582.00 -24.17794431   6.92777031
2584.00 -24.21895843   6.94326391
2586.00 -24.25999700   6.95877923
2588.00 -24.30106002   6.97431628
2590.00 -24.34214745   6.98987508
2592.00 -24.38325930   7.00545562
2594.00 -24.42439555   7.02105793
2596.00 -24.46555617   7.03668201
2598.00 -24.50674116   7.05232786
2600.00 -24.54795050   7.06799552
2602.00 -24.58918417   7.08368497
2604.00 -24.63044216   7.09939624
2606.00 -24.67172446   7.11512933
2608.00 -24.71303104   7.13088425
2610.00 -24.75436190   7.14666102
2612.00 -24.79571702   7.16245963
2614.00 -24.83709639   7.17828012
2616.00 -24.87849998   7.19412247
2618.00 -24.91992779   7.20998671
2620.00 -24.96137979   7.22587285
2622.00 -25.00285598   7.24178088
2624.00 -25.04435634   7.25771083
2626.00 -25.08588086   7.27366271
2628.00 -25.12742951   7.28963652
2630.00 -25.16900228   7.30563227
2632.00 -25.21059917   7.32164998
2634.00 -25.25222015   7.33768965
2636.00 -25.29386520   7.35375130
2638.00 -25.33553432   7.36983493
2640.00 -25.37722749   7.38594055
2642.00 -25.41894469   7.40206818
2644.00 -25.46068590   7.41821783
2646.00 -25.50245112   7.43438949
2648.00 -25.54424033   7.45058319
2650.00 -25.58605351   7.46679894
2652.00 -25.62789065   7.48303674
2654.00 -25.66975173   7.49929660
2656.00 -25.71163674   7.51557854
2658.00 -25.75354565   7.53188256
2660.00 -25.79547847   7.54820867
2662.00 -25.83743516   7.56455689
2664.00 -25.87941573   7.58092721
2666.00 -25.92142014   7.59731967
2668.00 -25.96344839   7.61373425
2670.00 -26.00550046   7.63017098
2672.00 -26.04757633   7.64662986
2674.00 -26.08967600   7.66311090
2676.00 -26.13179944   7.67961411
2678.00 -26.17394664   7.69613950
2680.00 -26.21611759   7.71268709
2682.00 -26.25831226   7.72925688
2684.00 -26.30053065   7.74584887
2686.00 -26.34277274   7.76246309
2688.00 -26.38503851   7.77909954
2690.00 -26.42732795   7.79575822
2692.00 -26.46964104   7.81243916
2694.00 -26.51197778   7.82914235
2696.00 -26.55433813   7.84586782
2698.00 -26.59672209   7.86261556
2700.00 -26.63912965   7.87938559
2702.00 -26.68156078   7.89617791
2704.00 -26.72401547   7.91299255
2706.00 -26.76649371   7.92982950
2708.00 -26.80899548   7.94668877
2710.00 -26.85152077   7.96357038
2712.00 -26.89406956   7.98047434
2714.00 -26.93664183   7.99740065
2716.00 -26.97923758   8.01434933
2718.00 -27.02185678   8.03132037
2720.00 -27.06449942   8.04831381
2722.00 -27.10716548   8.06532963
2724.00 -27.14985495   8.08236786
2726.00 -27.19256782   8.09942849
2728.00 -27.23530406   8.11651155
2730.00 -27.27806367   8.13361704
2732.00 -27.32084662   8.15074497
2734.00 -27.36365291   8.16789535
2736.00 -27.40648251   8.18506818
2738.00 -27.44933542   8.20226349
2740.00 -27.49221161   8.21948127
2742.00 -27.53511108   8.23672153
2744.00 -27.57803380   8.25398430
2746.00 -27.62097976   8.27126956
2748.00 -27.66394895   8.28857734
2750.00 -27.70694134   8.30590765
2752.00 -27.74995693   8.32326049
2754.00 -27.79299570   8.34063587
2756.00 -27.83605763   8.35803380
2758.00 -27.87914271   8.37545429
2760.00 -27.92225093   8.39289736
2762.00 -27.96538226   8.41036300
2764.00 -28.00853669   8.42785123
2766.00 -28.05171422   8.44536206
2768.00 -28.09491481   8.46289549
2770.00 -28.13813846   8.48045154
2772.00 -28.18138515   8.49803021
2774.00 -28.22465486   8.51563152
2776.00 -28.26794759   8.53325548
2778.00 -28.31126331   8.55090208
2780.00 -28.35460200   8.56857134
2782.00 -28.39796367   8.58626328
2784.00 -28.44134828   8.60397790
2786.00 -28.48475582   8.62171520
2788.00 -28.52818628   8.63947520
2790.00 -28.57163964   8.65725791
2792.00 -28.61511589   8.67506333
2794.00 -28.65861501   8.69289148
2796.00 -28.70213699   8.71074236
2798.00 -28.74568181   8.72861599
2800.00 -28.78924945   8.74651236
2802.00 -28.83283990   8.76443150
2804.00 -28.87645315   8.78237341
2806.00 -28.92008917   8.80033809
2808.00 -28.96374796   8.81832556
2810.00 -29.00742949   8.83633583
2812.00 -29.05113376   8.85436890
2814.00 -29.09486074   8.87242479
2816.00 -29.13861043   8.89050350
2818.00 -29.18238280   8.90860504
2820.00 -29.22617784   8.92672943
2822.00 -29.26999554   8.94487666
2824.00 -29.31383587   8.96304675
2826.00 -29.35769883   8.98123970
2828.00 -29.40158440   8.99945553
2830.00 -29.44549256   9.01769425
2832.00 -29.48942330   9.03595586
2834.00 -29.53337660   9.05424037
2836.00 -29.57735245   9.07254780
2838.00 -29.62135082   9.09087814
2840.00 -29.66537172   9.10923141
2842.00 -29.70941511   9.12760762
2844.00 -29.75348099   9.14600677
2846.00 -29.79756933   9.16442888
2848.00 -29.84168013   9.18287395
2850.00 -29.88581337   9.20134199
2852.00 -29.92996903   9.21983301
2854.00 -29.97414710   9.23834702
2856.00 -30.01834756   9.25688403
2858.00 -30.06257039   9.27544404
2860.00 -30.10681559   9.29402707
2862.00 -30.15108312   9.31263313
2864.00 -30.19537299   9.33126221
2866.00 -30.23968517   9.34991433
2868.00 -30.28401965   9.36858951
2870.00 -30.32837642   9.38728774
2872.00 -30.37275544   9.40600903
2874.00 -30.41715673   9.42475340
2876.00 -30.46158024   9.44352085
2878.00 -30.50602598   9.46231140
2880.00 -30.55049392   9.48112504
2882.00 -30.59498405   9.49996180
2884.00 -30.63949635   9.51882166
2886.00 -30.68403082   9.53770466
2888.00 -30.72858742   9.55661079
2890.00 -30.77316615   9.57554005
2892.00 -30.81776699   9.59449247
2894.00 -30.86238993   9.61346805
2896.00 -30.90703495   9.63246680
2898.00 -30.95170203   9.65148872
2900.00 -30.99639116   9.67053382
2902.00 -31.04110233   9.68960212
2904.00 -31.08583551   9.70869361
2906.00 -31.13059069   9.72780832
2908.00 -31.17536786   9.74694624
2910.00 -31.22016701   9.76610738
2912.00 -31.26498810   9.78529176
2914.00 -31.30983114   9.80449938
2916.00 -31.35469610   9.82373025
2918.00 -31.39958297   9.84298438
2920.00 -31.44449173   9.86226178
2922.00 -31.48942237   9.88156245
2924.00 -31.53437487   9.90088640
2926.00 -31.57934922   9.92023364
2928.00 -31.62434539   9.93960418
2930.00 -31.66936338   9.95899803
2932.00 -31.71440317   9.97841519
2934.00 -31.75946475   9.99785568
2936.00 -31.80454809  10.01731950
2938.00 -31.84965318  10.03680666
2940.00 -31.89478001  10.05631716
2942.00 -31.93992856  10.07585102
2944.00 -31.98509881  10.09540825
2946.00 -32.03029076  10.11498884
2948.00 -32.07550438  10.13459282
2950.00 -32.12073965  10.15422018
2952.00 -32.16599657  10.17387094
2954.00 -32.21127512  10.19354510
2956.00 -32.25657527  10.21324267
2958.00 -32.30189703  10.23296367
2960.00 -32.34724036  10.25270809
2962.00 -32.39260525  10.27247595
2964.00 -32.43799170  10.29226725
2966.00 -32.48339967  10.31208200
2968.00 -32.52882917  10.33192021
2970.00 -32.57428016  10.35178189
2972.00 -32.61975264  10.37166704
2974.00 -32.66524659  10.39157567
2976.00 -32.71076200  10.41150780
2978.00 -32.75629884  10.43146343
2980.00 -32.80185711  10.45144256
2982.00 -32.84743678  10.47144520
2984.00 -32.89303785  10.49147137
2986.00 -32.93866029  10.51152107
2988.00 -32.98430409  10.53159430
2990.00 -33.02996923  10.55169108
2992.00 -33.07565571  10.57181141
2994.00 -33.12136349  10.59195531
2996.00 -33.16709257  10.61212277
2998.00 -33.21284294  10.63231381
3000.00 -33.25861457  10.65252843
3002.00 -33.30440745  10.67276664
3004.00 -33.35022157  10.69302845
3006.00 -33.39605690  10.71331387
3008.00 -33.44191343  10.73362291
3010.00 -33.48779116  10.75395556
3012.00 -33.53369005  10.77431185
3014.00 -33.57961010  10.79469177
3016.00 -33.62555129  10.81509534
3018.00 -33.67151361  10.83552256
3020.00 -33.71749703  10.85597344
3022.00 -33.76350154  10.87644799
3024.00 -33.80952713  10.89694621
3026.00 -33.85557379  10.91746812
3028.00 -33.90164149  10.93801371
3030.00 -33.94773021  10.95858301
3032.00 -33.99383996  10.97917601
3034.00 -34.03997069  10.99979272
3036.00 -34.08612242  11.02043315
3038.00 -34.13229511  11.04109731
3040.00 -34.17848874  11.06178521
3042.00 -34.22470332  11.08249684
3044.00 -34.27093881  11.10323223
3046.00 -34.31719521  11.12399138
3048.00 -34.36347249  11.14477428
3050.00 -34.40977065  11.16558097
3052.00 -34.45608966  11.18641143
3054.00 -34.50242952  11.20726567
3056.00 -34.54879019  11.22814372
3058.00 -34.59517168  11.24904556
3060.00 -34.64157396  11.26997121
3062.00 -34.68799702  11.29092068
3064.00 -34.73444084  11.31189397
3066.00 -34.78090540  11.33289109
3068.00 -34.82739069  11.35391205
3070.00 -34.87389670  11.37495686
3072.00 -34.92042341  11.39602552
3074.00 -34.96697080  11.41711803
3076.00 -35.01353885  11.43823442
3078.00 -35.06012756  11.45937468
3080.00 -35.10673690  11.48053882
3082.00 -35.15336686  11.50172684
3084.00 -35.20001742  11.52293877
3086.00 -35.24668857  11.54417459
3088.00 -35.29338030  11.56543433
3090.00 -35.34009258  11.58671798
3092.00 -35.38682539  11.60802556
3094.00 -35.43357874  11.62935707
3096.00 -35.48035259  11.65071252
3098.00 -35.52714694  11.67209191
3100.00 -35.57396176  11.69349525
3102.00 -35.62079704  11.71492256
3104.00 -35.66765277  11.73637383
3106.00 -35.71452893  11.75784907
3108.00 -35.76142550  11.77934830
3110.00 -35.80834247  11.80087151
3112.00 -35.85527982  11.82241872
3114.00 -35.90223754  11.84398992
3116.00 -35.94921560  11.86558514
3118.00 -35.99621401  11.88720437
3120.00 -36.04323273  11.90884763
3122.00 -36.09027175  11.93051491
3124.00 -36.13733106  11.95220623
3126.00 -36.18441064  11.97392160
3128.00 -36.23151048  11.99566101
3130.00 -36.27863055  12.01742448
3132.00 -36.32577085  12.03921201
3134.00 -36.37293136  12.06102362
3136.00 -36.42011206  12.08285930
3138.00 -36.46731294  12.10471906
3140.00 -36.51453397  12.12660292
3142.00 -36.56177515  12.14851088
3144.00 -36.60903646  12.17044294
3146.00 -36.65631788  12.19239911
3148.00 -36.70361940  12.21437940
3150.00 -36.75094099  12.23638381
3152.00 -36.79828266  12.25841236
3154.00 -36.84564437  12.28046504
3156.00 -36.89302612  12.30254187
3158.00 -36.94042788  12.32464285
3160.00 -36.98784964  12.34676799
3162.00 -37.03529139  12.36891730
3164.00 -37.08275311  12.39109077
3166.00 -37.13023479  12.41328843
3168.00 -37.17773640  12.43551027
3170.00 -37.22525793  12.45775630
3172.00 -37.27279938  12.48002653
3174.00 -37.32036071  12.50232096
3176.00 -37.36794191  12.52463961
3178.00 -37.41554298  12.54698248
3180.00 -37.46316388  12.56934956
3182.00 -37.51080462  12.59174088
3184.00 -37.55846516  12.61415644
3186.00 -37.60614550  12.63659625
3188.00 -37.65384562  12.65906030
3190.00 -37.70156551  12.68154861
3192.00 -37.74930514  12.70406118
3194.00 -37.79706450  12.72659803
3196.00 -37.84484358  12.74915915
3198.00 -37.89264235  12.77174455
3200.00 -37.94046082  12.79435425
3202.00 -37.98829895  12.81698824
3204.00 -38.03615673  12.83964653
3206.00 -38.08403415  12.86232913
3208.00 -38.13193118  12.88503605
3210.00 -38.17984783  12.90776728
3212.00 -38.22778406  12.93052285
3214.00 -38.27573986  12.95330275
3216.00 -38.32371522  12.97610699
3218.00 -38.37171013  12.99893558
3220.00 -38.41972455  13.02178852
3222.00 -38.46775849  13.04466582
3224.00 -38.51581192  13.06756748
3226.00 -38.56388483  13.09049352
3228.00 -38.61197719  13.11344394
3230.00 -38.66008901  13.13641874
3232.00 -38.70822025  13.15941793
3234.00 -38.75637091  13.18244152
3236.00 -38.80454096  13.20548951
3238.00 -38.85273040  13.22856192
3240.00 -38.90093920  13.25165873
3242.00 -38.94916735  13.27477997
3244.00 -38.99741484  13.29792564
3246.00 -39.04568164  13.32109574
3248.00 -39.09396775  13.34429028
3250.00 -39.14227314  13.36750927
3252.00 -39.19059781  13.39075271
3254.00 -39.23894172  13.41402061
3256.00 -39.28730488  13.43731297
3258.00 -39.33568726  13.46062981
3260.00 -39.38408885  13.48397112
3262.00 -39.43250962  13.50733692
3264.00 -39.48094958  13.53072720
3266.00 -39.52940869  13.55414198
3268.00 -39.57788694  13.57758126
3270.00 -39.62638432  13.60104504
3272.00 -39.67490081  13.62453334
3274.00 -39.72343640  13.64804616
3276.00 -39.77199107  13.67158350
3278.00 -39.82056480  13.69514538
3280.00 -39.86915758  13.71873179
3282.00 -39.91776939  13.74234274
3284.00 -39.96640021  13.76597824
3286.00 -40.01505004  13.78963830
3288.00 -40.06371885  13.81332292
3290.00 -40.11240662  13.83703210
3292.00 -40.16111335  13.86076586
3294.00 -40.20983902  13.88452419
3296.00 -40.25858360  13.90830711
3298.00 -40.30734709  13.93211461
3300.00 -40.35612947  13.95594672
3302.00 -40.40493072  13.97980342
3304.00 -40.45375083  14.00368473
3306.00 -40.50258977  14.02759065
3308.00 -40.55144754  14.05152120
3310.00 -40.60032412  14.07547636
3312.00 -40.64921950  14.09945616
3314.00 -40.69813365  14.12346059
3316.00 -40.74706656  14.14748967
3318.00 -40.79601821  14.17154339
3320.00 -40.84498859  14.19562176
3322.00 -40.89397769  14.21972480
3324.00 -40.94298548  14.24385249
3326.00 -40.99201196  14.26800486
3328.00 -41.04105710  14.29218190
3330.00 -41.09012089  14.31638363
3332.00 -41.13920331  14.34061004
3334.00 -41.18830435  14.36486114
3336.00 -41.23742399  14.38913694
3338.00 -41.28656222  14.41343745
3340.00 -41.33571901  14.43776266
3342.00 -41.38489436  14.46211259
3344.00 -41.43408825  14.48648724
3346.00 -41.48330066  14.51088662
3348.00 -41.53253157  14.53531072
3350.00 -41.58178098  14.55975957
3352.00 -41.63104885  14.58423315
3354.00 -41.68033519  14.60873149
3356.00 -41.72963997  14.63325457
3358.00 -41.77896317  14.65780242
3360.00 -41.82830479  14.68237503
3362.00 -41.87766479  14.70697241
3364.00 -41.92704318  14.73159456
3366.00 -41.97643993  14.75624150
3368.00 -42.02585502  14.78091322
3370.00 -42.07528845  14.80560973
3372.00 -42.12474019  14.83033104
3374.00 -42.17421023  14.85507715
3376.00 -42.22369855  14.87984807
3378.00 -42.27320513  14.90464380
3380.00 -42.32272997  14.92946435
3382.00 -42.37227304  14.95430972
3384.00 -42.42183434  14.97917992
3386.00 -42.47141383  15.00407495
3388.00 -42.52101151  15.02899483
3390.00 -42.57062736  15.05393954
3392.00 -42.62026137  15.07890911
3394.00 -42.66991352  15.10390353
3396.00 -42.71958378  15.12892282
3398.00 -42.76927216  15.15396696
3400.00 -42.81897863  15.17903598
3402.00 -42.86870317  15.20412988
3404.00 -42.91844577  15.22924865
3406.00 -42.96820642  15.25439231
3408.00 -43.01798509  15.27956087
3410.00 -43.06778177  15.30475431
3412.00 -43.11759645  15.32997266
3414.00 -43.16742911  15.35521592
3416.00 -43.21727973  15.38048409
3418.00 -43.26714830  15.40577717
3420.00 -43.31703480  15.43109518
3422.00 -43.36693922  15.45643812
3424.00 -43.41686154  15.48180598
3426.00 -43.46680174  15.50719878
3428.00 -43.51675981  15.53261653
3430.00 -43.56673573  15.55805922
3432.00 -43.61672948  15.58352687
3434.00 -43.66674106  15.60901947
3436.00 -43.71677044  15.63453703
3438.00 -43.76681761  15.66007956
3440.00 -43.81688255  15.68564706
3442.00 -43.86696525  15.71123954
3444.00 -43.91706569  15.73685701
3446.00 -43.96718385  15.76249945
3448.00 -44.01731972  15.78816689
3450.00 -44.06747329  15.81385933
3452.00 -44.11764453  15.83957677
3454.00 -44.16783343  15.86531921
3456.00 -44.21803997  15.89108667
3458.00 -44.26826415  15.91687914
3460.00 -44.31850594  15.94269663
3462.00 -44.36876532  15.96853915
3464.00 -44.41904228  15.99440670
3466.00 -44.46933681  16.02029928
3468.00 -44.51964889  16.04621691
3470.00 -44.56997850  16.07215958
3472.00 -44.62032563  16.09812729
3474.00 -44.67069026  16.12412007
3476.00 -44.72107238  16.15013790
3478.00 -44.77147197  16.17618080
3480.00 -44.82188900  16.20224876
3482.00 -44.87232348  16.22834180
3484.00 -44.92277538  16.25445991
3486.00 -44.97324468  16.28060311
3488.00 -45.02373137  16.30677140
3490.00 -45.07423544  16.33296478
3492.00 -45.12475686  16.35918325
3494.00 -45.17529563  16.38542683
3496.00 -45.22585172  16.41169551
3498.00 -45.27642512  16.43798930
3500.00 -45.32701582  16.46430821
3502.00 -45.37762379  16.49065224
3504.00 -45.42824903  16.51702139
3506.00 -45.47889151  16.54341567
3508.00 -45.52955123  16.56983508
3510.00 -45.58022815  16.59627964
3512.00 -45.63092228  16.62274933
3514.00 -45.68163359  16.64924417
3516.00 -45.73236206  16.67576416
3518.00 -45.78310769  16.70230931
3520.00 -45.83387045  16.72887962
3522.00 -45.88465033  16.75547509
3524.00 -45.93544731  16.78209574
3526.00 -45.98626138  16.80874155
3528.00 -46.03709252  16.83541255
3530.00 -46.08794071  16.86210873
3532.00 -46.13880595  16.88883009
3534.00 -46.18968820  16.91557665
3536.00 -46.24058747  16.94234840
3538.00 -46.29150372  16.96914535
3540.00 -46.34243696  16.99596750
3542.00 -46.39338715  17.02281487
3544.00 -46.44435428  17.04968745
3546.00 -46.49533834  17.07658524
3548.00 -46.54633932  17.10350826
3550.00 -46.59735719  17.13045650
3552.00 -46.64839194  17.15742998
3554.00 -46.69944355  17.18442869
3556.00 -46.75051202  17.21145263
3558.00 -46.80159731  17.23850183
3560.00 -46.85269942  17.26557626
3562.00 -46.90381833  17.29267595
3564.00 -46.95495403  17.31980090
3566.00 -47.00610649  17.34695110
3568.00 -47.05727571  17.37412657
3570.00 -47.10846166  17.40132731
3572.00 -47.15966434  17.42855332
3574.00 -47.21088372  17.45580461
3576.00 -47.26211978  17.48308118
3578.00 -47.31337253  17.51038303
3580.00 -47.36464192  17.53771017
3582.00 -47.41592796  17.56506261
3584.00 -47.46723063  17.59244034
3586.00 -47.51854990  17.61984338
3588.00 -47.56988577  17.64727172
3590.00 -47.62123822  17.67472537
3592.00 -47.67260723  17.70220433
3594.00 -47.72399278  17.72970861
3596.00 -47.77539487  17.75723821
3598.00 -47.82681346  17.78479314
3600.00 -47.87824856  17.81237340
3602.00 -47.92970014  17.83997899
3604.00 -47.98116818  17.86760992
3606.00 -48.03265268  17.89526619
3608.00 -48.08415361  17.92294780
3610.00 -48.13567096  17.95065477
3612.00 -48.18720471  17.97838709
3614.00 -48.23875485  18.00614476
3616.00 -48.29032136  18.03392780
3618.00 -48.34190422  18.06173620
3620.00 -48.39350342  18.08956997
3622.00 -48.44511895  18.11742912
3624.00 -48.49675079  18.14531364
3626.00 -48.54839891  18.17322354
3628.00 -48.60006331  18.20115882
3630.00 -48.65174398  18.22911950
3632.00 -48.70344088  18.25710556
3634.00 -48.75515402  18.28511703
3636.00 -48.80688336  18.31315389
3638.00 -48.85862891  18.34121615
3640.00 -48.91039063  18.36930382
3642.00 -48.96216852  18.39741691
3644.00 -49.01396255  18.42555541
3646.00 -49.06577272  18.45371932
3648.00 -49.11759901  18.48190866
3650.00 -49.16944140  18.51012342
3652.00 -49.22129987  18.53836362
3654.00 -49.27317441  18.56662924
3656.00 -49.32506501  18.59492031
3658.00 -49.37697164  18.62323681
3660.00 -49.42889430  18.65157876
3662.00 -49.48083296  18.67994616
3664.00 -49.53278761  18.70833900
3666.00 -49.58475823  18.73675731
3668.00 -49.63674482  18.76520107
3670.00 -49.68874734  18.79367029
3672.00 -49.74076580  18.82216498
3674.00 -49.79280016  18.85068514
3676.00 -49.84485042  18.87923077
3678.00 -49.89691656  18.90780188
3680.00 -49.94899856  18.93639846
3682.00 -50.00109641  18.96502054
3684.00 -50.05321009  18.99366809
3686.00 -50.10533958  19.02234114
3688.00 -50.15748488  19.05103969
3690.00 -50.20964596  19.07976373
3692.00 -50.26182281  19.10851327
3694.00 -50.31401541  19.13728831
3696.00 -50.36622374  19.16608887
3698.00 -50.41844780  19.19491493
3700.00 -50.47068756  19.22376651
3702.00 -50.52294302  19.25264361
3704.00 -50.57521414  19.28154623
3706.00 -50.62750092  19.31047437
3708.00 -50.67980335  19.33942804
3710.00 -50.73212140  19.36840725
3712.00 -50.78445505  19.39741199
3714.00 -50.83680431  19.42644226
3716.00 -50.88916914  19.45549808
3718.00 -50.94154953  19.48457944
3720.00 -50.99394547  19.51368636
3722.00 -51.04635694  19.54281882
3724.00 -51.09878393  19.57197684
3726.00 -51.15122641  19.60116041
3728.00 -51.20368438  19.63036955
3730.00 -51.25615782  19.65960425
3732.00 -51.30864671  19.68886452
3734.00 -51.36115103  19.71815036
3736.00 -51.41367077  19.74746177
3738.00 -51.46620592  19.77679877
3740.00 -51.51875646  19.80616134
3742.00 -51.57132237  19.83554949
3744.00 -51.62390363  19.86496324
3746.00 -51.67650024  19.89440257
3748.00 -51.72911217  19.92386750
3750.00 -51.78173942  19.95335802
3752.00 -51.83438195  19.98287414
3754.00 -51.88703976  20.01241586
3756.00 -51.93971284  20.04198319
3758.00 -51.99240116  20.07157613
3760.00 -52.04510471  20.10119468
3762.00 -52.09782348  20.13083885
3764.00 -52.15055745  20.16050863
3766.00 -52.20330660  20.19020404
3768.00 -52.25607091  20.21992506
3770.00 -52.30885038  20.24967172
3772.00 -52.36164499  20.27944400
3774.00 -52.41445471  20.30924192
3776.00 -52.46727954  20.33906547
3778.00 -52.52011946  20.36891467
3780.00 -52.57297445  20.39878950
3782.00 -52.62584450  20.42868998
3784.00 -52.67872958  20.45861611
3786.00 -52.73162970  20.48856788
3788.00 -52.78454482  20.51854531
3790.00 -52.83747494  20.54854840
3792.00 -52.89042003  20.57857715
3794.00 -52.94338009  20.60863156
3796.00 -52.99635510  20.63871163
3798.00 -53.04934503  20.66881737
3800.00 -53.10234989  20.69894879
3802.00 -53.15536964  20.72910587
3804.00 -53.20840427  20.75928863
3806.00 -53.26145377  20.78949708
3808.00 -53.31451813  20.81973120
3810.00 -53.36759732  20.84999101
3812.00 -53.42069133  20.88027650
3814.00 -53.47380015  20.91058769
3816.00 -53.52692375  20.94092457
3818.00 -53.58006213  20.97128715
3820.00 -53.63321527  21.00167542
3822.00 -53.68638315  21.03208939
3824.00 -53.73956576  21.06252907
3826.00 -53.79276307  21.09299446
3828.00 -53.84597509  21.12348555
3830.00 -53.89920178  21.15400236
3832.00 -53.95244313  21.18454488
3834.00 -54.00569913  21.21511312
3836.00 -54.05896977  21.24570708
3838.00 -54.11225502  21.27632676
3840.00 -54.16555487  21.30697217
3842.00 -54.21886931  21.33764331
3844.00 -54.27219831  21.36834017
3846.00 -54.32554187  21.39906277
3848.00 -54.37889997  21.42981110
3850.00 -54.43227259  21.46058518
3852.00 -54.48565971  21.49138499
3854.00 -54.53906133  21.52221054
3856.00 -54.59247742  21.55306185
3858.00 -54.64590797  21.58393890
3860.00 -54.69935296  21.61484170
3862.00 -54.75281239  21.64577025
3864.00 -54.80628622  21.67672456
3866.00 -54.85977445  21.70770463
3868.00 -54.91327706  21.73871046
3870.00 -54.96679404  21.76974205
3872.00 -55.02032537  21.80079941
3874.00 -55.07387103  21.83188253
3876.00 -55.12743101  21.86299143
3878.00 -55.18100529  21.89412610
3880.00 -55.23459386  21.92528654
3882.00 -55.28819670  21.95647276
3884.00 -55.34181380  21.98768476
3886.00 -55.39544513  22.01892255
3888.00 -55.44909069  22.05018611
3890.00 -55.50275046  22.08147547
3892.00 -55.55642443  22.11279061
3894.00 -55.61011256  22.14413155
3896.00 -55.66381487  22.17549828
3898.00 -55.71753131  22.20689081
3900.00 -55.77126189  22.23830913
3902.00 -55.82500658  22.26975326
3904.00 -55.87876537  22.30122318
3906.00 -55.93253825  22.33271892
3908.00 -55.98632519  22.36424046
3910.00 -56.04012619  22.39578781
3912.00 -56.09394122  22.42736097
3914.00 -56.14777027  22.45895995
3916.00 -56.20161333  22.49058475
3918.00 -56.25547038  22.52223536
3920.00 -56.30934140  22.55391179
3922.00 -56.36322638  22.58561405
3924.00 -56.41712531  22.61734213
3926.00 -56.47103816  22.64909604
3928.00 -56.52496492  22.68087577
3930.00 -56.57890558  22.71268134
3932.00 -56.63286012  22.74451274
3934.00 -56.68682852  22.77636998
3936.00 -56.74081078  22.80825306
3938.00 -56.79480686  22.84016197
3940.00 -56.84881677  22.87209673
3942.00 -56.90284048  22.90405733
3944.00 -56.95687797  22.93604378
3946.00 -57.01092924  22.96805607
3948.00 -57.06499426  23.00009422
3950.00 -57.11907302  23.03215821
3952.00 -57.17316551  23.06424807
3954.00 -57.22727171  23.09636377
3956.00 -57.28139160  23.12850534
3958.00 -57.33552516  23.16067276
3960.00 -57.38967239  23.19286605
3962.00 -57.44383327  23.22508520
3964.00 -57.49800778  23.25733021
3966.00 -57.55219590  23.28960110
3968.00 -57.60639763  23.32189785
3970.00 -57.66061293  23.35422048
3972.00 -57.71484181  23.38656897
3974.00 -57.76908424  23.41894335
3976.00 -57.82334021  23.45134360
3978.00 -57.87760970  23.48376973
3980.00 -57.93189270  23.51622174
3982.00 -57.98618919  23.54869963
3984.00 -58.04049916  23.58120341
3986.00 -58.09482258  23.61373307
3988.00 -58.14915945  23.64628862
3990.00 -58.20350975  23.67887006
3992.00 -58.25787346  23.71147739
3994.00 -58.31225057  23.74411062
3996.00 -58.36664107  23.77676974
3998.00 -58.42104493  23.80945476
4000.00 -58.47546214  23.84216568
4002.00 -58.52989269  23.87490249
4004.00 -58.58433656  23.90766521
4006.00 -58.63879373  23.94045383
4008.00 -58.69326420  23.97326836
4010.00 -58.74774794  24.00610880
4012.00 -58.80224493  24.03897514
4014.00 -58.85675517  24.07186740
4016.00 -58.91127864  24.10478556
4018.00 -58.96581532  24.13772964
4020.00 -59.02036520  24.17069964
4022.00 -59.07492825  24.20369555
4024.00 -59.12950448  24.23671738
4026.00 -59.18409385  24.26976513
4028.00 -59.23869636  24.30283881
4030.00 -59.29331198  24.33593840
4032.00 -59.34794072  24.36906392
4034.00 -59.40258254  24.40221537
4036.00 -59.45723743  24.43539275
4038.00 -59.51190538  24.46859605
4040.00 -59.56658637  24.50182529
4042.00 -59.62128039  24.53508046
4044.00 -59.67598742  24.56836156
4046.00 -59.73070744  24.60166860
4048.00 -59.78544045  24.63500158
4050.00 -59.84018642  24.66836049
4052.00 -59.89494534  24.70174534
4054.00 -59.94971719  24.73515614
4056.00 -60.00450196  24.76859288
4058.00 -60.05929964  24.80205556
4060.00 -60.11411020  24.83554419
4062.00 -60.16893363  24.86905876
4064.00 -60.22376993  24.90259929
4066.00 -60.27861906  24.93616576
4068.00 -60.33348102  24.96975818
4070.00 -60.38835579  25.00337656
4072.00 -60.44324335  25.03702089
4074.00 -60.49814369  25.07069118
4076.00 -60.55305680  25.10438742
4078.00 -60.60798266  25.13810962
4080.00 -60.66292125  25.17185778
4082.00 -60.71787256  25.20563190
4084.00 -60.77283657  25.23943199
4086.00 -60.82781327  25.27325803
4088.00 -60.88280264  25.30711004
4090.00 -60.93780467  25.34098802
4092.00 -60.99281934  25.37489196
4094.00 -61.04784663  25.40882187
4096.00 -61.10288654  25.44277775
4098.00 -61.15793904  25.47675960
4100.00 -61.21300412  25.51076742
4102.00 -61.26808177  25.54480122
4104.00 -61.32317196  25.57886099
4106.00 -61.37827469  25.61294673
4108.00 -61.43338993  25.64705845
4110.00 -61.48851768  25.68119615
4112.00 -61.54365792  25.71535983
4114.00 -61.59881063  25.74954949
4116.00 -61.65397579  25.78376512
4118.00 -61.70915340  25.81800674
4120.00 -61.76434344  25.85227435
4122.00 -61.81954588  25.88656793
4124.00 -61.87476072  25.92088751
4126.00 -61.92998794  25.95523307
4128.00 -61.98522753  25.98960461
4130.00 -62.04047947  26.02400215
4132.00 -62.09574374  26.05842567
4134.00 -62.15102033  26.09287519
4136.00 -62.20630922  26.12735070
4138.00 -62.26161040  26.16185220
4140.00 -62.31692386  26.19637969
4142.00 -62.37224957  26.23093318
4144.00 -62.42758753  26.26551266
4146.00 -62.48293771  26.30011814
4148.00 -62.53830010  26.33474962
4150.00 -62.59367470  26.36940709
4152.00 -62.64906147  26.40409057
4154.00 -62.70446041  26.43880004
4156.00 -62.75987150  26.47353552
4158.00 -62.81529473  26.50829700
4160.00 -62.87073007  26.54308448
4162.00 -62.92617753  26.57789796
4164.00 -62.98163707  26.61273745
4166.00 -63.03710868  26.64760295
4168.00 -63.09259236  26.68249445
4170.00 -63.14808808  26.71741196
4172.00 -63.20359583  26.75235548
4174.00 -63.25911559  26.78732500
4176.00 -63.31464735  26.82232054
4178.00 -63.37019110  26.85734209
4180.00 -63.42574681  26.89238964
4182.00 -63.48131448  26.92746321
4184.00 -63.53689408  26.96256280
4186.00 -63.59248561  26.99768839
4188.00 -63.64808904  27.03284000
4190.00 -63.70370436  27.06801763
4192.00 -63.75933157  27.10322127
4194.00 -63.81497063  27.13845093
4196.00 -63.87062154  27.17370660
4198.00 -63.92628428  27.20898830
4200.00 -63.98195883  27.24429601
4202.00 -64.03764519  27.27962974
4204.00 -64.09334333  27.31498949
4206.00 -64.14905325  27.35037526
4208.00 -64.20477491  27.38578706
4210.00 -64.26050832  27.42122487
4212.00 -64.31625346  27.45668871
4214.00 -64.37201030  27.49217857
4216.00 -64.42777884  27.52769445
4218.00 -64.48355905  27.56323636
4220.00 -64.53935093  27.59880430
4222.00 -64.59515446  27.63439826
4224.00 -64.65096963  27.67001824
4226.00 -64.70679641  27.70566425
4228.00 -64.76263480  27.74133629
4230.00 -64.81848477  27.77703436
4232.00 -64.87434632  27.81275845
4234.00 -64.93021942  27.84850858
4236.00 -64.98610407  27.88428473
4238.00 -65.04200025  27.92008691
4240.00 -65.09790794  27.95591512
4242.00 -65.15382713  27.99176937
4244.00 -65.20975780  28.02764964
4246.00 -65.26569994  28.06355595
4248.00 -65.32165353  28.09948829
4250.00 -65.37761855  28.13544666
4252.00 -65.43359500  28.17143106
4254.00 -65.48958286  28.20744150
4256.00 -65.54558211  28.24347797
4258.00 -65.60159273  28.27954047
4260.00 -65.65761472  28.31562901
4262.00 -65.71364806  28.35174359
4264.00 -65.76969272  28.38788420
4266.00 -65.82574870  28.42405084
4268.00 -65.88181599  28.46024352
4270.00 -65.93789456  28.49646224
4272.00 -65.99398440  28.53270699
4274.00 -66.05008550  28.56897778
4276.00 -66.10619784  28.60527461
4278.00 -66.16232141  28.64159748
4280.00 -66.21845618  28.67794638
4282.00 -66.27460216  28.71432132
4284.00 -66.33075931  28.75072230
4286.00 -66.38692763  28.78714932
4288.00 -66.44310710  28.82360237
4290.00 -66.49929771  28.86008147
4292.00 -66.55549944  28.89658660
4294.00 -66.61171227  28.93311778
4296.00 -66.66793620  28.96967499
4298.00 -66.72417120  29.00625825
4300.00 -66.78041727  29.04286754
4302.00 -66.83667437  29.07950288
4304.00 -66.89294251  29.11616425
4306.00 -66.94922167  29.15285167
4308.00 -67.00551183  29.18956512
4310.00 -67.06181297  29.22630462
4312.00 -67.11812508  29.26307016
4314.00 -67.17444815  29.29986174
4316.00 -67.23078216  29.33667936
4318.00 -67.28712710  29.37352302
4320.00 -67.34348295  29.41039272
4322.00 -67.39984969  29.44728846
4324.00 -67.45622732  29.48421025
4326.00 -67.51261581  29.52115808
4328.00 -67.56901515  29.55813195
4330.00 -67.62542533  29.59513186
4332.00 -67.68184634  29.63215781
4334.00 -67.73827814  29.66920980
4336.00 -67.79472074  29.70628784
4338.00 -67.85117412  29.74339192
4340.00 -67.90763826  29.78052203
4342.00 -67.96411314  29.81767819
4344.00 -68.02059876  29.85486040
4346.00 -68.07709509  29.89206864
4348.00 -68.13360212  29.92930293
4350.00 -68.19011985  29.96656325
4352.00 -68.24664824  30.00384962
4354.00 -68.30318729  30.04116203
4356.00 -68.35973699  30.07850048
4358.00 -68.41629731  30.11586497
4360.00 -68.47286824  30.15325551
4362.00 -68.52944977  30.19067208
4364.00 -68.58604189  30.22811470
4366.00 -68.64264457  30.26558335
4368.00 -68.69925781  30.30307805
4370.00 -68.75588158  30.34059878
4372.00 -68.81251588  30.37814556
4374.00 -68.86916069  30.41571838
4376.00 -68.92581599  30.45331723
4378.00 -68.98248177  30.49094213
4380.00 -69.03915801  30.52859307
4382.00 -69.09584470  30.56627004
4384.00 -69.15254183  30.60397305
4386.00 -69.20924938  30.64170211
4388.00 -69.26596733  30.67945720
4390.00 -69.32269567  30.71723833
4392.00 -69.37943438  30.75504549
4394.00 -69.43618346  30.79287870
4396.00 -69.49294288  30.83073794
4398.00 -69.54971263  30.86862322
4400.00 -69.60649270  30.90653454
4402.00 -69.66328307  30.94447189
4404.00 -69.72008373  30.98243528
4406.00 -69.77689465  31.02042470
4408.00 -69.83371584  31.05844016
4410.00 -69.89054726  31.09648166
4412.00 -69.94738891  31.13454919
4414.00 -70.00424078  31.17264275
4416.00 -70.06110284  31.21076235
4418.00 -70.11797508  31.24890799
4420.00 -70.17485750  31.28707965
4422.00 -70.23175006  31.32527735
4424.00 -70.28865277  31.36350108
4426.00 -70.34556560  31.40175085
4428.00 -70.40248854  31.44002664
4430.00 -70.45942157  31.47832847
4432.00 -70.51636468  31.51665633
4434.00 -70.57331785  31.55501021
4436.00 -70.63028108  31.59339013
4438.00 -70.68725434  31.63179608
4440.00 -70.74423763  31.67022805
4442.00 -70.80123091  31.70868606
4444.00 -70.85823419  31.74717009
4446.00 -70.91524745  31.78568015
4448.00 -70.97227067  31.82421623
4450.00 -71.02930383  31.86277835
4452.00 -71.08634693  31.90136648
4454.00 -71.14339995  31.93998065
4456.00 -71.20046287  31.97862083
4458.00 -71.25753567  32.01728705
4460.00 -71.31461835  32.05597928
4462.00 -71.37171089  32.09469754
4464.00 -71.42881328  32.13344182
4466.00 -71.48592549  32.17221212
4468.00 -71.54304752  32.21100844
4470.00 -71.60017935  32.24983079
4472.00 -71.65732097  32.28867915
4474.00 -71.71447235  32.32755353
4476.00 -71.77163350  32.36645393
4478.00 -71.82880438  32.40538035
4480.00 -71.88598499  32.44433278
4482.00 -71.94317532  32.48331124
4484.00 -72.00037534  32.52231570
4486.00 -72.05758505  32.56134619
4488.00 -72.11480442  32.60040268
4490.00 -72.17203345  32.63948519
4492.00 -72.22927212  32.67859371
4494.00 -72.28652042  32.71772825
4496.00 -72.34377832  32.75688880
4498.00 -72.40104582  32.79607535
4500.00 -72.45832290  32.83528792
4502.00 -72.51560955  32.87452650
4504.00 -72.57290575  32.91379108
4506.00 -72.63021149  32.95308167
4508.00 -72.68752675  32.99239827
4510.00 -72.74485152  33.03174087
4512.00 -72.80218578  33.07110948
4514.00 -72.85952953  33.11050409
4516.00 -72.91688273  33.14992471
4518.00 -72.97424539  33.18937133
4520.00 -73.03161749  33.22884395
4522.00 -73.08899900  33.26834257
4524.00 -73.14638992  33.30786719
4526.00 -73.20379023  33.34741781
4528.00 -73.26119992  33.38699443
4530.00 -73.31861898  33.42659705
4532.00 -73.37604738  33.46622566
4534.00 -73.43348512  33.50588026
4536.00 -73.49093217  33.54556087
4538.00 -73.54838853  33.58526746
4540.00 -73.60585418  33.62500005
4542.00 -73.66332911  33.66475863
4544.00 -73.72081330  33.70454320
4546.00 -73.77830674  33.74435375
4548.00 -73.83580941  33.78419030
4550.00 -73.89332129  33.82405284
4552.00 -73.95084238  33.86394136
4554.00 -74.00837266  33.90385587
4556.00 -74.06591212  33.94379636
4558.00 -74.12346073  33.98376283
4560.00 -74.18101849  34.02375529
4562.00 -74.23858539  34.06377373
4564.00 -74.29616140  34.10381815
4566.00 -74.35374651  34.14388855
4568.00 -74.41134071  34.18398493
4570.00 -74.46894398  34.22410728
4572.00 -74.52655632  34.26425561
4574.00 -74.58417769  34.30442992
4576.00 -74.64180810  34.34463020
4578.00 -74.69944753  34.38485645
4580.00 -74.75709595  34.42510867
4582.00 -74.81475337  34.46538687
4584.00 -74.87241976  34.50569103
4586.00 -74.93009510  34.54602116
4588.00 -74.98777939  34.58637726
4590.00 -75.04547261  34.62675932
4592.00 -75.10317475  34.66716735
4594.00 -75.16088578  34.70760134
4596.00 -75.21860570  34.74806130
4598.00 -75.27633450  34.78854721
4600.00 -75.33407215  34.82905909
4602.00 -75.39181865  34.86959692
4604.00 -75.44957398  34.91016071
4606.00 -75.50733812  34.95075046
4608.00 -75.56511106  34.99136616
4610.00 -75.62289279  35.03200782
4612.00 -75.68068329  35.07267543
4614.00 -75.73848255  35.11336899
4616.00 -75.79629055  35.15408849
4618.00 -75.85410728  35.19483395
4620.00 -75.91193272  35.23560536
4622.00 -75.96976687  35.27640271
4624.00 -76.02760970  35.31722600
4626.00 -76.08546121  35.35807524
4628.00 -76.14332137  35.39895042
4630.00 -76.20119017  35.43985154
4632.00 -76.25906761  35.48077859
4634.00 -76.31695366  35.52173159
4636.00 -76.37484831  35.56271052
4638.00 -76.43275154  35.60371539
4640.00 -76.49066335  35.64474619
4642.00 -76.54858372  35.68580292
4644.00 -76.60651263  35.72688559
4646.00 -76.66445006  35.76799418
4648.00 -76.72239602  35.80912870
4650.00 -76.78035047  35.85028915
4652.00 -76.83831342  35.89147552
4654.00 -76.89628483  35.93268782
4656.00 -76.95426470  35.97392604
4658.00 -77.01225302  36.01519018
4660.00 -77.07024976  36.05648023
4662.00 -77.12825493  36.09779621
4664.00 -77.18626849  36.13913810
4666.00 -77.24429044  36.18050591
4668.00 -77.30232076  36.22189962
4670.00 -77.36035945  36.26331926
4672.00 -77.41840647  36.30476480
4674.00 -77.47646183  36.34623624
4676.00 -77.53452551  36.38773360
4678.00 -77.59259748  36.42925686
4680.00 -77.65067775  36.47080603
4682.00 -77.70876629  36.51238109
4684.00 -77.76686308  36.55398206
4686.00 -77.82496813  36.59560893
4688.00 -77.88308140  36.63726169
4690.00 -77.94120290  36.67894035
4692.00 -77.99933259  36.72064491
4694.00 -78.05747048  36.76237536
4696.00 -78.11561654  36.80413169
4698.00 -78.17377076  36.84591392
4700.00 -78.23193313  36.88772204
4702.00 -78.29010363  36.92955604
4704.00 -78.34828225  36.97141592
4706.00 -78.40646897  37.01330169
4708.00 -78.46466379  37.05521334
4710.00 -78.52286668  37.09715087
4712.00 -78.58107763  37.13911427
4714.00 -78.63929664  37.18110355
4716.00 -78.69752367  37.22311871
4718.00 -78.75575873  37.26515974
4720.00 -78.81400179  37.30722663
4722.00 -78.87225285  37.34931940
4724.00 -78.93051188  37.39143804
4726.00 -78.98877888  37.43358254
4728.00 -79.04705382  37.47575290
4730.00 -79.10533671  37.51794913
4732.00 -79.16362751  37.56017121
4734.00 -79.22192622  37.60241915
4736.00 -79.28023283  37.64469295
4738.00 -79.33854732  37.68699261
4740.00 -79.39686967  37.72931812
4742.00 -79.45519987  37.77166947
4744.00 -79.51353792  37.81404668
4746.00 -79.57188378  37.85644974
4748.00 -79.63023746  37.89887864
4750.00 -79.68859893  37.94133338
4752.00 -79.74696818  37.98381396
4754.00 -79.80534521  38.02632039
4756.00 -79.86372998  38.06885265
4758.00 -79.92212250  38.11141075
4760.00 -79.98052274  38.15399468
4762.00 -80.03893070  38.19660445
4764.00 -80.09734635  38.23924004
4766.00 -80.15576969  38.28190147
4768.00 -80.21420070  38.32458872
4770.00 -80.27263936  38.36730179
4772.00 -80.33108567  38.41004069
4774.00 -80.38953961  38.45280541
4776.00 -80.44800116  38.49559594
4778.00 -80.50647031  38.53841230
4780.00 -80.56494705  38.58125446
4782.00 -80.62343136  38.62412244
4784.00 -80.68192323  38.66701623
4786.00 -80.74042265  38.70993583
4788.00 -80.79892960  38.75288124
4790.00 -80.85744406  38.79585245
4792.00 -80.91596603  38.83884946
4794.00 -80.97449549  38.88187228
4796.00 -81.03303243  38.92492089
4798.00 -81.09157683  38.96799529
4800.00 -81.15012868  39.01109550
4802.00 -81.20868796  39.05422149
4804.00 -81.26725466  39.09737328
4806.00 -81.32582877  39.14055085
4808.00 -81.38441027  39.18375421
4810.00 -81.44299915  39.22698335
4812.00 -81.50159540  39.27023827
4814.00 -81.56019900  39.31351897
4816.00 -81.61880993  39.35682546
4818.00 -81.67742819  39.40015771
4820.00 -81.73605376  39.44351574
4822.00 -81.79468663  39.48689954
4824.00 -81.85332678  39.53030911
4826.00 -81.91197420  39.57374444
4828.00 -81.97062887  39.61720554
4830.00 -82.02929079  39.66069241
4832.00 -82.08795993  39.70420503
4834.00 -82.14663629  39.74774341
4836.00 -82.20531984  39.79130754
4838.00 -82.26401059  39.83489743
4840.00 -82.32270850  39.87851307
4842.00 -82.38141358  39.92215446
4844.00 -82.44012580  39.96582160
4846.00 -82.49884515  40.00951448
4848.00 -82.55757162  40.05323310
4850.00 -82.61630520  40.09697746
4852.00 -82.67504586  40.14074756
4854.00 -82.73379360  40.18454339
4856.00 -82.79254841  40.22836496
4858.00 -82.85131026  40.27221226
4860.00 -82.91007915  40.31608529
4862.00 -82.96885506  40.35998404
4864.00 -83.02763798  40.40390852
4866.00 -83.08642789  40.44785871
4868.00 -83.14522479  40.49183463
4870.00 -83.20402865  40.53583627
4872.00 -83.26283947  40.57986361
4874.00 -83.32165722  40.62391667
4876.00 -83.38048191  40.66799544
4878.00 -83.43931350  40.71209992
4880.00 -83.49815200  40.75623010
4882.00 -83.55699738  40.80038599
4884.00 -83.61584963  40.84456757
4886.00 -83.67470874  40.88877486
4888.00 -83.73357469  40.93300783
4890.00 -83.79244748  40.97726650
4892.00 -83.85132708  41.02155086
4894.00 -83.91021349  41.06586091
4896.00 -83.96910669  41.11019665
4898.00 -84.02800666  41.15455806
4900.00 -84.08691340  41.19894516
4902.00 -84.14582689  41.24335793
4904.00 -84.20474711  41.28779639
4906.00 -84.26367406  41.33226051
4908.00 -84.32260772  41.37675030
4910.00 -84.38154807  41.42126577
4912.00 -84.44049510  41.46580690
4914.00 -84.49944880  41.51037369
4916.00 -84.55840916  41.55496614
4918.00 -84.61737616  41.59958425
4920.00 -84.67634978  41.64422801
4922.00 -84.73533002  41.68889743
4924.00 -84.79431686  41.73359250
4926.00 -84.85331029  41.77831321
4928.00 -84.91231029  41.82305958
4930.00 -84.97131685  41.86783158
4932.00 -85.03032996  41.91262922
4934.00 -85.08934960  41.95745250
4936.00 -85.14837577  42.00230142
4938.00 -85.20740843  42.04717597
4940.00 -85.26644760  42.09207615
4942.00 -85.32549324  42.13700195
4944.00 -85.38454534  42.18195338
4946.00 -85.44360390  42.22693043
4948.00 -85.50266890  42.27193310
4950.00 -85.56174033  42.31696138
4952.00 -85.62081817  42.36201528
4954.00 -85.67990240  42.40709479
4956.00 -85.73899302  42.45219991
4958.00 -85.79809002  42.49733063
4960.00 -85.85719337  42.54248696
4962.00 -85.91630307  42.58766889
4964.00 -85.97541910  42.63287641
4966.00 -86.03454145  42.67810953
4968.00 -86.09367010  42.72336824
4970.00 -86.15280505  42.76865254
4972.00 -86.21194627  42.81396243
4974.00 -86.27109376  42.85929790
4976.00 -86.33024750  42.90465895
4978.00 -86.38940748  42.95004558
4980.00 -86.44857368  42.99545779
4982.00 -86.50774610  43.04089557
4984.00 -86.56692471  43.08635891
4986.00 -86.62610951  43.13184783
4988.00 -86.68530048  43.17736231
4990.00 -86.74449761  43.22290235
4992.00 -86.80370089  43.26846795
4994.00 -86.86291029  43.31405910
4996.00 -86.92212582  43.35967581
4998.00 -86.98134745  43.40531807
5000.00 -87.04057517  43.45098588
