wavelength(nm)         real         imag
200.00   3.87370979   0.00050245
201.00   3.87344633   0.00051003
202.00   3.87318156   0.00051767
203.00   3.87291547   0.00052540
204.00   3.87264807   0.00053320
205.00   3.87237936   0.00054108
206.00   3.87210934   0.00054903
207.00   3.87183800   0.00055706
208.00   3.87156536   0.00056518
209.00   3.87129140   0.00057336
210.00   3.87101613   0.00058163
211.00   3.87073955   0.00058998
212.00   3.87046166   0.00059840
213.00   3.87018245   0.00060691
214.00   3.86990193   0.00061549
215.00   3.86962011   0.00062416
216.00   3.86933697   0.00063291
217.00   3.86905251   0.00064174
218.00   3.86876675   0.00065065
219.00   3.86847967   0.00065964
220.00   3.86819129   0.00066871
221.00   3.86790159   0.00067787
222.00   3.86761058   0.00068711
223.00   3.86731826   0.00069644
224.00   3.86702463   0.00070585
225.00   3.86672968   0.00071534
226.00   3.86643343   0.00072492
227.00   3.86613586   0.00073458
228.00   3.86583698   0.00074433
229.00   3.86553679   0.00075416
230.00   3.86523529   0.00076408
231.00   3.86493248   0.00077409
232.00   3.86462836   0.00078418
233.00   3.86432293   0.00079436
234.00   3.86401618   0.00080463
235.00   3.86370813   0.00081498
236.00   3.86339876   0.00082543
237.00   3.86308808   0.00083596
238.00   3.86277609   0.00084659
239.00   3.86246279   0.00085730
240.00   3.86214818   0.00086810
241.00   3.86183226   0.00087899
242.00   3.86151503   0.00088998
243.00   3.86119649   0.00090105
244.00   3.86087663   0.00091222
245.00   3.86055547   0.00092347
246.00   3.86023299   0.00093482
247.00   3.85990921   0.00094627
248.00   3.85958411   0.00095780
249.00   3.85925770   0.00096943
250.00   3.85892999   0.00098115
251.00   3.85860096   0.00099297
252.00   3.85827062   0.00100488
253.00   3.85793897   0.00101689
254.00   3.85760601   0.00102899
255.00   3.85727174   0.00104118
256.00   3.85693616   0.00105348
257.00   3.85659927   0.00106586
258.00   3.85626107   0.00107835
259.00   3.85592156   0.00109093
260.00   3.85558074   0.00110361
261.00   3.85523861   0.00111639
262.00   3.85489517   0.00112927
263.00   3.85455042   0.00114224
264.00   3.85420436   0.00115531
265.00   3.85385699   0.00116849
266.00   3.85350830   0.00118176
267.00   3.85315831   0.00119513
268.00   3.85280701   0.00120860
269.00   3.85245440   0.00122218
270.00   3.85210048   0.00123585
271.00   3.85174525   0.00124963
272.00   3.85138871   0.00126351
273.00   3.85103086   0.00127749
274.00   3.85067170   0.00129157
275.00   3.85031123   0.00130576
276.00   3.84994946   0.00132005
277.00   3.84958637   0.00133444
278.00   3.84922197   0.00134894
279.00   3.84885627   0.00136354
280.00   3.84848925   0.00137825
281.00   3.84812092   0.00139306
282.00   3.84775129   0.00140798
283.00   3.84738035   0.00142300
284.00   3.84700809   0.00143814
285.00   3.84663453   0.00145337
286.00   3.84625966   0.00146872
287.00   3.84588348   0.00148417
288.00   3.84550599   0.00149973
289.00   3.84512719   0.00151540
290.00   3.84474708   0.00153118
291.00   3.84436566   0.00154706
292.00   3.84398294   0.00156306
293.00   3.84359890   0.00157916
294.00   3.84321356   0.00159538
295.00   3.84282691   0.00161171
296.00   3.84243895   0.00162814
297.00   3.84204968   0.00164469
298.00   3.84165910   0.00166135
299.00   3.84126721   0.00167812
300.00   3.84087402   0.00169501
301.00   3.84047952   0.00171200
302.00   3.84008370   0.00172911
303.00   3.83968658   0.00174634
304.00   3.83928815   0.00176368
305.00   3.83888842   0.00178113
306.00   3.83848737   0.00179870
307.00   3.83808502   0.00181638
308.00   3.83768135   0.00183417
309.00   3.83727638   0.00185209
310.00   3.83687010   0.00187012
311.00   3.83646252   0.00188826
312.00   3.83605362   0.00190652
313.00   3.83564342   0.00192490
314.00   3.83523191   0.00194340
315.00   3.83481909   0.00196202
316.00   3.83440497   0.00198075
317.00   3.83398953   0.00199960
318.00   3.83357279   0.00201858
319.00   3.83315474   0.00203767
320.00   3.83273538   0.00205688
321.00   3.83231472   0.00207621
322.00   3.83189275   0.00209566
323.00   3.83146947   0.00211523
324.00   3.83104488   0.00213493
325.00   3.83061898   0.00215475
326.00   3.83019178   0.00217468
327.00   3.82976327   0.00219474
328.00   3.82933345   0.00221493
329.00   3.82890233   0.00223524
330.00   3.82846990   0.00225567
331.00   3.82803616   0.00227622
332.00   3.82760111   0.00229690
333.00   3.82716476   0.00231770
334.00   3.82672710   0.00233863
335.00   3.82628813   0.00235969
336.00   3.82584786   0.00238087
337.00   3.82540628   0.00240217
338.00   3.82496339   0.00242360
339.00   3.82451920   0.00244516
340.00   3.82407370   0.00246685
341.00   3.82362689   0.00248867
342.00   3.82317877   0.00251061
343.00   3.82272935   0.00253268
344.00   3.82227863   0.00255488
345.00   3.82182659   0.00257721
346.00   3.82137325   0.00259967
347.00   3.82091861   0.00262226
348.00   3.82046265   0.00264498
349.00   3.82000539   0.00266783
350.00   3.81954683   0.00269081
351.00   3.81908696   0.00271392
352.00   3.81862578   0.00273717
353.00   3.81816329   0.00276054
354.00   3.81769950   0.00278405
355.00   3.81723441   0.00280770
356.00   3.81676801   0.00283147
357.00   3.81630030   0.00285538
358.00   3.81583128   0.00287942
359.00   3.81536096   0.00290360
360.00   3.81488934   0.00292791
361.00   3.81441641   0.00295236
362.00   3.81394217   0.00297695
363.00   3.81346663   0.00300166
364.00   3.81298978   0.00302652
365.00   3.81251163   0.00305151
366.00   3.81203217   0.00307664
367.00   3.81155141   0.00310191
368.00   3.81106934   0.00312731
369.00   3.81058596   0.00315286
370.00   3.81010128   0.00317854
371.00   3.80961530   0.00320436
372.00   3.80912801   0.00323032
373.00   3.80863941   0.00325641
374.00   3.80814951   0.00328265
375.00   3.80765831   0.00330903
376.00   3.80716580   0.00333555
377.00   3.80667198   0.00336221
378.00   3.80617686   0.00338902
379.00   3.80568044   0.00341596
380.00   3.80518271   0.00344305
381.00   3.80468368   0.00347028
382.00   3.80418334   0.00349765
383.00   3.80368170   0.00352517
384.00   3.80317875   0.00355283
385.00   3.80267450   0.00358063
386.00   3.80216894   0.00360858
387.00   3.80166208   0.00363667
388.00   3.80115392   0.00366491
389.00   3.80064445   0.00369329
390.00   3.80013368   0.00372182
391.00   3.79962160   0.00375050
392.00   3.79910822   0.00377932
393.00   3.79859353   0.00380829
394.00   3.79807755   0.00383741
395.00   3.79756025   0.00386667
396.00   3.79704166   0.00389609
397.00   3.79652176   0.00392565
398.00   3.79600055   0.00395536
399.00   3.79547805   0.00398522
400.00   3.79495424   0.00401523
401.00   3.79442912   0.00404539
402.00   3.79390270   0.00407570
403.00   3.79337498   0.00410616
404.00   3.79284596   0.00413677
405.00   3.79231563   0.00416754
406.00   3.79178400   0.00419845
407.00   3.79125107   0.00422952
408.00   3.79071683   0.00426074
409.00   3.79018129   0.00429212
410.00   3.78964444   0.00432364
411.00   3.78910630   0.00435533
412.00   3.78856685   0.00438716
413.00   3.78802610   0.00441915
414.00   3.78748404   0.00445130
415.00   3.78694069   0.00448360
416.00   3.78639603   0.00451605
417.00   3.78585006   0.00454866
418.00   3.78530280   0.00458143
419.00   3.78475423   0.00461435
420.00   3.78420436   0.00464744
421.00   3.78365319   0.00468068
422.00   3.78310071   0.00471407
423.00   3.78254694   0.00474763
424.00   3.78199186   0.00478134
425.00   3.78143548   0.00481521
426.00   3.78087779   0.00484925
427.00   3.78031881   0.00488344
428.00   3.77975852   0.00491779
429.00   3.77919693   0.00495230
430.00   3.77863404   0.00498698
431.00   3.77806985   0.00502181
432.00   3.77750436   0.00505681
433.00   3.77693756   0.00509196
434.00   3.77636947   0.00512728
435.00   3.77580007   0.00516277
436.00   3.77522937   0.00519841
437.00   3.77465737   0.00523422
438.00   3.77408406   0.00527020
439.00   3.77350946   0.00530633
440.00   3.77293355   0.00534263
441.00   3.77235635   0.00537910
442.00   3.77177784   0.00541573
443.00   3.77119803   0.00545253
444.00   3.77061692   0.00548949
445.00   3.77003451   0.00552662
446.00   3.76945080   0.00556392
447.00   3.76886579   0.00560139
448.00   3.76827948   0.00563902
449.00   3.76769187   0.00567682
450.00   3.76710296   0.00571478
451.00   3.76651274   0.00575292
452.00   3.76592123   0.00579122
453.00   3.76532841   0.00582970
454.00   3.76473430   0.00586834
455.00   3.76413888   0.00590716
456.00   3.76354217   0.00594614
457.00   3.76294415   0.00598530
458.00   3.76234484   0.00602462
459.00   3.76174422   0.00606412
460.00   3.76114231   0.00610379
461.00   3.76053909   0.00614363
462.00   3.75993458   0.00618365
463.00   3.75932877   0.00622384
464.00   3.75872165   0.00626420
465.00   3.75811324   0.00630473
466.00   3.75750353   0.00634544
467.00   3.75689251   0.00638633
468.00   3.75628020   0.00642739
469.00   3.75566659   0.00646862
470.00   3.75505168   0.00651003
471.00   3.75443547   0.00655162
472.00   3.75381796   0.00659338
473.00   3.75319916   0.00663532
474.00   3.75257905   0.00667743
475.00   3.75195764   0.00671973
476.00   3.75133494   0.00676220
477.00   3.75071094   0.00680485
478.00   3.75008564   0.00684767
479.00   3.74945904   0.00689068
480.00   3.74883114   0.00693387
481.00   3.74820194   0.00697723
482.00   3.74757145   0.00702078
483.00   3.74693965   0.00706451
484.00   3.74630656   0.00710841
485.00   3.74567217   0.00715250
486.00   3.74503648   0.00719677
487.00   3.74439949   0.00724122
488.00   3.74376121   0.00728586
489.00   3.74312163   0.00733067
490.00   3.74248075   0.00737567
491.00   3.74183857   0.00742086
492.00   3.74119509   0.00746622
493.00   3.74055032   0.00751177
494.00   3.73990425   0.00755751
495.00   3.73925688   0.00760343
496.00   3.73860821   0.00764954
497.00   3.73795825   0.00769583
498.00   3.73730699   0.00774230
499.00   3.73665443   0.00778897
500.00   3.73600058   0.00783582
501.00   3.73534543   0.00788285
502.00   3.73468898   0.00793008
503.00   3.73403123   0.00797749
504.00   3.73337219   0.00802509
505.00   3.73271185   0.00807288
506.00   3.73205021   0.00812086
507.00   3.73138728   0.00816903
508.00   3.73072305   0.00821738
509.00   3.73005752   0.00826593
510.00   3.72939070   0.00831467
511.00   3.72872258   0.00836359
512.00   3.72805317   0.00841271
513.00   3.72738245   0.00846202
514.00   3.72671045   0.00851153
515.00   3.72603714   0.00856122
516.00   3.72536254   0.00861111
517.00   3.72468665   0.00866119
518.00   3.72400946   0.00871146
519.00   3.72333097   0.00876193
520.00   3.72265119   0.00881259
521.00   3.72197011   0.00886345
522.00   3.72128773   0.00891450
523.00   3.72060406   0.00896574
524.00   3.71991910   0.00901718
525.00   3.71923284   0.00906882
526.00   3.71854528   0.00912065
527.00   3.71785643   0.00917268
528.00   3.71716629   0.00922491
529.00   3.71647485   0.00927733
530.00   3.71578211   0.00932996
531.00   3.71508808   0.00938278
532.00   3.71439275   0.00943579
533.00   3.71369613   0.00948901
534.00   3.71299822   0.00954243
535.00   3.71229901   0.00959605
536.00   3.71159851   0.00964986
537.00   3.71089671   0.00970388
538.00   3.71019361   0.00975809
539.00   3.70948923   0.00981251
540.00   3.70878355   0.00986713
541.00   3.70807657   0.00992195
542.00   3.70736830   0.00997698
543.00   3.70665874   0.01003220
544.00   3.70594788   0.01008763
545.00   3.70523573   0.01014326
546.00   3.70452228   0.01019910
547.00   3.70380755   0.01025514
548.00   3.70309151   0.01031138
549.00   3.70237419   0.01036783
550.00   3.70165557   0.01042449
551.00   3.70093566   0.01048134
552.00   3.70021445   0.01053841
553.00   3.69949195   0.01059568
554.00   3.69876816   0.01065316
555.00   3.69804308   0.01071084
556.00   3.69731670   0.01076874
557.00   3.69658903   0.01082683
558.00   3.69586006   0.01088514
559.00   3.69512981   0.01094366
560.00   3.69439826   0.01100238
561.00   3.69366542   0.01106132
562.00   3.69293128   0.01112046
563.00   3.69219586   0.01117981
564.00   3.69145914   0.01123938
565.00   3.69072113   0.01129915
566.00   3.68998182   0.01135913
567.00   3.68924123   0.01141933
568.00   3.68849934   0.01147974
569.00   3.68775616   0.01154036
570.00   3.68701169   0.01160119
571.00   3.68626593   0.01166224
572.00   3.68551888   0.01172349
573.00   3.68477053   0.01178496
574.00   3.68402089   0.01184665
575.00   3.68326996   0.01190855
576.00   3.68251774   0.01197066
577.00   3.68176423   0.01203299
578.00   3.68100943   0.01209554
579.00   3.68025334   0.01215830
580.00   3.67949595   0.01222127
581.00   3.67873728   0.01228447
582.00   3.67797731   0.01234788
583.00   3.67721605   0.01241150
584.00   3.67645350   0.01247535
585.00   3.67568966   0.01253941
586.00   3.67492454   0.01260369
587.00   3.67415812   0.01266819
588.00   3.67339041   0.01273291
589.00   3.67262141   0.01279784
590.00   3.67185112   0.01286300
591.00   3.67107953   0.01292838
592.00   3.67030666   0.01299398
593.00   3.66953250   0.01305979
594.00   3.66875705   0.01312583
595.00   3.66798031   0.01319209
596.00   3.66720228   0.01325858
597.00   3.66642296   0.01332528
598.00   3.66564235   0.01339221
599.00   3.66486046   0.01345936
600.00   3.66407727   0.01352673
601.00   3.66329279   0.01359433
602.00   3.66250703   0.01366215
603.00   3.66171997   0.01373020
604.00   3.66093163   0.01379847
605.00   3.66014199   0.01386697
606.00   3.65935107   0.01393569
607.00   3.65855886   0.01400464
608.00   3.65776536   0.01407381
609.00   3.65697057   0.01414321
610.00   3.65617450   0.01421284
611.00   3.65537713   0.01428270
612.00   3.65457848   0.01435278
613.00   3.65377854   0.01442309
614.00   3.65297731   0.01449363
615.00   3.65217479   0.01456440
616.00   3.65137098   0.01463540
617.00   3.65056589   0.01470662
618.00   3.64975951   0.01477808
619.00   3.64895184   0.01484977
620.00   3.64814288   0.01492168
621.00   3.64733264   0.01499383
622.00   3.64652111   0.01506621
623.00   3.64570829   0.01513883
624.00   3.64489418   0.01521167
625.00   3.64407879   0.01528475
626.00   3.64326211   0.01535806
627.00   3.64244414   0.01543160
628.00   3.64162489   0.01550537
629.00   3.64080434   0.01557938
630.00   3.63998252   0.01565363
631.00   3.63915940   0.01572811
632.00   3.63833500   0.01580282
633.00   3.63750931   0.01587777
634.00   3.63668234   0.01595296
635.00   3.63585408   0.01602838
636.00   3.63502453   0.01610404
637.00   3.63419370   0.01617993
638.00   3.63336158   0.01625606
639.00   3.63252817   0.01633243
640.00   3.63169348   0.01640904
641.00   3.63085751   0.01648588
642.00   3.63002025   0.01656297
643.00   3.62918170   0.01664029
644.00   3.62834186   0.01671785
645.00   3.62750075   0.01679566
646.00   3.62665834   0.01687370
647.00   3.62581465   0.01695198
648.00   3.62496968   0.01703050
649.00   3.62412342   0.01710927
650.00   3.62327588   0.01718828
651.00   3.62242705   0.01726752
652.00   3.62157693   0.01734701
653.00   3.62072554   0.01742675
654.00   3.61987285   0.01750672
655.00   3.61901889   0.01758694
656.00   3.61816363   0.01766741
657.00   3.61730710   0.01774811
658.00   3.61644928   0.01782907
659.00   3.61559017   0.01791026
660.00   3.61472978   0.01799170
661.00   3.61386811   0.01807339
662.00   3.61300516   0.01815532
663.00   3.61214092   0.01823750
664.00   3.61127539   0.01831993
665.00   3.61040859   0.01840260
666.00   3.60954050   0.01848552
667.00   3.60867112   0.01856869
668.00   3.60780047   0.01865211
669.00   3.60692852   0.01873577
670.00   3.60605530   0.01881969
671.00   3.60518080   0.01890385
672.00   3.60430501   0.01898826
673.00   3.60342793   0.01907292
674.00   3.60254958   0.01915783
675.00   3.60166994   0.01924300
676.00   3.60078902   0.01932841
677.00   3.59990682   0.01941408
678.00   3.59902334   0.01949999
679.00   3.59813857   0.01958616
680.00   3.59725252   0.01967258
681.00   3.59636519   0.01975926
682.00   3.59547658   0.01984618
683.00   3.59458668   0.01993336
684.00   3.59369551   0.02002080
685.00   3.59280305   0.02010849
686.00   3.59190931   0.02019643
687.00   3.59101429   0.02028463
688.00   3.59011799   0.02037308
689.00   3.58922040   0.02046179
690.00   3.58832154   0.02055076
691.00   3.58742139   0.02063998
692.00   3.58651997   0.02072946
693.00   3.58561726   0.02081919
694.00   3.58471327   0.02090918
695.00   3.58380800   0.02099944
696.00   3.58290145   0.02108994
697.00   3.58199362   0.02118071
698.00   3.58108451   0.02127174
699.00   3.58017412   0.02136302
700.00   3.57926245   0.02145457
701.00   3.57834950   0.02154637
702.00   3.57743527   0.02163844
703.00   3.57651976   0.02173077
704.00   3.57560297   0.02182335
705.00   3.57468490   0.02191620
706.00   3.57376555   0.02200931
707.00   3.57284492   0.02210268
708.00   3.57192301   0.02219632
709.00   3.57099982   0.02229022
710.00   3.57007535   0.02238438
711.00   3.56914961   0.02247880
712.00   3.56822258   0.02257349
713.00   3.56729428   0.02266845
714.00   3.56636469   0.02276366
715.00   3.56543383   0.02285915
716.00   3.56450169   0.02295489
717.00   3.56356827   0.02305091
718.00   3.56263358   0.02314719
719.00   3.56169760   0.02324373
720.00   3.56076035   0.02334055
721.00   3.55982182   0.02343763
722.00   3.55888201   0.02353498
723.00   3.55794092   0.02363259
724.00   3.55699855   0.02373048
725.00   3.55605491   0.02382863
726.00   3.55510999   0.02392705
727.00   3.55416379   0.02402574
728.00   3.55321632   0.02412470
729.00   3.55226756   0.02422393
730.00   3.55131753   0.02432343
731.00   3.55036623   0.02442321
732.00   3.54941364   0.02452325
733.00   3.54845978   0.02462356
734.00   3.54750465   0.02472415
735.00   3.54654823   0.02482501
736.00   3.54559054   0.02492614
737.00   3.54463157   0.02502755
738.00   3.54367133   0.02512922
739.00   3.54270981   0.02523117
740.00   3.54174702   0.02533340
741.00   3.54078294   0.02543590
742.00   3.53981760   0.02553867
743.00   3.53885097   0.02564172
744.00   3.53788307   0.02574505
745.00   3.53691390   0.02584865
746.00   3.53594345   0.02595252
747.00   3.53497172   0.02605668
748.00   3.53399872   0.02616111
749.00   3.53302445   0.02626582
750.00   3.53204889   0.02637080
751.00   3.53107207   0.02647606
752.00   3.53009397   0.02658160
753.00   3.52911459   0.02668742
754.00   3.52813394   0.02679352
755.00   3.52715202   0.02689990
756.00   3.52616882   0.02700656
757.00   3.52518434   0.02711350
758.00   3.52419859   0.02722072
759.00   3.52321157   0.02732821
760.00   3.52222328   0.02743600
761.00   3.52123371   0.02754406
762.00   3.52024286   0.02765240
763.00   3.51925074   0.02776103
764.00   3.51825735   0.02786994
765.00   3.51726269   0.02797913
766.00   3.51626675   0.02808860
767.00   3.51526954   0.02819836
768.00   3.51427105   0.02830840
769.00   3.51327130   0.02841873
770.00   3.51227027   0.02852934
771.00   3.51126796   0.02864024
772.00   3.51026439   0.02875142
773.00   3.50925954   0.02886289
774.00   3.50825342   0.02897464
775.00   3.50724602   0.02908669
776.00   3.50623736   0.02919901
777.00   3.50522742   0.02931163
778.00   3.50421621   0.02942453
779.00   3.50320372   0.02953772
780.00   3.50218997   0.02965120
781.00   3.50117494   0.02976497
782.00   3.50015865   0.02987902
783.00   3.49914108   0.02999337
784.00   3.49812224   0.03010800
785.00   3.49710212   0.03022293
786.00   3.49608074   0.03033815
787.00   3.49505809   0.03045365
788.00   3.49403416   0.03056945
789.00   3.49300897   0.03068554
790.00   3.49198250   0.03080192
791.00   3.49095476   0.03091860
792.00   3.48992575   0.03103556
793.00   3.48889547   0.03115282
794.00   3.48786393   0.03127037
795.00   3.48683111   0.03138822
796.00   3.48579702   0.03150636
797.00   3.48476166   0.03162479
798.00   3.48372503   0.03174352
799.00   3.48268713   0.03186255
800.00   3.48164796   0.03198187
801.00   3.48060752   0.03210148
802.00   3.47956582   0.03222139
803.00   3.47852284   0.03234160
804.00   3.47747859   0.03246211
805.00   3.47643308   0.03258291
806.00   3.47538629   0.03270401
807.00   3.47433824   0.03282541
808.00   3.47328892   0.03294710
809.00   3.47223833   0.03306910
810.00   3.47118647   0.03319139
811.00   3.47013334   0.03331398
812.00   3.46907895   0.03343687
813.00   3.46802328   0.03356007
814.00   3.46696635   0.03368356
815.00   3.46590815   0.03380735
816.00   3.46484868   0.03393145
817.00   3.46378795   0.03405584
818.00   3.46272595   0.03418054
819.00   3.46166267   0.03430554
820.00   3.46059814   0.03443084
821.00   3.45953233   0.03455645
822.00   3.45846526   0.03468236
823.00   3.45739692   0.03480857
824.00   3.45632731   0.03493509
825.00   3.45525644   0.03506191
826.00   3.45418430   0.03518903
827.00   3.45311089   0.03531646
828.00   3.45203622   0.03544420
829.00   3.45096028   0.03557224
830.00   3.44988308   0.03570059
831.00   3.44880460   0.03582924
832.00   3.44772487   0.03595820
833.00   3.44664386   0.03608747
834.00   3.44556159   0.03621705
835.00   3.44447806   0.03634693
836.00   3.44339326   0.03647712
837.00   3.44230719   0.03660762
838.00   3.44121986   0.03673843
839.00   3.44013126   0.03686955
840.00   3.43904140   0.03700097
841.00   3.43795027   0.03713271
842.00   3.43685788   0.03726476
843.00   3.43576423   0.03739712
844.00   3.43466931   0.03752979
845.00   3.43357312   0.03766277
846.00   3.43247567   0.03779606
847.00   3.43137696   0.03792966
848.00   3.43027698   0.03806358
849.00   3.42917574   0.03819781
850.00   3.42807323   0.03833235
851.00   3.42696946   0.03846721
852.00   3.42586443   0.03860238
853.00   3.42475813   0.03873786
854.00   3.42365057   0.03887366
855.00   3.42254175   0.03900978
856.00   3.42143166   0.03914620
857.00   3.42032031   0.03928295
858.00   3.41920770   0.03942001
859.00   3.41809382   0.03955739
860.00   3.41697868   0.03969508
861.00   3.41586228   0.03983309
862.00   3.41474462   0.03997142
863.00   3.41362569   0.04011006
864.00   3.41250550   0.04024903
865.00   3.41138405   0.04038831
866.00   3.41026134   0.04052791
867.00   3.40913737   0.04066783
868.00   3.40801213   0.04080807
869.00   3.40688563   0.04094863
870.00   3.40575787   0.04108951
871.00   3.40462885   0.04123071
872.00   3.40349857   0.04137223
873.00   3.40236703   0.04151407
874.00   3.40123422   0.04165623
875.00   3.40010016   0.04179872
876.00   3.39896483   0.04194153
877.00   3.39782825   0.04208466
878.00   3.39669040   0.04222811
879.00   3.39555129   0.04237189
880.00   3.39441093   0.04251599
881.00   3.39326930   0.04266041
882.00   3.39212641   0.04280516
883.00   3.39098226   0.04295024
884.00   3.38983686   0.04309563
885.00   3.38869019   0.04324136
886.00   3.38754226   0.04338741
887.00   3.38639308   0.04353378
888.00   3.38524263   0.04368049
889.00   3.38409093   0.04382752
890.00   3.38293796   0.04397487
891.00   3.38178374   0.04412256
892.00   3.38062826   0.04427057
893.00   3.37947152   0.04441891
894.00   3.37831352   0.04456758
895.00   3.37715426   0.04471658
896.00   3.37599375   0.04486590
897.00   3.37483197   0.04501556
898.00   3.37366894   0.04516555
899.00   3.37250465   0.04531586
900.00   3.37133911   0.04546651
901.00   3.37017230   0.04561749
902.00   3.36900424   0.04576880
903.00   3.36783492   0.04592044
904.00   3.36666434   0.04607242
905.00   3.36549251   0.04622472
906.00   3.36431941   0.04637736
907.00   3.36314507   0.04653033
908.00   3.36196946   0.04668364
909.00   3.36079260   0.04683728
910.00   3.35961448   0.04699125
911.00   3.35843510   0.04714556
912.00   3.35725447   0.04730021
913.00   3.35607258   0.04745518
914.00   3.35488944   0.04761050
915.00   3.35370504   0.04776615
916.00   3.35251939   0.04792213
917.00   3.35133247   0.04807846
918.00   3.35014431   0.04823512
919.00   3.34895489   0.04839211
920.00   3.34776421   0.04854945
921.00   3.34657228   0.04870712
922.00   3.34537909   0.04886513
923.00   3.34418464   0.04902348
924.00   3.34298895   0.04918217
925.00   3.34179200   0.04934120
926.00   3.34059379   0.04950057
927.00   3.33939433   0.04966028
928.00   3.33819361   0.04982033
929.00   3.33699164   0.04998072
930.00   3.33578842   0.05014145
931.00   3.33458394   0.05030252
932.00   3.33337821   0.05046394
933.00   3.33217123   0.05062569
934.00   3.33096299   0.05078779
935.00   3.32975350   0.05095023
936.00   3.32854275   0.05111302
937.00   3.32733075   0.05127615
938.00   3.32611750   0.05143962
939.00   3.32490300   0.05160344
940.00   3.32368724   0.05176760
941.00   3.32247023   0.05193211
942.00   3.32125197   0.05209696
943.00   3.32003246   0.05226216
944.00   3.31881169   0.05242770
945.00   3.31758967   0.05259359
946.00   3.31636640   0.05275983
947.00   3.31514188   0.05292641
948.00   3.31391611   0.05309334
949.00   3.31268908   0.05326062
950.00   3.31146081   0.05342825
951.00   3.31023128   0.05359622
952.00   3.30900050   0.05376455
953.00   3.30776847   0.05393322
954.00   3.30653519   0.05410224
955.00   3.30530066   0.05427162
956.00   3.30406487   0.05444134
957.00   3.30282784   0.05461141
958.00   3.30158956   0.05478184
959.00   3.30035003   0.05495261
960.00   3.29910924   0.05512374
961.00   3.29786721   0.05529522
962.00   3.29662393   0.05546705
963.00   3.29537939   0.05563924
964.00   3.29413361   0.05581177
965.00   3.29288658   0.05598466
966.00   3.29163830   0.05615791
967.00   3.29038877   0.05633151
968.00   3.28913799   0.05650546
969.00   3.28788596   0.05667977
970.00   3.28663268   0.05685443
971.00   3.28537815   0.05702945
972.00   3.28412238   0.05720482
973.00   3.28286536   0.05738055
974.00   3.28160709   0.05755663
975.00   3.28034757   0.05773308
976.00   3.27908680   0.05790988
977.00   3.27782479   0.05808703
978.00   3.27656152   0.05826455
979.00   3.27529701   0.05844242
980.00   3.27403126   0.05862065
981.00   3.27276425   0.05879924
982.00   3.27149600   0.05897819
983.00   3.27022650   0.05915750
984.00   3.26895575   0.05933717
985.00   3.26768376   0.05951720
986.00   3.26641052   0.05969759
987.00   3.26513604   0.05987834
988.00   3.26386031   0.06005945
989.00   3.26258333   0.06024093
990.00   3.26130510   0.06042276
991.00   3.26002563   0.06060496
992.00   3.25874492   0.06078752
993.00   3.25746295   0.06097044
994.00   3.25617975   0.06115373
995.00   3.25489529   0.06133738
996.00   3.25360960   0.06152139
997.00   3.25232265   0.06170577
998.00   3.25103447   0.06189052
999.00   3.24974503   0.06207562
1000.00   3.24845436   0.06226110
1001.00   3.24716243   0.06244694
1002.00   3.24586927   0.06263314
1003.00   3.24457486   0.06281972
1004.00   3.24327920   0.06300665
1005.00   3.24198230   0.06319396
1006.00   3.24068416   0.06338163
1007.00   3.23938477   0.06356967
1008.00   3.23808414   0.06375808
1009.00   3.23678227   0.06394686
1010.00   3.23547915   0.06413601
1011.00   3.23417479   0.06432552
1012.00   3.23286919   0.06451541
1013.00   3.23156234   0.06470566
1014.00   3.23025426   0.06489629
1015.00   3.22894492   0.06508728
1016.00   3.22763435   0.06527865
1017.00   3.22632253   0.06547039
1018.00   3.22500948   0.06566250
1019.00   3.22369518   0.06585498
1020.00   3.22237963   0.06604783
1021.00   3.22106285   0.06624106
1022.00   3.21974482   0.06643466
1023.00   3.21842556   0.06662863
1024.00   3.21710505   0.06682297
1025.00   3.21578330   0.06701769
1026.00   3.21446031   0.06721279
1027.00   3.21313608   0.06740825
1028.00   3.21181060   0.06760410
1029.00   3.21048389   0.06780032
1030.00   3.20915594   0.06799691
1031.00   3.20782674   0.06819388
1032.00   3.20649631   0.06839123
1033.00   3.20516463   0.06858895
1034.00   3.20383172   0.06878705
1035.00   3.20249756   0.06898553
1036.00   3.20116217   0.06918439
1037.00   3.19982554   0.06938362
1038.00   3.19848766   0.06958323
1039.00   3.19714855   0.06978322
1040.00   3.19580820   0.06998359
1041.00   3.19446661   0.07018434
1042.00   3.19312378   0.07038547
1043.00   3.19177971   0.07058698
1044.00   3.19043441   0.07078887
1045.00   3.18908786   0.07099114
1046.00   3.18774008   0.07119379
1047.00   3.18639106   0.07139682
1048.00   3.18504080   0.07160024
1049.00   3.18368930   0.07180404
1050.00   3.18233657   0.07200822
1051.00   3.18098260   0.07221278
1052.00   3.17962739   0.07241772
1053.00   3.17827094   0.07262305
1054.00   3.17691326   0.07282876
1055.00   3.17555434   0.07303486
1056.00   3.17419418   0.07324134
1057.00   3.17283279   0.07344821
1058.00   3.17147016   0.07365546
1059.00   3.17010629   0.07386310
1060.00   3.16874119   0.07407112
1061.00   3.16737485   0.07427953
1062.00   3.16600727   0.07448832
1063.00   3.16463846   0.07469751
1064.00   3.16326842   0.07490708
1065.00   3.16189713   0.07511703
1066.00   3.16052462   0.07532738
1067.00   3.15915086   0.07553811
1068.00   3.15777588   0.07574924
1069.00   3.15639965   0.07596075
1070.00   3.15502220   0.07617265
1071.00   3.15364351   0.07638494
1072.00   3.15226358   0.07659762
1073.00   3.15088242   0.07681069
1074.00   3.14950002   0.07702415
1075.00   3.14811639   0.07723800
1076.00   3.14673153   0.07745224
1077.00   3.14534544   0.07766688
1078.00   3.14395811   0.07788190
1079.00   3.14256954   0.07809732
1080.00   3.14117975   0.07831313
1081.00   3.13978872   0.07852934
1082.00   3.13839645   0.07874594
1083.00   3.13700296   0.07896293
1084.00   3.13560823   0.07918031
1085.00   3.13421227   0.07939809
1086.00   3.13281507   0.07961627
1087.00   3.13141665   0.07983484
1088.00   3.13001699   0.08005380
1089.00   3.12861610   0.08027316
1090.00   3.12721398   0.08049292
1091.00   3.12581063   0.08071307
1092.00   3.12440604   0.08093362
1093.00   3.12300022   0.08115457
1094.00   3.12159318   0.08137592
1095.00   3.12018490   0.08159766
1096.00   3.11877539   0.08181980
1097.00   3.11736465   0.08204234
1098.00   3.11595268   0.08226527
1099.00   3.11453948   0.08248861
1100.00   3.11312505   0.08271235
1101.00   3.11170938   0.08293648
1102.00   3.11029249   0.08316102
1103.00   3.10887437   0.08338595
1104.00   3.10745502   0.08361129
1105.00   3.10603444   0.08383703
1106.00   3.10461263   0.08406317
1107.00   3.10318959   0.08428971
1108.00   3.10176532   0.08451665
1109.00   3.10033982   0.08474400
1110.00   3.09891310   0.08497175
1111.00   3.09748514   0.08519990
1112.00   3.09605596   0.08542845
1113.00   3.09462554   0.08565741
1114.00   3.09319390   0.08588677
1115.00   3.09176104   0.08611654
1116.00   3.09032694   0.08634671
1117.00   3.08889162   0.08657729
1118.00   3.08745506   0.08680827
1119.00   3.08601729   0.08703966
1120.00   3.08457828   0.08727146
1121.00   3.08313805   0.08750366
1122.00   3.08169659   0.08773627
1123.00   3.08025390   0.08796928
1124.00   3.07880998   0.08820271
1125.00   3.07736484   0.08843654
1126.00   3.07591848   0.08867077
1127.00   3.07447088   0.08890542
1128.00   3.07302206   0.08914048
1129.00   3.07157202   0.08937594
1130.00   3.07012075   0.08961182
1131.00   3.06866825   0.08984810
1132.00   3.06721453   0.09008480
1133.00   3.06575958   0.09032190
1134.00   3.06430341   0.09055942
1135.00   3.06284601   0.09079734
1136.00   3.06138739   0.09103568
1137.00   3.05992754   0.09127443
1138.00   3.05846647   0.09151360
1139.00   3.05700417   0.09175317
1140.00   3.05554065   0.09199316
1141.00   3.05407591   0.09223356
1142.00   3.05260994   0.09247437
1143.00   3.05114275   0.09271560
1144.00   3.04967433   0.09295725
1145.00   3.04820470   0.09319930
1146.00   3.04673383   0.09344177
1147.00   3.04526175   0.09368466
1148.00   3.04378844   0.09392796
1149.00   3.04231391   0.09417168
1150.00   3.04083815   0.09441582
1151.00   3.03936118   0.09466037
1152.00   3.03788298   0.09490534
1153.00   3.03640356   0.09515072
1154.00   3.03492291   0.09539652
1155.00   3.03344105   0.09564274
1156.00   3.03195796   0.09588938
1157.00   3.03047365   0.09613644
1158.00   3.02898812   0.09638392
1159.00   3.02750137   0.09663181
1160.00   3.02601340   0.09688013
1161.00   3.02452421   0.09712886
1162.00   3.02303379   0.09737802
1163.00   3.02154216   0.09762759
1164.00   3.02004931   0.09787759
1165.00   3.01855523   0.09812800
1166.00   3.01705993   0.09837884
1167.00   3.01556342   0.09863010
1168.00   3.01406568   0.09888179
1169.00   3.01256673   0.09913389
1170.00   3.01106655   0.09938642
1171.00   3.00956516   0.09963937
1172.00   3.00806255   0.09989274
1173.00   3.00655871   0.10014654
1174.00   3.00505366   0.10040077
1175.00   3.00354739   0.10065541
1176.00   3.00203990   0.10091048
1177.00   3.00053120   0.10116598
1178.00   2.99902127   0.10142190
1179.00   2.99751013   0.10167825
1180.00   2.99599777   0.10193503
1181.00   2.99448419   0.10219223
1182.00   2.99296939   0.10244986
1183.00   2.99145338   0.10270791
1184.00   2.98993615   0.10296639
1185.00   2.98841770   0.10322530
1186.00   2.98689803   0.10348464
1187.00   2.98537715   0.10374441
1188.00   2.98385505   0.10400460
1189.00   2.98233174   0.10426523
1190.00   2.98080720   0.10452628
1191.00   2.97928146   0.10478777
1192.00   2.97775449   0.10504968
1193.00   2.97622631   0.10531203
1194.00   2.97469692   0.10557480
1195.00   2.97316631   0.10583801
1196.00   2.97163448   0.10610164
1197.00   2.97010144   0.10636571
1198.00   2.96856718   0.10663022
1199.00   2.96703171   0.10689515
1200.00   2.96549502   0.10716052
1201.00   2.96395712   0.10742632
1202.00   2.96241801   0.10769255
1203.00   2.96087768   0.10795922
1204.00   2.95933613   0.10822632
1205.00   2.95779337   0.10849385
1206.00   2.95624940   0.10876182
1207.00   2.95470422   0.10903023
1208.00   2.95315782   0.10929907
1209.00   2.95161021   0.10956835
1210.00   2.95006138   0.10983806
1211.00   2.94851134   0.11010821
1212.00   2.94696009   0.11037879
1213.00   2.94540763   0.11064982
1214.00   2.94385396   0.11092128
1215.00   2.94229907   0.11119317
1216.00   2.94074297   0.11146551
1217.00   2.93918565   0.11173828
1218.00   2.93762713   0.11201149
1219.00   2.93606740   0.11228515
1220.00   2.93450645   0.11255924
1221.00   2.93294429   0.11283377
1222.00   2.93138092   0.11310874
1223.00   2.92981634   0.11338415
1224.00   2.92825055   0.11366000
1225.00   2.92668355   0.11393629
1226.00   2.92511534   0.11421303
1227.00   2.92354591   0.11449020
1228.00   2.92197528   0.11476782
1229.00   2.92040344   0.11504588
1230.00   2.91883038   0.11532438
1231.00   2.91725612   0.11560333
1232.00   2.91568065   0.11588272
1233.00   2.91410397   0.11616255
1234.00   2.91252608   0.11644282
1235.00   2.91094698   0.11672354
1236.00   2.90936667   0.11700471
1237.00   2.90778515   0.11728632
1238.00   2.90620243   0.11756837
1239.00   2.90461850   0.11785087
1240.00   2.90303335   0.11813382
1241.00   2.90144700   0.11841721
1242.00   2.89985945   0.11870105
1243.00   2.89827068   0.11898534
1244.00   2.89668071   0.11927007
1245.00   2.89508953   0.11955525
1246.00   2.89349714   0.11984088
1247.00   2.89190355   0.12012696
1248.00   2.89030875   0.12041348
1249.00   2.88871274   0.12070046
1250.00   2.88711552   0.12098788
1251.00   2.88551710   0.12127575
1252.00   2.88391748   0.12156407
1253.00   2.88231664   0.12185285
1254.00   2.88071460   0.12214207
1255.00   2.87911136   0.12243174
1256.00   2.87750691   0.12272187
1257.00   2.87590126   0.12301244
1258.00   2.87429440   0.12330347
1259.00   2.87268633   0.12359495
1260.00   2.87107706   0.12388688
1261.00   2.86946659   0.12417927
1262.00   2.86785491   0.12447211
1263.00   2.86624202   0.12476540
1264.00   2.86462794   0.12505914
1265.00   2.86301264   0.12535334
1266.00   2.86139615   0.12564800
1267.00   2.85977845   0.12594310
1268.00   2.85815955   0.12623867
1269.00   2.85653944   0.12653469
1270.00   2.85491813   0.12683116
1271.00   2.85329562   0.12712809
1272.00   2.85167191   0.12742548
1273.00   2.85004699   0.12772332
1274.00   2.84842087   0.12802162
1275.00   2.84679355   0.12832038
1276.00   2.84516502   0.12861959
1277.00   2.84353530   0.12891927
1278.00   2.84190437   0.12921940
1279.00   2.84027224   0.12951999
1280.00   2.83863891   0.12982103
1281.00   2.83700438   0.13012254
1282.00   2.83536865   0.13042451
1283.00   2.83373171   0.13072694
1284.00   2.83209358   0.13102982
1285.00   2.83045424   0.13133317
1286.00   2.82881371   0.13163698
1287.00   2.82717197   0.13194125
1288.00   2.82552904   0.13224598
1289.00   2.82388490   0.13255117
1290.00   2.82223956   0.13285683
1291.00   2.82059303   0.13316295
1292.00   2.81894530   0.13346953
1293.00   2.81729636   0.13377657
1294.00   2.81564623   0.13408408
1295.00   2.81399490   0.13439205
1296.00   2.81234237   0.13470048
1297.00   2.81068864   0.13500938
1298.00   2.80903371   0.13531874
1299.00   2.80737759   0.13562857
1300.00   2.80572027   0.13593887
1301.00   2.80406175   0.13624963
1302.00   2.80240203   0.13656085
1303.00   2.80074111   0.13687254
1304.00   2.79907900   0.13718470
1305.00   2.79741569   0.13749733
1306.00   2.79575118   0.13781042
1307.00   2.79408548   0.13812398
1308.00   2.79241858   0.13843801
1309.00   2.79075048   0.13875250
1310.00   2.78908119   0.13906747
1311.00   2.78741070   0.13938290
1312.00   2.78573901   0.13969881
1313.00   2.78406613   0.14001518
1314.00   2.78239206   0.14033202
1315.00   2.78071679   0.14064933
1316.00   2.77904032   0.14096712
1317.00   2.77736266   0.14128537
1318.00   2.77568380   0.14160409
1319.00   2.77400375   0.14192329
1320.00   2.77232250   0.14224296
1321.00   2.77064006   0.14256310
1322.00   2.76895643   0.14288371
1323.00   2.76727160   0.14320480
1324.00   2.76558558   0.14352636
1325.00   2.76389836   0.14384839
1326.00   2.76220996   0.14417089
1327.00   2.76052035   0.14449387
1328.00   2.75882956   0.14481733
1329.00   2.75713757   0.14514125
1330.00   2.75544439   0.14546566
1331.00   2.75375002   0.14579054
1332.00   2.75205445   0.14611589
1333.00   2.75035769   0.14644172
1334.00   2.74865974   0.14676803
1335.00   2.74696060   0.14709481
1336.00   2.74526027   0.14742207
1337.00   2.74355874   0.14774981
1338.00   2.74185603   0.14807802
1339.00   2.74015212   0.14840671
1340.00   2.73844702   0.14873588
1341.00   2.73674073   0.14906553
1342.00   2.73503325   0.14939566
1343.00   2.73332458   0.14972627
1344.00   2.73161472   0.15005735
1345.00   2.72990367   0.15038892
1346.00   2.72819143   0.15072096
1347.00   2.72647800   0.15105349
1348.00   2.72476338   0.15138650
1349.00   2.72304757   0.15171999
1350.00   2.72133058   0.15205395
1351.00   2.71961239   0.15238841
1352.00   2.71789301   0.15272334
1353.00   2.71617245   0.15305875
1354.00   2.71445070   0.15339465
1355.00   2.71272776   0.15373103
1356.00   2.71100363   0.15406790
1357.00   2.70927831   0.15440524
1358.00   2.70755181   0.15474308
1359.00   2.70582411   0.15508139
1360.00   2.70409523   0.15542019
1361.00   2.70236517   0.15575948
1362.00   2.70063391   0.15609925
1363.00   2.69890147   0.15643950
1364.00   2.69716785   0.15678024
1365.00   2.69543303   0.15712147
1366.00   2.69369703   0.15746318
1367.00   2.69195985   0.15780538
1368.00   2.69022147   0.15814807
1369.00   2.68848192   0.15849125
1370.00   2.68674117   0.15883491
1371.00   2.68499924   0.15917906
1372.00   2.68325613   0.15952370
1373.00   2.68151183   0.15986883
1374.00   2.67976635   0.16021444
1375.00   2.67801968   0.16056055
1376.00   2.67627183   0.16090714
1377.00   2.67452279   0.16125423
1378.00   2.67277257   0.16160180
1379.00   2.67102116   0.16194987
1380.00   2.66926857   0.16229843
1381.00   2.66751480   0.16264747
1382.00   2.66575985   0.16299701
1383.00   2.66400371   0.16334705
1384.00   2.66224638   0.16369757
1385.00   2.66048788   0.16404858
1386.00   2.65872819   0.16440009
1387.00   2.65696732   0.16475209
1388.00   2.65520527   0.16510459
1389.00   2.65344203   0.16545758
1390.00   2.65167762   0.16581106
1391.00   2.64991202   0.16616503
1392.00   2.64814524   0.16651951
1393.00   2.64637728   0.16687447
1394.00   2.64460814   0.16722993
1395.00   2.64283781   0.16758589
1396.00   2.64106631   0.16794234
1397.00   2.63929363   0.16829929
1398.00   2.63751976   0.16865674
1399.00   2.63574472   0.16901468
1400.00   2.63396849   0.16937312
1401.00   2.63219109   0.16973206
1402.00   2.63041250   0.17009149
1403.00   2.62863274   0.17045142
1404.00   2.62685179   0.17081185
1405.00   2.62506967   0.17117278
1406.00   2.62328637   0.17153421
1407.00   2.62150189   0.17189614
1408.00   2.61971623   0.17225857
1409.00   2.61792939   0.17262149
1410.00   2.61614137   0.17298492
1411.00   2.61435218   0.17334885
1412.00   2.61256181   0.17371328
1413.00   2.61077026   0.17407821
1414.00   2.60897753   0.17444364
1415.00   2.60718363   0.17480958
1416.00   2.60538855   0.17517601
1417.00   2.60359229   0.17554295
1418.00   2.60179485   0.17591039
1419.00   2.59999624   0.17627833
1420.00   2.59819645   0.17664678
1421.00   2.59639549   0.17701573
1422.00   2.59459335   0.17738519
1423.00   2.59279003   0.17775515
1424.00   2.59098554   0.17812561
1425.00   2.58917987   0.17849658
1426.00   2.58737303   0.17886805
1427.00   2.58556501   0.17924003
1428.00   2.58375582   0.17961252
1429.00   2.58194545   0.17998551
1430.00   2.58013391   0.18035901
1431.00   2.57832120   0.18073301
1432.00   2.57650731   0.18110753
1433.00   2.57469224   0.18148255
1434.00   2.57287601   0.18185807
1435.00   2.57105860   0.18223411
1436.00   2.56924001   0.18261065
1437.00   2.56742025   0.18298770
1438.00   2.56559932   0.18336527
1439.00   2.56377722   0.18374334
1440.00   2.56195394   0.18412192
1441.00   2.56012950   0.18450101
1442.00   2.55830388   0.18488061
1443.00   2.55647708   0.18526072
1444.00   2.55464912   0.18564134
1445.00   2.55281998   0.18602247
1446.00   2.55098967   0.18640412
1447.00   2.54915820   0.18678627
1448.00   2.54732555   0.18716894
1449.00   2.54549172   0.18755212
1450.00   2.54365673   0.18793582
1451.00   2.54182057   0.18832002
1452.00   2.53998324   0.18870474
1453.00   2.53814474   0.18908997
1454.00   2.53630506   0.18947572
1455.00   2.53446422   0.18986198
1456.00   2.53262221   0.19024876
1457.00   2.53077903   0.19063605
1458.00   2.52893468   0.19102385
1459.00   2.52708916   0.19141218
1460.00   2.52524247   0.19180101
1461.00   2.52339461   0.19219037
1462.00   2.52154559   0.19258024
1463.00   2.51969539   0.19297062
1464.00   2.51784403   0.19336153
1465.00   2.51599150   0.19375295
1466.00   2.51413780   0.19414488
1467.00   2.51228294   0.19453734
1468.00   2.51042691   0.19493032
1469.00   2.50856971   0.19532381
1470.00   2.50671134   0.19571782
1471.00   2.50485181   0.19611235
1472.00   2.50299111   0.19650740
1473.00   2.50112924   0.19690297
1474.00   2.49926621   0.19729906
1475.00   2.49740201   0.19769567
1476.00   2.49553665   0.19809280
1477.00   2.49367012   0.19849046
1478.00   2.49180243   0.19888863
1479.00   2.48993357   0.19928733
1480.00   2.48806354   0.19968654
1481.00   2.48619235   0.20008628
1482.00   2.48432000   0.20048655
1483.00   2.48244648   0.20088733
1484.00   2.48057180   0.20128864
1485.00   2.47869595   0.20169047
1486.00   2.47681894   0.20209283
1487.00   2.47494077   0.20249571
1488.00   2.47306143   0.20289911
1489.00   2.47118093   0.20330304
1490.00   2.46929927   0.20370749
1491.00   2.46741644   0.20411247
1492.00   2.46553245   0.20451798
1493.00   2.46364730   0.20492401
1494.00   2.46176099   0.20533056
1495.00   2.45987351   0.20573765
1496.00   2.45798487   0.20614526
1497.00   2.45609507   0.20655339
1498.00   2.45420411   0.20696206
1499.00   2.45231199   0.20737125
1500.00   2.45041871   0.20778097
1501.00   2.44852426   0.20819122
1502.00   2.44662866   0.20860200
1503.00   2.44473189   0.20901330
1504.00   2.44283397   0.20942514
1505.00   2.44093488   0.20983750
1506.00   2.43903464   0.21025040
1507.00   2.43713323   0.21066382
1508.00   2.43523066   0.21107778
1509.00   2.43332694   0.21149226
1510.00   2.43142206   0.21190728
1511.00   2.42951601   0.21232283
1512.00   2.42760881   0.21273891
1513.00   2.42570045   0.21315552
1514.00   2.42379094   0.21357267
1515.00   2.42188026   0.21399035
1516.00   2.41996842   0.21440856
1517.00   2.41805543   0.21482730
1518.00   2.41614128   0.21524658
1519.00   2.41422598   0.21566639
1520.00   2.41230951   0.21608674
1521.00   2.41039189   0.21650761
1522.00   2.40847311   0.21692903
1523.00   2.40655318   0.21735098
1524.00   2.40463209   0.21777346
1525.00   2.40270984   0.21819648
1526.00   2.40078644   0.21862004
1527.00   2.39886188   0.21904413
1528.00   2.39693616   0.21946876
1529.00   2.39500929   0.21989393
1530.00   2.39308127   0.22031963
1531.00   2.39115209   0.22074587
1532.00   2.38922175   0.22117265
1533.00   2.38729027   0.22159997
1534.00   2.38535762   0.22202782
1535.00   2.38342382   0.22245621
1536.00   2.38148887   0.22288515
1537.00   2.37955277   0.22331462
1538.00   2.37761551   0.22374463
1539.00   2.37567709   0.22417518
1540.00   2.37373753   0.22460627
1541.00   2.37179681   0.22503790
1542.00   2.36985494   0.22547008
1543.00   2.36791191   0.22590279
1544.00   2.36596773   0.22633605
1545.00   2.36402240   0.22676984
1546.00   2.36207592   0.22720418
1547.00   2.36012829   0.22763906
1548.00   2.35817951   0.22807449
1549.00   2.35622957   0.22851045
1550.00   2.35427848   0.22894696
1551.00   2.35232624   0.22938401
1552.00   2.35037286   0.22982161
1553.00   2.34841832   0.23025975
1554.00   2.34646263   0.23069844
1555.00   2.34450579   0.23113767
1556.00   2.34254780   0.23157744
1557.00   2.34058865   0.23201776
1558.00   2.33862837   0.23245863
1559.00   2.33666693   0.23290004
1560.00   2.33470434   0.23334200
1561.00   2.33274060   0.23378450
1562.00   2.33077571   0.23422755
1563.00   2.32880968   0.23467115
1564.00   2.32684250   0.23511530
1565.00   2.32487416   0.23555999
1566.00   2.32290469   0.23600523
1567.00   2.32093406   0.23645102
1568.00   2.31896228   0.23689736
1569.00   2.31698936   0.23734425
1570.00   2.31501529   0.23779168
1571.00   2.31304008   0.23823967
1572.00   2.31106371   0.23868821
1573.00   2.30908620   0.23913729
1574.00   2.30710755   0.23958693
1575.00   2.30512774   0.24003711
1576.00   2.30314680   0.24048785
1577.00   2.30116470   0.24093914
1578.00   2.29918146   0.24139098
1579.00   2.29719708   0.24184337
1580.00   2.29521155   0.24229632
1581.00   2.29322487   0.24274981
1582.00   2.29123705   0.24320386
1583.00   2.28924809   0.24365847
1584.00   2.28725798   0.24411362
1585.00   2.28526673   0.24456933
1586.00   2.28327433   0.24502559
1587.00   2.28128079   0.24548241
1588.00   2.27928610   0.24593978
1589.00   2.27729028   0.24639771
1590.00   2.27529331   0.24685619
1591.00   2.27329519   0.24731523
1592.00   2.27129594   0.24777482
1593.00   2.26929554   0.24823497
1594.00   2.26729400   0.24869568
1595.00   2.26529131   0.24915694
1596.00   2.26328749   0.24961876
1597.00   2.26128252   0.25008114
1598.00   2.25927641   0.25054407
1599.00   2.25726916   0.25100756
1600.00   2.25526077   0.25147161
1601.00   2.25325124   0.25193622
1602.00   2.25124057   0.25240139
1603.00   2.24922876   0.25286711
1604.00   2.24721580   0.25333340
1605.00   2.24520171   0.25380024
1606.00   2.24318648   0.25426765
1607.00   2.24117011   0.25473561
1608.00   2.23915259   0.25520414
1609.00   2.23713394   0.25567322
1610.00   2.23511415   0.25614287
1611.00   2.23309322   0.25661308
1612.00   2.23107116   0.25708385
1613.00   2.22904795   0.25755518
1614.00   2.22702361   0.25802707
1615.00   2.22499812   0.25849953
1616.00   2.22297150   0.25897255
1617.00   2.22094375   0.25944613
1618.00   2.21891485   0.25992028
1619.00   2.21688482   0.26039499
1620.00   2.21485365   0.26087026
1621.00   2.21282135   0.26134610
1622.00   2.21078790   0.26182250
1623.00   2.20875332   0.26229947
1624.00   2.20671761   0.26277700
1625.00   2.20468076   0.26325510
1626.00   2.20264277   0.26373376
1627.00   2.20060365   0.26421299
1628.00   2.19856339   0.26469279
1629.00   2.19652200   0.26517315
1630.00   2.19447947   0.26565408
1631.00   2.19243581   0.26613558
1632.00   2.19039102   0.26661764
1633.00   2.18834509   0.26710027
1634.00   2.18629802   0.26758347
1635.00   2.18424982   0.26806724
1636.00   2.18220049   0.26855158
1637.00   2.18015003   0.26903648
1638.00   2.17809843   0.26952196
1639.00   2.17604569   0.27000800
1640.00   2.17399183   0.27049462
1641.00   2.17193683   0.27098180
1642.00   2.16988070   0.27146956
1643.00   2.16782344   0.27195788
1644.00   2.16576505   0.27244678
1645.00   2.16370552   0.27293625
1646.00   2.16164487   0.27342629
1647.00   2.15958308   0.27391690
1648.00   2.15752016   0.27440809
1649.00   2.15545611   0.27489984
1650.00   2.15339093   0.27539217
1651.00   2.15132462   0.27588507
1652.00   2.14925717   0.27637855
1653.00   2.14718860   0.27687260
1654.00   2.14511890   0.27736722
1655.00   2.14304807   0.27786242
1656.00   2.14097611   0.27835819
1657.00   2.13890302   0.27885454
1658.00   2.13682880   0.27935146
1659.00   2.13475345   0.27984896
1660.00   2.13267698   0.28034703
1661.00   2.13059937   0.28084568
1662.00   2.12852064   0.28134490
1663.00   2.12644078   0.28184470
1664.00   2.12435979   0.28234508
1665.00   2.12227767   0.28284604
1666.00   2.12019443   0.28334757
1667.00   2.11811006   0.28384968
1668.00   2.11602456   0.28435237
1669.00   2.11393794   0.28485564
1670.00   2.11185019   0.28535948
1671.00   2.10976131   0.28586391
1672.00   2.10767131   0.28636891
1673.00   2.10558018   0.28687449
1674.00   2.10348792   0.28738065
1675.00   2.10139454   0.28788740
1676.00   2.09930004   0.28839472
1677.00   2.09720441   0.28890262
1678.00   2.09510765   0.28941111
1679.00   2.09300977   0.28992017
1680.00   2.09091077   0.29042982
1681.00   2.08881064   0.29094005
1682.00   2.08670939   0.29145086
1683.00   2.08460702   0.29196225
1684.00   2.08250352   0.29247423
1685.00   2.08039889   0.29298678
1686.00   2.07829315   0.29349993
1687.00   2.07618628   0.29401365
1688.00   2.07407829   0.29452796
1689.00   2.07196918   0.29504285
1690.00   2.06985894   0.29555833
1691.00   2.06774758   0.29607439
1692.00   2.06563510   0.29659104
1693.00   2.06352150   0.29710827
1694.00   2.06140678   0.29762609
1695.00   2.05929094   0.29814449
1696.00   2.05717397   0.29866348
1697.00   2.05505589   0.29918305
1698.00   2.05293668   0.29970322
1699.00   2.05081636   0.30022396
1700.00   2.04869491   0.30074530
1701.00   2.04657234   0.30126722
1702.00   2.04444866   0.30178974
1703.00   2.04232385   0.30231284
1704.00   2.04019793   0.30283652
1705.00   2.03807089   0.30336080
1706.00   2.03594272   0.30388566
1707.00   2.03381344   0.30441112
1708.00   2.03168305   0.30493716
1709.00   2.02955153   0.30546380
1710.00   2.02741889   0.30599102
1711.00   2.02528514   0.30651883
1712.00   2.02315027   0.30704724
1713.00   2.02101428   0.30757623
1714.00   2.01887718   0.30810582
1715.00   2.01673896   0.30863600
1716.00   2.01459962   0.30916677
1717.00   2.01245917   0.30969813
1718.00   2.01031759   0.31023009
1719.00   2.00817491   0.31076263
1720.00   2.00603111   0.31129577
1721.00   2.00388619   0.31182951
1722.00   2.00174015   0.31236383
1723.00   1.99959301   0.31289875
1724.00   1.99744474   0.31343427
1725.00   1.99529537   0.31397038
1726.00   1.99314487   0.31450708
1727.00   1.99099327   0.31504438
1728.00   1.98884055   0.31558227
1729.00   1.98668671   0.31612076
1730.00   1.98453176   0.31665984
1731.00   1.98237570   0.31719952
1732.00   1.98021853   0.31773980
1733.00   1.97806024   0.31828067
1734.00   1.97590084   0.31882214
1735.00   1.97374033   0.31936421
1736.00   1.97157870   0.31990688
1737.00   1.96941597   0.32045014
1738.00   1.96725212   0.32099400
1739.00   1.96508716   0.32153846
1740.00   1.96292108   0.32208351
1741.00   1.96075390   0.32262917
1742.00   1.95858561   0.32317543
1743.00   1.95641620   0.32372228
1744.00   1.95424569   0.32426973
1745.00   1.95207406   0.32481779
1746.00   1.94990133   0.32536644
1747.00   1.94772748   0.32591570
1748.00   1.94555252   0.32646555
1749.00   1.94337646   0.32701601
1750.00   1.94119929   0.32756707
1751.00   1.93902100   0.32811873
1752.00   1.93684161   0.32867099
1753.00   1.93466111   0.32922386
1754.00   1.93247950   0.32977732
1755.00   1.93029679   0.33033139
1756.00   1.92811296   0.33088607
1757.00   1.92592803   0.33144134
1758.00   1.92374199   0.33199722
1759.00   1.92155484   0.33255370
1760.00   1.91936659   0.33311079
1761.00   1.91717723   0.33366848
1762.00   1.91498676   0.33422678
1763.00   1.91279519   0.33478568
1764.00   1.91060251   0.33534519
1765.00   1.90840872   0.33590530
1766.00   1.90621383   0.33646602
1767.00   1.90401783   0.33702735
1768.00   1.90182073   0.33758928
1769.00   1.89962252   0.33815182
1770.00   1.89742321   0.33871496
1771.00   1.89522279   0.33927871
1772.00   1.89302127   0.33984307
1773.00   1.89081865   0.34040804
1774.00   1.88861492   0.34097362
1775.00   1.88641008   0.34153980
1776.00   1.88420415   0.34210659
1777.00   1.88199711   0.34267399
1778.00   1.87978897   0.34324200
1779.00   1.87757972   0.34381062
1780.00   1.87536937   0.34437985
1781.00   1.87315792   0.34494969
1782.00   1.87094537   0.34552015
1783.00   1.86873171   0.34609121
1784.00   1.86651696   0.34666288
1785.00   1.86430110   0.34723516
1786.00   1.86208414   0.34780806
1787.00   1.85986608   0.34838156
1788.00   1.85764692   0.34895568
1789.00   1.85542666   0.34953041
1790.00   1.85320530   0.35010575
1791.00   1.85098283   0.35068171
1792.00   1.84875927   0.35125828
1793.00   1.84653461   0.35183546
1794.00   1.84430885   0.35241326
1795.00   1.84208199   0.35299167
1796.00   1.83985403   0.35357069
1797.00   1.83762497   0.35415033
1798.00   1.83539482   0.35473058
1799.00   1.83316356   0.35531145
1800.00   1.83093121   0.35589294
1801.00   1.82869776   0.35647504
1802.00   1.82646321   0.35705775
1803.00   1.82422756   0.35764108
1804.00   1.82199082   0.35822503
1805.00   1.81975298   0.35880960
1806.00   1.81751404   0.35939478
1807.00   1.81527400   0.35998058
1808.00   1.81303287   0.36056699
1809.00   1.81079065   0.36115403
1810.00   1.80854733   0.36174168
1811.00   1.80630291   0.36232995
1812.00   1.80405739   0.36291884
1813.00   1.80181079   0.36350835
1814.00   1.79956308   0.36409847
1815.00   1.79731428   0.36468922
1816.00   1.79506439   0.36528059
1817.00   1.79281340   0.36587257
1818.00   1.79056132   0.36646518
1819.00   1.78830815   0.36705841
1820.00   1.78605388   0.36765226
1821.00   1.78379852   0.36824673
1822.00   1.78154206   0.36884182
1823.00   1.77928451   0.36943753
1824.00   1.77702587   0.37003386
1825.00   1.77476614   0.37063082
1826.00   1.77250531   0.37122840
1827.00   1.77024339   0.37182660
1828.00   1.76798038   0.37242542
1829.00   1.76571628   0.37302487
1830.00   1.76345109   0.37362494
1831.00   1.76118480   0.37422564
1832.00   1.75891743   0.37482696
1833.00   1.75664896   0.37542890
1834.00   1.75437941   0.37603147
1835.00   1.75210876   0.37663466
1836.00   1.74983703   0.37723848
1837.00   1.74756420   0.37784293
1838.00   1.74529028   0.37844800
1839.00   1.74301528   0.37905369
1840.00   1.74073918   0.37966001
1841.00   1.73846200   0.38026696
1842.00   1.73618373   0.38087454
1843.00   1.73390437   0.38148274
1844.00   1.73162392   0.38209157
1845.00   1.72934238   0.38270103
1846.00   1.72705976   0.38331112
1847.00   1.72477605   0.38392183
1848.00   1.72249125   0.38453317
1849.00   1.72020536   0.38514514
1850.00   1.71791839   0.38575774
1851.00   1.71563033   0.38637097
1852.00   1.71334119   0.38698483
1853.00   1.71105095   0.38759932
1854.00   1.70875964   0.38821444
1855.00   1.70646723   0.38883019
1856.00   1.70417374   0.38944657
1857.00   1.70187917   0.39006358
1858.00   1.69958351   0.39068122
1859.00   1.69728677   0.39129949
1860.00   1.69498894   0.39191840
1861.00   1.69269002   0.39253793
1862.00   1.69039003   0.39315810
1863.00   1.68808895   0.39377891
1864.00   1.68578678   0.39440034
1865.00   1.68348353   0.39502241
1866.00   1.68117920   0.39564511
1867.00   1.67887379   0.39626844
1868.00   1.67656729   0.39689241
1869.00   1.67425971   0.39751701
1870.00   1.67195105   0.39814225
1871.00   1.66964131   0.39876812
1872.00   1.66733048   0.39939463
1873.00   1.66501858   0.40002177
1874.00   1.66270559   0.40064955
1875.00   1.66039152   0.40127796
1876.00   1.65807637   0.40190701
1877.00   1.65576014   0.40253670
1878.00   1.65344283   0.40316702
1879.00   1.65112444   0.40379798
1880.00   1.64880497   0.40442957
1881.00   1.64648441   0.40506181
1882.00   1.64416278   0.40569468
1883.00   1.64184007   0.40632819
1884.00   1.63951629   0.40696233
1885.00   1.63719142   0.40759712
1886.00   1.63486547   0.40823254
1887.00   1.63253845   0.40886861
1888.00   1.63021035   0.40950531
1889.00   1.62788116   0.41014265
1890.00   1.62555091   0.41078063
1891.00   1.62321957   0.41141925
1892.00   1.62088716   0.41205852
1893.00   1.61855367   0.41269842
1894.00   1.61621910   0.41333896
1895.00   1.61388346   0.41398015
1896.00   1.61154674   0.41462197
1897.00   1.60920895   0.41526444
1898.00   1.60687008   0.41590755
1899.00   1.60453013   0.41655130
1900.00   1.60218911   0.41719570
1901.00   1.59984701   0.41784073
1902.00   1.59750384   0.41848641
1903.00   1.59515959   0.41913273
1904.00   1.59281427   0.41977970
1905.00   1.59046788   0.42042731
1906.00   1.58812041   0.42107557
1907.00   1.58577187   0.42172446
1908.00   1.58342225   0.42237401
1909.00   1.58107156   0.42302420
1910.00   1.57871980   0.42367503
1911.00   1.57636697   0.42432651
1912.00   1.57401306   0.42497863
1913.00   1.57165808   0.42563140
1914.00   1.56930203   0.42628482
1915.00   1.56694490   0.42693888
1916.00   1.56458671   0.42759359
1917.00   1.56222744   0.42824895
1918.00   1.55986711   0.42890495
1919.00   1.55750570   0.42956160
1920.00   1.55514322   0.43021890
1921.00   1.55277967   0.43087685
1922.00   1.55041505   0.43153544
1923.00   1.54804936   0.43219468
1924.00   1.54568260   0.43285458
1925.00   1.54331477   0.43351512
1926.00   1.54094587   0.43417631
1927.00   1.53857591   0.43483815
1928.00   1.53620487   0.43550064
1929.00   1.53383277   0.43616378
1930.00   1.53145960   0.43682757
1931.00   1.52908535   0.43749201
1932.00   1.52671005   0.43815710
1933.00   1.52433367   0.43882285
1934.00   1.52195623   0.43948924
1935.00   1.51957772   0.44015629
1936.00   1.51719814   0.44082399
1937.00   1.51481749   0.44149234
1938.00   1.51243578   0.44216134
1939.00   1.51005301   0.44283100
1940.00   1.50766916   0.44350130
1941.00   1.50528426   0.44417227
1942.00   1.50289828   0.44484388
1943.00   1.50051124   0.44551615
1944.00   1.49812314   0.44618908
1945.00   1.49573397   0.44686265
1946.00   1.49334374   0.44753689
1947.00   1.49095244   0.44821177
1948.00   1.48856008   0.44888731
1949.00   1.48616665   0.44956351
1950.00   1.48377216   0.45024037
1951.00   1.48137661   0.45091787
1952.00   1.47898000   0.45159604
1953.00   1.47658232   0.45227486
1954.00   1.47418358   0.45295434
1955.00   1.47178377   0.45363448
1956.00   1.46938291   0.45431527
1957.00   1.46698098   0.45499672
1958.00   1.46457799   0.45567883
1959.00   1.46217394   0.45636159
1960.00   1.45976883   0.45704501
1961.00   1.45736265   0.45772910
1962.00   1.45495542   0.45841384
1963.00   1.45254713   0.45909924
1964.00   1.45013777   0.45978530
1965.00   1.44772736   0.46047202
1966.00   1.44531588   0.46115939
1967.00   1.44290335   0.46184743
1968.00   1.44048975   0.46253613
1969.00   1.43807510   0.46322549
1970.00   1.43565939   0.46391551
1971.00   1.43324262   0.46460619
1972.00   1.43082479   0.46529754
1973.00   1.42840591   0.46598954
1974.00   1.42598596   0.46668221
1975.00   1.42356496   0.46737553
1976.00   1.42114290   0.46806952
1977.00   1.41871979   0.46876418
1978.00   1.41629561   0.46945949
1979.00   1.41387038   0.47015547
1980.00   1.41144410   0.47085211
1981.00   1.40901675   0.47154942
1982.00   1.40658835   0.47224739
1983.00   1.40415890   0.47294603
1984.00   1.40172839   0.47364532
1985.00   1.39929682   0.47434529
1986.00   1.39686420   0.47504592
1987.00   1.39443053   0.47574721
1988.00   1.39199580   0.47644917
1989.00   1.38956002   0.47715179
1990.00   1.38712318   0.47785508
1991.00   1.38468529   0.47855904
1992.00   1.38224634   0.47926366
1993.00   1.37980634   0.47996895
1994.00   1.37736529   0.48067491
1995.00   1.37492319   0.48138154
1996.00   1.37248003   0.48208883
1997.00   1.37003582   0.48279679
1998.00   1.36759056   0.48350541
1999.00   1.36514424   0.48421471
2000.00   1.36269688   0.48492467
