wavelength(nm)         real         imag
200.00   3.87937288   0.00039422
201.00   3.87916617   0.00040016
202.00   3.87895843   0.00040616
203.00   3.87874966   0.00041222
204.00   3.87853987   0.00041834
205.00   3.87832904   0.00042453
206.00   3.87811718   0.00043077
207.00   3.87790429   0.00043707
208.00   3.87769038   0.00044343
209.00   3.87747543   0.00044986
210.00   3.87725946   0.00045634
211.00   3.87704245   0.00046289
212.00   3.87682442   0.00046950
213.00   3.87660536   0.00047618
214.00   3.87638526   0.00048291
215.00   3.87616414   0.00048971
216.00   3.87594199   0.00049658
217.00   3.87571882   0.00050350
218.00   3.87549461   0.00051049
219.00   3.87526937   0.00051755
220.00   3.87504310   0.00052467
221.00   3.87481581   0.00053185
222.00   3.87458748   0.00053910
223.00   3.87435813   0.00054642
224.00   3.87412775   0.00055380
225.00   3.87389634   0.00056125
226.00   3.87366390   0.00056876
227.00   3.87343043   0.00057634
228.00   3.87319593   0.00058399
229.00   3.87296041   0.00059171
230.00   3.87272385   0.00059949
231.00   3.87248627   0.00060734
232.00   3.87224766   0.00061526
233.00   3.87200801   0.00062325
234.00   3.87176734   0.00063131
235.00   3.87152565   0.00063943
236.00   3.87128292   0.00064763
237.00   3.87103916   0.00065589
238.00   3.87079438   0.00066423
239.00   3.87054857   0.00067263
240.00   3.87030172   0.00068111
241.00   3.87005385   0.00068965
242.00   3.86980496   0.00069827
243.00   3.86955503   0.00070696
244.00   3.86930408   0.00071572
245.00   3.86905209   0.00072455
246.00   3.86879908   0.00073346
247.00   3.86854504   0.00074243
248.00   3.86828997   0.00075148
249.00   3.86803387   0.00076061
250.00   3.86777675   0.00076981
251.00   3.86751860   0.00077908
252.00   3.86725942   0.00078842
253.00   3.86699921   0.00079784
254.00   3.86673797   0.00080734
255.00   3.86647570   0.00081691
256.00   3.86621241   0.00082655
257.00   3.86594809   0.00083627
258.00   3.86568274   0.00084607
259.00   3.86541636   0.00085594
260.00   3.86514895   0.00086589
261.00   3.86488052   0.00087591
262.00   3.86461106   0.00088601
263.00   3.86434057   0.00089619
264.00   3.86406905   0.00090645
265.00   3.86379651   0.00091679
266.00   3.86352294   0.00092720
267.00   3.86324834   0.00093769
268.00   3.86297271   0.00094826
269.00   3.86269605   0.00095891
270.00   3.86241837   0.00096964
271.00   3.86213966   0.00098045
272.00   3.86185992   0.00099134
273.00   3.86157915   0.00100231
274.00   3.86129736   0.00101336
275.00   3.86101454   0.00102449
276.00   3.86073069   0.00103570
277.00   3.86044581   0.00104699
278.00   3.86015991   0.00105837
279.00   3.85987298   0.00106983
280.00   3.85958502   0.00108137
281.00   3.85929603   0.00109299
282.00   3.85900602   0.00110469
283.00   3.85871498   0.00111648
284.00   3.85842291   0.00112835
285.00   3.85812982   0.00114031
286.00   3.85783570   0.00115235
287.00   3.85754055   0.00116447
288.00   3.85724437   0.00117668
289.00   3.85694717   0.00118897
290.00   3.85664894   0.00120135
291.00   3.85634968   0.00121381
292.00   3.85604940   0.00122636
293.00   3.85574809   0.00123900
294.00   3.85544575   0.00125172
295.00   3.85514239   0.00126453
296.00   3.85483800   0.00127743
297.00   3.85453258   0.00129041
298.00   3.85422613   0.00130348
299.00   3.85391866   0.00131664
300.00   3.85361016   0.00132989
301.00   3.85330064   0.00134323
302.00   3.85299009   0.00135665
303.00   3.85267851   0.00137017
304.00   3.85236590   0.00138377
305.00   3.85205227   0.00139746
306.00   3.85173761   0.00141124
307.00   3.85142193   0.00142512
308.00   3.85110522   0.00143908
309.00   3.85078748   0.00145314
310.00   3.85046872   0.00146728
311.00   3.85014893   0.00148152
312.00   3.84982811   0.00149585
313.00   3.84950627   0.00151027
314.00   3.84918340   0.00152478
315.00   3.84885951   0.00153939
316.00   3.84853459   0.00155408
317.00   3.84820864   0.00156888
318.00   3.84788167   0.00158376
319.00   3.84755367   0.00159874
320.00   3.84722464   0.00161381
321.00   3.84689459   0.00162898
322.00   3.84656352   0.00164424
323.00   3.84623141   0.00165960
324.00   3.84589829   0.00167505
325.00   3.84556413   0.00169060
326.00   3.84522895   0.00170624
327.00   3.84489275   0.00172198
328.00   3.84455551   0.00173782
329.00   3.84421726   0.00175375
330.00   3.84387797   0.00176978
331.00   3.84353767   0.00178591
332.00   3.84319633   0.00180213
333.00   3.84285397   0.00181845
334.00   3.84251059   0.00183487
335.00   3.84216618   0.00185139
336.00   3.84182074   0.00186801
337.00   3.84147428   0.00188473
338.00   3.84112679   0.00190154
339.00   3.84077828   0.00191846
340.00   3.84042875   0.00193548
341.00   3.84007818   0.00195259
342.00   3.83972660   0.00196981
343.00   3.83937398   0.00198712
344.00   3.83902035   0.00200454
345.00   3.83866568   0.00202206
346.00   3.83831000   0.00203968
347.00   3.83795328   0.00205741
348.00   3.83759554   0.00207523
349.00   3.83723678   0.00209316
350.00   3.83687699   0.00211119
351.00   3.83651618   0.00212933
352.00   3.83615435   0.00214756
353.00   3.83579148   0.00216590
354.00   3.83542760   0.00218435
355.00   3.83506269   0.00220290
356.00   3.83469675   0.00222155
357.00   3.83432979   0.00224031
358.00   3.83396180   0.00225918
359.00   3.83359280   0.00227815
360.00   3.83322276   0.00229722
361.00   3.83285170   0.00231640
362.00   3.83247962   0.00233569
363.00   3.83210651   0.00235509
364.00   3.83173238   0.00237459
365.00   3.83135723   0.00239420
366.00   3.83098105   0.00241391
367.00   3.83060384   0.00243374
368.00   3.83022561   0.00245367
369.00   3.82984636   0.00247371
370.00   3.82946609   0.00249386
371.00   3.82908479   0.00251412
372.00   3.82870246   0.00253448
373.00   3.82831911   0.00255496
374.00   3.82793474   0.00257555
375.00   3.82754934   0.00259624
376.00   3.82716292   0.00261705
377.00   3.82677548   0.00263797
378.00   3.82638701   0.00265900
379.00   3.82599752   0.00268014
380.00   3.82560701   0.00270139
381.00   3.82521547   0.00272276
382.00   3.82482291   0.00274423
383.00   3.82442932   0.00276582
384.00   3.82403471   0.00278752
385.00   3.82363908   0.00280934
386.00   3.82324243   0.00283126
387.00   3.82284475   0.00285331
388.00   3.82244604   0.00287546
389.00   3.82204632   0.00289773
390.00   3.82164557   0.00292012
391.00   3.82124380   0.00294262
392.00   3.82084100   0.00296523
393.00   3.82043719   0.00298796
394.00   3.82003234   0.00301080
395.00   3.81962648   0.00303377
396.00   3.81921959   0.00305684
397.00   3.81881168   0.00308004
398.00   3.81840275   0.00310335
399.00   3.81799280   0.00312678
400.00   3.81758182   0.00315032
401.00   3.81716982   0.00317399
402.00   3.81675679   0.00319777
403.00   3.81634275   0.00322167
404.00   3.81592768   0.00324568
405.00   3.81551159   0.00326982
406.00   3.81509447   0.00329408
407.00   3.81467633   0.00331845
408.00   3.81425718   0.00334295
409.00   3.81383699   0.00336757
410.00   3.81341579   0.00339230
411.00   3.81299357   0.00341716
412.00   3.81257032   0.00344214
413.00   3.81214605   0.00346724
414.00   3.81172076   0.00349246
415.00   3.81129444   0.00351780
416.00   3.81086710   0.00354326
417.00   3.81043875   0.00356885
418.00   3.81000937   0.00359456
419.00   3.80957896   0.00362039
420.00   3.80914754   0.00364635
421.00   3.80871509   0.00367243
422.00   3.80828163   0.00369863
423.00   3.80784714   0.00372496
424.00   3.80741163   0.00375141
425.00   3.80697509   0.00377798
426.00   3.80653754   0.00380469
427.00   3.80609896   0.00383151
428.00   3.80565937   0.00385846
429.00   3.80521875   0.00388554
430.00   3.80477711   0.00391275
431.00   3.80433445   0.00394008
432.00   3.80389076   0.00396754
433.00   3.80344606   0.00399512
434.00   3.80300033   0.00402283
435.00   3.80255359   0.00405067
436.00   3.80210582   0.00407864
437.00   3.80165703   0.00410673
438.00   3.80120722   0.00413496
439.00   3.80075639   0.00416331
440.00   3.80030454   0.00419179
441.00   3.79985167   0.00422041
442.00   3.79939778   0.00424915
443.00   3.79894286   0.00427802
444.00   3.79848693   0.00430702
445.00   3.79802998   0.00433615
446.00   3.79757200   0.00436541
447.00   3.79711300   0.00439481
448.00   3.79665299   0.00442433
449.00   3.79619195   0.00445399
450.00   3.79572989   0.00448378
451.00   3.79526682   0.00451370
452.00   3.79480272   0.00454375
453.00   3.79433760   0.00457394
454.00   3.79387146   0.00460426
455.00   3.79340430   0.00463471
456.00   3.79293613   0.00466530
457.00   3.79246693   0.00469602
458.00   3.79199671   0.00472688
459.00   3.79152547   0.00475787
460.00   3.79105321   0.00478899
461.00   3.79057993   0.00482025
462.00   3.79010564   0.00485165
463.00   3.78963032   0.00488318
464.00   3.78915398   0.00491485
465.00   3.78867662   0.00494665
466.00   3.78819825   0.00497859
467.00   3.78771885   0.00501067
468.00   3.78723844   0.00504288
469.00   3.78675700   0.00507523
470.00   3.78627455   0.00510772
471.00   3.78579107   0.00514035
472.00   3.78530658   0.00517312
473.00   3.78482107   0.00520602
474.00   3.78433454   0.00523907
475.00   3.78384699   0.00527225
476.00   3.78335842   0.00530557
477.00   3.78286883   0.00533904
478.00   3.78237822   0.00537264
479.00   3.78188660   0.00540638
480.00   3.78139395   0.00544026
481.00   3.78090029   0.00547429
482.00   3.78040561   0.00550845
483.00   3.77990991   0.00554276
484.00   3.77941319   0.00557721
485.00   3.77891545   0.00561180
486.00   3.77841669   0.00564654
487.00   3.77791692   0.00568141
488.00   3.77741612   0.00571643
489.00   3.77691431   0.00575160
490.00   3.77641148   0.00578690
491.00   3.77590763   0.00582235
492.00   3.77540276   0.00585795
493.00   3.77489688   0.00589369
494.00   3.77438998   0.00592957
495.00   3.77388206   0.00596560
496.00   3.77337312   0.00600177
497.00   3.77286316   0.00603809
498.00   3.77235219   0.00607456
499.00   3.77184019   0.00611117
500.00   3.77132718   0.00614793
501.00   3.77081316   0.00618483
502.00   3.77029811   0.00622188
503.00   3.76978205   0.00625908
504.00   3.76926497   0.00629643
505.00   3.76874687   0.00633393
506.00   3.76822775   0.00637157
507.00   3.76770762   0.00640936
508.00   3.76718647   0.00644730
509.00   3.76666430   0.00648539
510.00   3.76614112   0.00652363
511.00   3.76561692   0.00656202
512.00   3.76509170   0.00660056
513.00   3.76456546   0.00663925
514.00   3.76403821   0.00667808
515.00   3.76350994   0.00671707
516.00   3.76298065   0.00675622
517.00   3.76245035   0.00679551
518.00   3.76191903   0.00683495
519.00   3.76138670   0.00687455
520.00   3.76085334   0.00691430
521.00   3.76031897   0.00695420
522.00   3.75978359   0.00699425
523.00   3.75924718   0.00703446
524.00   3.75870977   0.00707482
525.00   3.75817133   0.00711533
526.00   3.75763188   0.00715600
527.00   3.75709141   0.00719682
528.00   3.75654993   0.00723780
529.00   3.75600743   0.00727893
530.00   3.75546391   0.00732022
531.00   3.75491938   0.00736166
532.00   3.75437383   0.00740326
533.00   3.75382727   0.00744501
534.00   3.75327969   0.00748692
535.00   3.75273110   0.00752899
536.00   3.75218149   0.00757121
537.00   3.75163086   0.00761360
538.00   3.75107922   0.00765613
539.00   3.75052656   0.00769883
540.00   3.74997289   0.00774168
541.00   3.74941820   0.00778470
542.00   3.74886250   0.00782787
543.00   3.74830578   0.00787120
544.00   3.74774804   0.00791469
545.00   3.74718930   0.00795833
546.00   3.74662953   0.00800214
547.00   3.74606875   0.00804611
548.00   3.74550696   0.00809024
549.00   3.74494415   0.00813453
550.00   3.74438033   0.00817898
551.00   3.74381549   0.00822359
552.00   3.74324964   0.00826836
553.00   3.74268277   0.00831330
554.00   3.74211489   0.00835839
555.00   3.74154599   0.00840365
556.00   3.74097608   0.00844908
557.00   3.74040515   0.00849466
558.00   3.73983321   0.00854041
559.00   3.73926026   0.00858632
560.00   3.73868629   0.00863239
561.00   3.73811131   0.00867863
562.00   3.73753531   0.00872504
563.00   3.73695830   0.00877160
564.00   3.73638028   0.00881834
565.00   3.73580124   0.00886524
566.00   3.73522119   0.00891230
567.00   3.73464012   0.00895953
568.00   3.73405804   0.00900692
569.00   3.73347495   0.00905449
570.00   3.73289084   0.00910221
571.00   3.73230572   0.00915011
572.00   3.73171959   0.00919817
573.00   3.73113244   0.00924640
574.00   3.73054428   0.00929480
575.00   3.72995511   0.00934337
576.00   3.72936492   0.00939210
577.00   3.72877372   0.00944100
578.00   3.72818151   0.00949008
579.00   3.72758828   0.00953932
580.00   3.72699404   0.00958873
581.00   3.72639879   0.00963831
582.00   3.72580253   0.00968806
583.00   3.72520525   0.00973798
584.00   3.72460696   0.00978807
585.00   3.72400766   0.00983833
586.00   3.72340734   0.00988877
587.00   3.72280601   0.00993937
588.00   3.72220367   0.00999015
589.00   3.72160032   0.01004110
590.00   3.72099596   0.01009222
591.00   3.72039058   0.01014352
592.00   3.71978419   0.01019498
593.00   3.71917679   0.01024662
594.00   3.71856838   0.01029844
595.00   3.71795895   0.01035043
596.00   3.71734852   0.01040259
597.00   3.71673707   0.01045492
598.00   3.71612461   0.01050744
599.00   3.71551113   0.01056012
600.00   3.71489665   0.01061298
601.00   3.71428116   0.01066602
602.00   3.71366465   0.01071923
603.00   3.71304713   0.01077262
604.00   3.71242860   0.01082619
605.00   3.71180906   0.01087993
606.00   3.71118851   0.01093385
607.00   3.71056695   0.01098794
608.00   3.70994437   0.01104222
609.00   3.70932079   0.01109667
610.00   3.70869619   0.01115130
611.00   3.70807058   0.01120611
612.00   3.70744396   0.01126109
613.00   3.70681634   0.01131626
614.00   3.70618770   0.01137160
615.00   3.70555805   0.01142713
616.00   3.70492739   0.01148283
617.00   3.70429572   0.01153871
618.00   3.70366303   0.01159478
619.00   3.70302934   0.01165102
620.00   3.70239464   0.01170745
621.00   3.70175893   0.01176406
622.00   3.70112221   0.01182085
623.00   3.70048447   0.01187782
624.00   3.69984573   0.01193497
625.00   3.69920598   0.01199231
626.00   3.69856522   0.01204982
627.00   3.69792345   0.01210753
628.00   3.69728067   0.01216541
629.00   3.69663687   0.01222348
630.00   3.69599207   0.01228173
631.00   3.69534626   0.01234017
632.00   3.69469944   0.01239879
633.00   3.69405161   0.01245759
634.00   3.69340278   0.01251658
635.00   3.69275293   0.01257575
636.00   3.69210207   0.01263512
637.00   3.69145021   0.01269466
638.00   3.69079733   0.01275439
639.00   3.69014345   0.01281431
640.00   3.68948856   0.01287442
641.00   3.68883265   0.01293471
642.00   3.68817574   0.01299519
643.00   3.68751783   0.01305586
644.00   3.68685890   0.01311671
645.00   3.68619896   0.01317776
646.00   3.68553802   0.01323899
647.00   3.68487607   0.01330041
648.00   3.68421311   0.01336202
649.00   3.68354914   0.01342381
650.00   3.68288416   0.01348580
651.00   3.68221817   0.01354798
652.00   3.68155118   0.01361035
653.00   3.68088318   0.01367291
654.00   3.68021417   0.01373565
655.00   3.67954415   0.01379859
656.00   3.67887313   0.01386173
657.00   3.67820110   0.01392505
658.00   3.67752806   0.01398856
659.00   3.67685401   0.01405227
660.00   3.67617895   0.01411617
661.00   3.67550289   0.01418026
662.00   3.67482582   0.01424454
663.00   3.67414775   0.01430902
664.00   3.67346866   0.01437369
665.00   3.67278857   0.01443856
666.00   3.67210747   0.01450361
667.00   3.67142537   0.01456887
668.00   3.67074226   0.01463432
669.00   3.67005814   0.01469996
670.00   3.66937301   0.01476580
671.00   3.66868688   0.01483183
672.00   3.66799975   0.01489806
673.00   3.66731160   0.01496448
674.00   3.66662245   0.01503110
675.00   3.66593229   0.01509792
676.00   3.66524113   0.01516494
677.00   3.66454896   0.01523215
678.00   3.66385578   0.01529956
679.00   3.66316160   0.01536717
680.00   3.66246641   0.01543497
681.00   3.66177022   0.01550298
682.00   3.66107302   0.01557118
683.00   3.66037482   0.01563958
684.00   3.65967560   0.01570818
685.00   3.65897539   0.01577698
686.00   3.65827417   0.01584598
687.00   3.65757194   0.01591518
688.00   3.65686871   0.01598458
689.00   3.65616447   0.01605418
690.00   3.65545923   0.01612398
691.00   3.65475298   0.01619398
692.00   3.65404572   0.01626419
693.00   3.65333747   0.01633459
694.00   3.65262820   0.01640520
695.00   3.65191794   0.01647601
696.00   3.65120666   0.01654702
697.00   3.65049439   0.01661824
698.00   3.64978110   0.01668966
699.00   3.64906682   0.01676128
700.00   3.64835153   0.01683311
701.00   3.64763523   0.01690514
702.00   3.64691793   0.01697737
703.00   3.64619963   0.01704981
704.00   3.64548032   0.01712245
705.00   3.64476001   0.01719530
706.00   3.64403869   0.01726835
707.00   3.64331638   0.01734161
708.00   3.64259305   0.01741508
709.00   3.64186873   0.01748875
710.00   3.64114339   0.01756263
711.00   3.64041706   0.01763671
712.00   3.63968972   0.01771101
713.00   3.63896138   0.01778551
714.00   3.63823204   0.01786021
715.00   3.63750169   0.01793513
716.00   3.63677034   0.01801025
717.00   3.63603799   0.01808558
718.00   3.63530463   0.01816112
719.00   3.63457027   0.01823687
720.00   3.63383491   0.01831283
721.00   3.63309854   0.01838900
722.00   3.63236117   0.01846538
723.00   3.63162280   0.01854197
724.00   3.63088343   0.01861877
725.00   3.63014305   0.01869578
726.00   3.62940167   0.01877300
727.00   3.62865929   0.01885043
728.00   3.62791591   0.01892808
729.00   3.62717153   0.01900593
730.00   3.62642614   0.01908400
731.00   3.62567975   0.01916228
732.00   3.62493236   0.01924077
733.00   3.62418397   0.01931948
734.00   3.62343457   0.01939840
735.00   3.62268418   0.01947753
736.00   3.62193278   0.01955688
737.00   3.62118038   0.01963644
738.00   3.62042698   0.01971622
739.00   3.61967258   0.01979621
740.00   3.61891718   0.01987641
741.00   3.61816077   0.01995683
742.00   3.61740337   0.02003747
743.00   3.61664496   0.02011832
744.00   3.61588555   0.02019939
745.00   3.61512515   0.02028067
746.00   3.61436374   0.02036217
747.00   3.61360133   0.02044389
748.00   3.61283792   0.02052583
749.00   3.61207351   0.02060798
750.00   3.61130810   0.02069035
751.00   3.61054169   0.02077294
752.00   3.60977428   0.02085574
753.00   3.60900586   0.02093877
754.00   3.60823645   0.02102201
755.00   3.60746604   0.02110548
756.00   3.60669463   0.02118916
757.00   3.60592222   0.02127306
758.00   3.60514881   0.02135719
759.00   3.60437440   0.02144153
760.00   3.60359899   0.02152609
761.00   3.60282258   0.02161088
762.00   3.60204517   0.02169588
763.00   3.60126676   0.02178111
764.00   3.60048735   0.02186656
765.00   3.59970694   0.02195223
766.00   3.59892554   0.02203812
767.00   3.59814313   0.02212424
768.00   3.59735973   0.02221058
769.00   3.59657532   0.02229714
770.00   3.59578992   0.02238393
771.00   3.59500352   0.02247093
772.00   3.59421612   0.02255817
773.00   3.59342772   0.02264562
774.00   3.59263833   0.02273331
775.00   3.59184793   0.02282121
776.00   3.59105654   0.02290934
777.00   3.59026415   0.02299770
778.00   3.58947076   0.02308628
779.00   3.58867638   0.02317509
780.00   3.58788099   0.02326413
781.00   3.58708461   0.02335339
782.00   3.58628723   0.02344288
783.00   3.58548885   0.02353259
784.00   3.58468948   0.02362253
785.00   3.58388910   0.02371270
786.00   3.58308773   0.02380310
787.00   3.58228536   0.02389373
788.00   3.58148200   0.02398458
789.00   3.58067764   0.02407566
790.00   3.57987228   0.02416698
791.00   3.57906592   0.02425852
792.00   3.57825857   0.02435029
793.00   3.57745022   0.02444229
794.00   3.57664088   0.02453452
795.00   3.57583053   0.02462698
796.00   3.57501919   0.02471967
797.00   3.57420686   0.02481260
798.00   3.57339353   0.02490575
799.00   3.57257920   0.02499913
800.00   3.57176387   0.02509275
801.00   3.57094755   0.02518660
802.00   3.57013024   0.02528068
803.00   3.56931192   0.02537500
804.00   3.56849262   0.02546955
805.00   3.56767231   0.02556433
806.00   3.56685101   0.02565934
807.00   3.56602872   0.02575459
808.00   3.56520543   0.02585007
809.00   3.56438114   0.02594578
810.00   3.56355586   0.02604174
811.00   3.56272958   0.02613792
812.00   3.56190231   0.02623434
813.00   3.56107404   0.02633100
814.00   3.56024478   0.02642789
815.00   3.55941453   0.02652502
816.00   3.55858328   0.02662238
817.00   3.55775103   0.02671998
818.00   3.55691779   0.02681782
819.00   3.55608355   0.02691589
820.00   3.55524833   0.02701420
821.00   3.55441210   0.02711275
822.00   3.55357488   0.02721154
823.00   3.55273667   0.02731057
824.00   3.55189747   0.02740983
825.00   3.55105727   0.02750933
826.00   3.55021607   0.02760907
827.00   3.54937389   0.02770905
828.00   3.54853070   0.02780927
829.00   3.54768653   0.02790973
830.00   3.54684136   0.02801044
831.00   3.54599520   0.02811138
832.00   3.54514805   0.02821256
833.00   3.54429990   0.02831398
834.00   3.54345076   0.02841564
835.00   3.54260062   0.02851755
836.00   3.54174950   0.02861970
837.00   3.54089738   0.02872209
838.00   3.54004426   0.02882472
839.00   3.53919016   0.02892759
840.00   3.53833506   0.02903071
841.00   3.53747897   0.02913407
842.00   3.53662189   0.02923767
843.00   3.53576381   0.02934152
844.00   3.53490474   0.02944561
845.00   3.53404468   0.02954995
846.00   3.53318363   0.02965453
847.00   3.53232159   0.02975935
848.00   3.53145855   0.02986442
849.00   3.53059453   0.02996974
850.00   3.52972951   0.03007530
851.00   3.52886350   0.03018111
852.00   3.52799650   0.03028716
853.00   3.52712850   0.03039346
854.00   3.52625952   0.03050001
855.00   3.52538954   0.03060680
856.00   3.52451858   0.03071384
857.00   3.52364662   0.03082113
858.00   3.52277367   0.03092867
859.00   3.52189973   0.03103645
860.00   3.52102480   0.03114449
861.00   3.52014888   0.03125277
862.00   3.51927197   0.03136130
863.00   3.51839407   0.03147008
864.00   3.51751518   0.03157911
865.00   3.51663529   0.03168839
866.00   3.51575442   0.03179792
867.00   3.51487256   0.03190770
868.00   3.51398971   0.03201773
869.00   3.51310586   0.03212801
870.00   3.51222103   0.03223855
871.00   3.51133521   0.03234933
872.00   3.51044840   0.03246037
873.00   3.50956060   0.03257165
874.00   3.50867181   0.03268319
875.00   3.50778203   0.03279499
876.00   3.50689126   0.03290703
877.00   3.50599950   0.03301933
878.00   3.50510676   0.03313189
879.00   3.50421302   0.03324469
880.00   3.50331830   0.03335775
881.00   3.50242258   0.03347107
882.00   3.50152588   0.03358464
883.00   3.50062819   0.03369846
884.00   3.49972951   0.03381254
885.00   3.49882985   0.03392687
886.00   3.49792919   0.03404146
887.00   3.49702755   0.03415631
888.00   3.49612492   0.03427141
889.00   3.49522130   0.03438677
890.00   3.49431669   0.03450238
891.00   3.49341109   0.03461825
892.00   3.49250451   0.03473438
893.00   3.49159694   0.03485077
894.00   3.49068838   0.03496741
895.00   3.48977884   0.03508432
896.00   3.48886831   0.03520148
897.00   3.48795679   0.03531890
898.00   3.48704428   0.03543658
899.00   3.48613079   0.03555451
900.00   3.48521630   0.03567271
901.00   3.48430084   0.03579117
902.00   3.48338438   0.03590989
903.00   3.48246694   0.03602886
904.00   3.48154852   0.03614810
905.00   3.48062910   0.03626760
906.00   3.47970870   0.03638736
907.00   3.47878732   0.03650738
908.00   3.47786495   0.03662766
909.00   3.47694159   0.03674821
910.00   3.47601724   0.03686901
911.00   3.47509191   0.03699008
912.00   3.47416560   0.03711142
913.00   3.47323830   0.03723301
914.00   3.47231001   0.03735487
915.00   3.47138074   0.03747699
916.00   3.47045048   0.03759938
917.00   3.46951924   0.03772203
918.00   3.46858701   0.03784494
919.00   3.46765380   0.03796812
920.00   3.46671960   0.03809156
921.00   3.46578442   0.03821527
922.00   3.46484825   0.03833925
923.00   3.46391110   0.03846349
924.00   3.46297297   0.03858799
925.00   3.46203385   0.03871277
926.00   3.46109374   0.03883781
927.00   3.46015265   0.03896311
928.00   3.45921058   0.03908869
929.00   3.45826752   0.03921453
930.00   3.45732348   0.03934064
931.00   3.45637846   0.03946701
932.00   3.45543245   0.03959366
933.00   3.45448546   0.03972057
934.00   3.45353748   0.03984775
935.00   3.45258852   0.03997520
936.00   3.45163858   0.04010292
937.00   3.45068766   0.04023091
938.00   3.44973575   0.04035917
939.00   3.44878286   0.04048770
940.00   3.44782898   0.04061650
941.00   3.44687412   0.04074557
942.00   3.44591828   0.04087491
943.00   3.44496146   0.04100453
944.00   3.44400366   0.04113441
945.00   3.44304487   0.04126457
946.00   3.44208510   0.04139500
947.00   3.44112435   0.04152570
948.00   3.44016262   0.04165667
949.00   3.43919990   0.04178792
950.00   3.43823620   0.04191943
951.00   3.43727152   0.04205123
952.00   3.43630586   0.04218329
953.00   3.43533922   0.04231563
954.00   3.43437160   0.04244825
955.00   3.43340299   0.04258114
956.00   3.43243341   0.04271430
957.00   3.43146284   0.04284774
958.00   3.43049129   0.04298145
959.00   3.42951876   0.04311544
960.00   3.42854525   0.04324971
961.00   3.42757076   0.04338425
962.00   3.42659529   0.04351907
963.00   3.42561884   0.04365416
964.00   3.42464140   0.04378953
965.00   3.42366299   0.04392518
966.00   3.42268360   0.04406111
967.00   3.42170323   0.04419731
968.00   3.42072187   0.04433379
969.00   3.41973954   0.04447055
970.00   3.41875623   0.04460759
971.00   3.41777193   0.04474491
972.00   3.41678666   0.04488251
973.00   3.41580041   0.04502038
974.00   3.41481318   0.04515854
975.00   3.41382497   0.04529697
976.00   3.41283578   0.04543569
977.00   3.41184561   0.04557469
978.00   3.41085447   0.04571396
979.00   3.40986234   0.04585352
980.00   3.40886924   0.04599336
981.00   3.40787515   0.04613348
982.00   3.40688009   0.04627388
983.00   3.40588405   0.04641457
984.00   3.40488703   0.04655554
985.00   3.40388904   0.04669679
986.00   3.40289006   0.04683832
987.00   3.40189011   0.04698013
988.00   3.40088918   0.04712223
989.00   3.39988727   0.04726462
990.00   3.39888438   0.04740728
991.00   3.39788052   0.04755023
992.00   3.39687568   0.04769347
993.00   3.39586986   0.04783699
994.00   3.39486307   0.04798080
995.00   3.39385529   0.04812489
996.00   3.39284654   0.04826926
997.00   3.39183682   0.04841392
998.00   3.39082611   0.04855887
999.00   3.38981443   0.04870411
1000.00   3.38880178   0.04884963
1001.00   3.38778814   0.04899544
1002.00   3.38677353   0.04914153
1003.00   3.38575795   0.04928792
1004.00   3.38474139   0.04943459
1005.00   3.38372385   0.04958155
1006.00   3.38270533   0.04972879
1007.00   3.38168585   0.04987633
1008.00   3.38066538   0.05002415
1009.00   3.37964394   0.05017227
1010.00   3.37862152   0.05032067
1011.00   3.37759813   0.05046936
1012.00   3.37657376   0.05061834
1013.00   3.37554842   0.05076762
1014.00   3.37452210   0.05091718
1015.00   3.37349481   0.05106703
1016.00   3.37246654   0.05121718
1017.00   3.37143730   0.05136761
1018.00   3.37040709   0.05151834
1019.00   3.36937589   0.05166936
1020.00   3.36834373   0.05182067
1021.00   3.36731059   0.05197228
1022.00   3.36627648   0.05212417
1023.00   3.36524139   0.05227636
1024.00   3.36420533   0.05242884
1025.00   3.36316829   0.05258162
1026.00   3.36213028   0.05273469
1027.00   3.36109130   0.05288805
1028.00   3.36005134   0.05304171
1029.00   3.35901041   0.05319566
1030.00   3.35796851   0.05334991
1031.00   3.35692563   0.05350445
1032.00   3.35588178   0.05365929
1033.00   3.35483696   0.05381442
1034.00   3.35379116   0.05396985
1035.00   3.35274439   0.05412557
1036.00   3.35169665   0.05428159
1037.00   3.35064794   0.05443791
1038.00   3.34959825   0.05459452
1039.00   3.34854760   0.05475144
1040.00   3.34749597   0.05490865
1041.00   3.34644336   0.05506615
1042.00   3.34538979   0.05522396
1043.00   3.34433524   0.05538206
1044.00   3.34327972   0.05554046
1045.00   3.34222324   0.05569916
1046.00   3.34116577   0.05585816
1047.00   3.34010734   0.05601746
1048.00   3.33904794   0.05617705
1049.00   3.33798756   0.05633695
1050.00   3.33692622   0.05649715
1051.00   3.33586390   0.05665765
1052.00   3.33480061   0.05681845
1053.00   3.33373635   0.05697955
1054.00   3.33267112   0.05714095
1055.00   3.33160493   0.05730265
1056.00   3.33053776   0.05746465
1057.00   3.32946961   0.05762696
1058.00   3.32840050   0.05778957
1059.00   3.32733042   0.05795248
1060.00   3.32625937   0.05811569
1061.00   3.32518735   0.05827921
1062.00   3.32411436   0.05844303
1063.00   3.32304040   0.05860715
1064.00   3.32196547   0.05877158
1065.00   3.32088958   0.05893631
1066.00   3.31981271   0.05910134
1067.00   3.31873487   0.05926668
1068.00   3.31765607   0.05943233
1069.00   3.31657629   0.05959828
1070.00   3.31549555   0.05976453
1071.00   3.31441384   0.05993109
1072.00   3.31333116   0.06009796
1073.00   3.31224751   0.06026514
1074.00   3.31116289   0.06043262
1075.00   3.31007730   0.06060040
1076.00   3.30899075   0.06076850
1077.00   3.30790323   0.06093690
1078.00   3.30681474   0.06110560
1079.00   3.30572528   0.06127462
1080.00   3.30463486   0.06144395
1081.00   3.30354346   0.06161358
1082.00   3.30245110   0.06178352
1083.00   3.30135778   0.06195377
1084.00   3.30026348   0.06212433
1085.00   3.29916822   0.06229520
1086.00   3.29807199   0.06246638
1087.00   3.29697480   0.06263786
1088.00   3.29587664   0.06280966
1089.00   3.29477751   0.06298177
1090.00   3.29367741   0.06315419
1091.00   3.29257635   0.06332692
1092.00   3.29147432   0.06349996
1093.00   3.29037133   0.06367332
1094.00   3.28926737   0.06384698
1095.00   3.28816244   0.06402096
1096.00   3.28705655   0.06419525
1097.00   3.28594970   0.06436985
1098.00   3.28484187   0.06454477
1099.00   3.28373309   0.06472000
1100.00   3.28262333   0.06489554
1101.00   3.28151261   0.06507139
1102.00   3.28040093   0.06524756
1103.00   3.27928828   0.06542404
1104.00   3.27817467   0.06560084
1105.00   3.27706009   0.06577795
1106.00   3.27594455   0.06595538
1107.00   3.27482804   0.06613312
1108.00   3.27371057   0.06631118
1109.00   3.27259213   0.06648956
1110.00   3.27147273   0.06666825
1111.00   3.27035237   0.06684725
1112.00   3.26923104   0.06702658
1113.00   3.26810875   0.06720622
1114.00   3.26698550   0.06738617
1115.00   3.26586128   0.06756645
1116.00   3.26473610   0.06774704
1117.00   3.26360995   0.06792795
1118.00   3.26248284   0.06810917
1119.00   3.26135477   0.06829072
1120.00   3.26022574   0.06847258
1121.00   3.25909574   0.06865477
1122.00   3.25796478   0.06883727
1123.00   3.25683286   0.06902009
1124.00   3.25569997   0.06920323
1125.00   3.25456612   0.06938670
1126.00   3.25343131   0.06957048
1127.00   3.25229554   0.06975458
1128.00   3.25115881   0.06993900
1129.00   3.25002111   0.07012375
1130.00   3.24888246   0.07030881
1131.00   3.24774284   0.07049420
1132.00   3.24660226   0.07067991
1133.00   3.24546072   0.07086594
1134.00   3.24431821   0.07105229
1135.00   3.24317475   0.07123897
1136.00   3.24203032   0.07142597
1137.00   3.24088494   0.07161329
1138.00   3.23973859   0.07180094
1139.00   3.23859128   0.07198891
1140.00   3.23744302   0.07217720
1141.00   3.23629379   0.07236582
1142.00   3.23514360   0.07255476
1143.00   3.23399245   0.07274402
1144.00   3.23284034   0.07293361
1145.00   3.23168727   0.07312353
1146.00   3.23053324   0.07331377
1147.00   3.22937826   0.07350434
1148.00   3.22822231   0.07369523
1149.00   3.22706540   0.07388645
1150.00   3.22590754   0.07407800
1151.00   3.22474871   0.07426987
1152.00   3.22358892   0.07446207
1153.00   3.22242818   0.07465460
1154.00   3.22126648   0.07484746
1155.00   3.22010382   0.07504064
1156.00   3.21894020   0.07523415
1157.00   3.21777562   0.07542799
1158.00   3.21661008   0.07562216
1159.00   3.21544359   0.07581665
1160.00   3.21427614   0.07601148
1161.00   3.21310773   0.07620664
1162.00   3.21193836   0.07640212
1163.00   3.21076803   0.07659794
1164.00   3.20959675   0.07679408
1165.00   3.20842451   0.07699056
1166.00   3.20725131   0.07718736
1167.00   3.20607715   0.07738450
1168.00   3.20490204   0.07758197
1169.00   3.20372597   0.07777977
1170.00   3.20254894   0.07797790
1171.00   3.20137096   0.07817636
1172.00   3.20019202   0.07837516
1173.00   3.19901212   0.07857429
1174.00   3.19783127   0.07877375
1175.00   3.19664946   0.07897354
1176.00   3.19546670   0.07917367
1177.00   3.19428297   0.07937413
1178.00   3.19309830   0.07957493
1179.00   3.19191267   0.07977606
1180.00   3.19072608   0.07997752
1181.00   3.18953853   0.08017932
1182.00   3.18835003   0.08038145
1183.00   3.18716058   0.08058392
1184.00   3.18597017   0.08078672
1185.00   3.18477881   0.08098986
1186.00   3.18358649   0.08119334
1187.00   3.18239321   0.08139715
1188.00   3.18119899   0.08160130
1189.00   3.18000380   0.08180578
1190.00   3.17880767   0.08201060
1191.00   3.17761057   0.08221576
1192.00   3.17641253   0.08242126
1193.00   3.17521353   0.08262709
1194.00   3.17401358   0.08283326
1195.00   3.17281267   0.08303977
1196.00   3.17161081   0.08324662
1197.00   3.17040799   0.08345381
1198.00   3.16920423   0.08366133
1199.00   3.16799951   0.08386920
1200.00   3.16679383   0.08407740
1201.00   3.16558721   0.08428595
1202.00   3.16437963   0.08449483
1203.00   3.16317109   0.08470406
1204.00   3.16196161   0.08491362
1205.00   3.16075117   0.08512353
1206.00   3.15953978   0.08533378
1207.00   3.15832744   0.08554437
1208.00   3.15711415   0.08575530
1209.00   3.15589990   0.08596657
1210.00   3.15468471   0.08617818
1211.00   3.15346856   0.08639014
1212.00   3.15225146   0.08660244
1213.00   3.15103340   0.08681508
1214.00   3.14981440   0.08702807
1215.00   3.14859445   0.08724140
1216.00   3.14737354   0.08745507
1217.00   3.14615168   0.08766909
1218.00   3.14492888   0.08788345
1219.00   3.14370512   0.08809815
1220.00   3.14248041   0.08831320
1221.00   3.14125475   0.08852860
1222.00   3.14002814   0.08874434
1223.00   3.13880059   0.08896042
1224.00   3.13757208   0.08917685
1225.00   3.13634262   0.08939363
1226.00   3.13511221   0.08961075
1227.00   3.13388085   0.08982822
1228.00   3.13264854   0.09004604
1229.00   3.13141529   0.09026420
1230.00   3.13018108   0.09048272
1231.00   3.12894592   0.09070157
1232.00   3.12770982   0.09092078
1233.00   3.12647277   0.09114033
1234.00   3.12523476   0.09136024
1235.00   3.12399581   0.09158049
1236.00   3.12275592   0.09180109
1237.00   3.12151507   0.09202204
1238.00   3.12027327   0.09224334
1239.00   3.11903053   0.09246498
1240.00   3.11778684   0.09268698
1241.00   3.11654220   0.09290933
1242.00   3.11529661   0.09313203
1243.00   3.11405008   0.09335508
1244.00   3.11280260   0.09357848
1245.00   3.11155417   0.09380223
1246.00   3.11030479   0.09402633
1247.00   3.10905447   0.09425078
1248.00   3.10780320   0.09447559
1249.00   3.10655098   0.09470075
1250.00   3.10529782   0.09492626
1251.00   3.10404371   0.09515212
1252.00   3.10278865   0.09537833
1253.00   3.10153265   0.09560490
1254.00   3.10027570   0.09583183
1255.00   3.09901781   0.09605910
1256.00   3.09775897   0.09628673
1257.00   3.09649918   0.09651472
1258.00   3.09523845   0.09674305
1259.00   3.09397677   0.09697175
1260.00   3.09271415   0.09720080
1261.00   3.09145058   0.09743020
1262.00   3.09018607   0.09765996
1263.00   3.08892061   0.09789007
1264.00   3.08765421   0.09812054
1265.00   3.08638687   0.09835137
1266.00   3.08511857   0.09858255
1267.00   3.08384934   0.09881409
1268.00   3.08257916   0.09904599
1269.00   3.08130804   0.09927824
1270.00   3.08003597   0.09951085
1271.00   3.07876296   0.09974382
1272.00   3.07748900   0.09997715
1273.00   3.07621410   0.10021084
1274.00   3.07493826   0.10044488
1275.00   3.07366147   0.10067928
1276.00   3.07238375   0.10091405
1277.00   3.07110507   0.10114917
1278.00   3.06982546   0.10138465
1279.00   3.06854490   0.10162049
1280.00   3.06726340   0.10185669
1281.00   3.06598096   0.10209325
1282.00   3.06469757   0.10233017
1283.00   3.06341325   0.10256745
1284.00   3.06212798   0.10280510
1285.00   3.06084177   0.10304310
1286.00   3.05955461   0.10328147
1287.00   3.05826652   0.10352020
1288.00   3.05697748   0.10375929
1289.00   3.05568751   0.10399874
1290.00   3.05439659   0.10423855
1291.00   3.05310473   0.10447873
1292.00   3.05181193   0.10471927
1293.00   3.05051819   0.10496017
1294.00   3.04922350   0.10520144
1295.00   3.04792788   0.10544307
1296.00   3.04663132   0.10568507
1297.00   3.04533381   0.10592743
1298.00   3.04403537   0.10617015
1299.00   3.04273598   0.10641324
1300.00   3.04143566   0.10665670
1301.00   3.04013440   0.10690052
1302.00   3.03883219   0.10714470
1303.00   3.03752905   0.10738925
1304.00   3.03622497   0.10763417
1305.00   3.03491995   0.10787946
1306.00   3.03361398   0.10812511
1307.00   3.03230709   0.10837112
1308.00   3.03099925   0.10861751
1309.00   3.02969047   0.10886426
1310.00   3.02838075   0.10911138
1311.00   3.02707010   0.10935887
1312.00   3.02575851   0.10960672
1313.00   3.02444598   0.10985494
1314.00   3.02313251   0.11010354
1315.00   3.02181810   0.11035250
1316.00   3.02050276   0.11060183
1317.00   3.01918648   0.11085153
1318.00   3.01786926   0.11110160
1319.00   3.01655110   0.11135204
1320.00   3.01523201   0.11160285
1321.00   3.01391197   0.11185403
1322.00   3.01259101   0.11210558
1323.00   3.01126910   0.11235750
1324.00   3.00994626   0.11260979
1325.00   3.00862248   0.11286245
1326.00   3.00729777   0.11311549
1327.00   3.00597212   0.11336890
1328.00   3.00464553   0.11362268
1329.00   3.00331801   0.11387683
1330.00   3.00198955   0.11413135
1331.00   3.00066016   0.11438625
1332.00   2.99932983   0.11464152
1333.00   2.99799857   0.11489716
1334.00   2.99666637   0.11515318
1335.00   2.99533323   0.11540957
1336.00   2.99399916   0.11566634
1337.00   2.99266416   0.11592348
1338.00   2.99132822   0.11618099
1339.00   2.98999134   0.11643888
1340.00   2.98865354   0.11669715
1341.00   2.98731479   0.11695579
1342.00   2.98597512   0.11721480
1343.00   2.98463451   0.11747420
1344.00   2.98329296   0.11773396
1345.00   2.98195048   0.11799411
1346.00   2.98060707   0.11825463
1347.00   2.97926273   0.11851553
1348.00   2.97791745   0.11877680
1349.00   2.97657124   0.11903846
1350.00   2.97522409   0.11930049
1351.00   2.97387601   0.11956289
1352.00   2.97252700   0.11982568
1353.00   2.97117706   0.12008884
1354.00   2.96982619   0.12035239
1355.00   2.96847438   0.12061631
1356.00   2.96712164   0.12088061
1357.00   2.96576797   0.12114529
1358.00   2.96441336   0.12141035
1359.00   2.96305783   0.12167579
1360.00   2.96170136   0.12194161
1361.00   2.96034396   0.12220781
1362.00   2.95898563   0.12247439
1363.00   2.95762637   0.12274136
1364.00   2.95626618   0.12300870
1365.00   2.95490506   0.12327642
1366.00   2.95354300   0.12354453
1367.00   2.95218002   0.12381302
1368.00   2.95081610   0.12408189
1369.00   2.94945126   0.12435114
1370.00   2.94808548   0.12462078
1371.00   2.94671878   0.12489079
1372.00   2.94535114   0.12516120
1373.00   2.94398258   0.12543198
1374.00   2.94261308   0.12570315
1375.00   2.94124266   0.12597470
1376.00   2.93987131   0.12624664
1377.00   2.93849902   0.12651896
1378.00   2.93712581   0.12679166
1379.00   2.93575167   0.12706475
1380.00   2.93437660   0.12733823
1381.00   2.93300060   0.12761209
1382.00   2.93162368   0.12788633
1383.00   2.93024582   0.12816097
1384.00   2.92886704   0.12843598
1385.00   2.92748733   0.12871139
1386.00   2.92610669   0.12898718
1387.00   2.92472512   0.12926336
1388.00   2.92334263   0.12953992
1389.00   2.92195921   0.12981687
1390.00   2.92057486   0.13009421
1391.00   2.91918958   0.13037194
1392.00   2.91780338   0.13065006
1393.00   2.91641625   0.13092856
1394.00   2.91502819   0.13120745
1395.00   2.91363921   0.13148673
1396.00   2.91224930   0.13176641
1397.00   2.91085846   0.13204646
1398.00   2.90946670   0.13232691
1399.00   2.90807401   0.13260775
1400.00   2.90668040   0.13288898
1401.00   2.90528586   0.13317060
1402.00   2.90389039   0.13345261
1403.00   2.90249400   0.13373501
1404.00   2.90109669   0.13401780
1405.00   2.89969845   0.13430099
1406.00   2.89829928   0.13458456
1407.00   2.89689919   0.13486853
1408.00   2.89549817   0.13515288
1409.00   2.89409623   0.13543764
1410.00   2.89269337   0.13572278
1411.00   2.89128958   0.13600831
1412.00   2.88988486   0.13629424
1413.00   2.88847923   0.13658056
1414.00   2.88707267   0.13686728
1415.00   2.88566518   0.13715439
1416.00   2.88425677   0.13744189
1417.00   2.88284744   0.13772979
1418.00   2.88143718   0.13801808
1419.00   2.88002601   0.13830677
1420.00   2.87861391   0.13859585
1421.00   2.87720088   0.13888532
1422.00   2.87578693   0.13917520
1423.00   2.87437207   0.13946546
1424.00   2.87295627   0.13975613
1425.00   2.87153956   0.14004719
1426.00   2.87012192   0.14033864
1427.00   2.86870337   0.14063050
1428.00   2.86728389   0.14092275
1429.00   2.86586348   0.14121539
1430.00   2.86444216   0.14150844
1431.00   2.86301992   0.14180188
1432.00   2.86159675   0.14209572
1433.00   2.86017267   0.14238996
1434.00   2.85874766   0.14268459
1435.00   2.85732173   0.14297963
1436.00   2.85589488   0.14327506
1437.00   2.85446711   0.14357089
1438.00   2.85303842   0.14386712
1439.00   2.85160881   0.14416376
1440.00   2.85017828   0.14446079
1441.00   2.84874683   0.14475822
1442.00   2.84731446   0.14505605
1443.00   2.84588118   0.14535428
1444.00   2.84444697   0.14565292
1445.00   2.84301184   0.14595195
1446.00   2.84157579   0.14625139
1447.00   2.84013883   0.14655122
1448.00   2.83870094   0.14685146
1449.00   2.83726214   0.14715210
1450.00   2.83582242   0.14745315
1451.00   2.83438178   0.14775459
1452.00   2.83294022   0.14805644
1453.00   2.83149774   0.14835869
1454.00   2.83005435   0.14866135
1455.00   2.82861004   0.14896440
1456.00   2.82716481   0.14926786
1457.00   2.82571866   0.14957173
1458.00   2.82427159   0.14987600
1459.00   2.82282361   0.15018067
1460.00   2.82137471   0.15048575
1461.00   2.81992490   0.15079124
1462.00   2.81847416   0.15109713
1463.00   2.81702251   0.15140342
1464.00   2.81556995   0.15171012
1465.00   2.81411647   0.15201723
1466.00   2.81266207   0.15232474
1467.00   2.81120675   0.15263266
1468.00   2.80975052   0.15294098
1469.00   2.80829338   0.15324971
1470.00   2.80683532   0.15355885
1471.00   2.80537634   0.15386840
1472.00   2.80391645   0.15417835
1473.00   2.80245564   0.15448872
1474.00   2.80099392   0.15479949
1475.00   2.79953128   0.15511066
1476.00   2.79806773   0.15542225
1477.00   2.79660327   0.15573425
1478.00   2.79513789   0.15604665
1479.00   2.79367159   0.15635946
1480.00   2.79220438   0.15667269
1481.00   2.79073626   0.15698632
1482.00   2.78926723   0.15730036
1483.00   2.78779728   0.15761482
1484.00   2.78632641   0.15792968
1485.00   2.78485464   0.15824495
1486.00   2.78338195   0.15856064
1487.00   2.78190835   0.15887674
1488.00   2.78043383   0.15919324
1489.00   2.77895840   0.15951016
1490.00   2.77748206   0.15982749
1491.00   2.77600481   0.16014524
1492.00   2.77452665   0.16046339
1493.00   2.77304757   0.16078196
1494.00   2.77156758   0.16110094
1495.00   2.77008668   0.16142034
1496.00   2.76860487   0.16174015
1497.00   2.76712214   0.16206037
1498.00   2.76563851   0.16238100
1499.00   2.76415396   0.16270205
1500.00   2.76266851   0.16302352
1501.00   2.76118214   0.16334540
1502.00   2.75969486   0.16366769
1503.00   2.75820667   0.16399040
1504.00   2.75671757   0.16431352
1505.00   2.75522756   0.16463706
1506.00   2.75373664   0.16496101
1507.00   2.75224481   0.16528538
1508.00   2.75075207   0.16561017
1509.00   2.74925842   0.16593537
1510.00   2.74776386   0.16626099
1511.00   2.74626840   0.16658703
1512.00   2.74477202   0.16691348
1513.00   2.74327473   0.16724036
1514.00   2.74177654   0.16756765
1515.00   2.74027744   0.16789535
1516.00   2.73877742   0.16822348
1517.00   2.73727650   0.16855202
1518.00   2.73577467   0.16888098
1519.00   2.73427194   0.16921036
1520.00   2.73276829   0.16954016
1521.00   2.73126374   0.16987038
1522.00   2.72975828   0.17020102
1523.00   2.72825191   0.17053208
1524.00   2.72674464   0.17086356
1525.00   2.72523646   0.17119546
1526.00   2.72372737   0.17152778
1527.00   2.72221737   0.17186052
1528.00   2.72070647   0.17219368
1529.00   2.71919466   0.17252726
1530.00   2.71768195   0.17286126
1531.00   2.71616832   0.17319569
1532.00   2.71465380   0.17353054
1533.00   2.71313836   0.17386581
1534.00   2.71162203   0.17420150
1535.00   2.71010478   0.17453761
1536.00   2.70858663   0.17487415
1537.00   2.70706758   0.17521111
1538.00   2.70554761   0.17554850
1539.00   2.70402675   0.17588630
1540.00   2.70250498   0.17622453
1541.00   2.70098230   0.17656319
1542.00   2.69945872   0.17690227
1543.00   2.69793424   0.17724177
1544.00   2.69640885   0.17758170
1545.00   2.69488256   0.17792206
1546.00   2.69335537   0.17826284
1547.00   2.69182727   0.17860404
1548.00   2.69029826   0.17894567
1549.00   2.68876836   0.17928773
1550.00   2.68723755   0.17963021
1551.00   2.68570583   0.17997312
1552.00   2.68417322   0.18031645
1553.00   2.68263970   0.18066022
1554.00   2.68110528   0.18100441
1555.00   2.67956996   0.18134902
1556.00   2.67803373   0.18169407
1557.00   2.67649660   0.18203954
1558.00   2.67495857   0.18238544
1559.00   2.67341964   0.18273177
1560.00   2.67187981   0.18307852
1561.00   2.67033907   0.18342571
1562.00   2.66879744   0.18377333
1563.00   2.66725490   0.18412137
1564.00   2.66571146   0.18446984
1565.00   2.66416712   0.18481875
1566.00   2.66262188   0.18516808
1567.00   2.66107574   0.18551784
1568.00   2.65952870   0.18586804
1569.00   2.65798076   0.18621866
1570.00   2.65643192   0.18656972
1571.00   2.65488218   0.18692120
1572.00   2.65333154   0.18727312
1573.00   2.65178000   0.18762547
1574.00   2.65022756   0.18797825
1575.00   2.64867422   0.18833147
1576.00   2.64711998   0.18868511
1577.00   2.64556484   0.18903919
1578.00   2.64400880   0.18939370
1579.00   2.64245187   0.18974864
1580.00   2.64089404   0.19010402
1581.00   2.63933530   0.19045983
1582.00   2.63777568   0.19081608
1583.00   2.63621515   0.19117275
1584.00   2.63465372   0.19152987
1585.00   2.63309140   0.19188741
1586.00   2.63152818   0.19224539
1587.00   2.62996406   0.19260381
1588.00   2.62839904   0.19296266
1589.00   2.62683313   0.19332195
1590.00   2.62526632   0.19368167
1591.00   2.62369862   0.19404183
1592.00   2.62213001   0.19440242
1593.00   2.62056051   0.19476345
1594.00   2.61899012   0.19512492
1595.00   2.61741883   0.19548682
1596.00   2.61584664   0.19584916
1597.00   2.61427356   0.19621194
1598.00   2.61269958   0.19657515
1599.00   2.61112470   0.19693880
1600.00   2.60954893   0.19730289
1601.00   2.60797227   0.19766742
1602.00   2.60639471   0.19803239
1603.00   2.60481626   0.19839779
1604.00   2.60323691   0.19876364
1605.00   2.60165666   0.19912992
1606.00   2.60007553   0.19949664
1607.00   2.59849349   0.19986381
1608.00   2.59691057   0.20023141
1609.00   2.59532675   0.20059945
1610.00   2.59374204   0.20096793
1611.00   2.59215643   0.20133685
1612.00   2.59056993   0.20170622
1613.00   2.58898253   0.20207602
1614.00   2.58739425   0.20244626
1615.00   2.58580507   0.20281695
1616.00   2.58421500   0.20318808
1617.00   2.58262403   0.20355965
1618.00   2.58103218   0.20393166
1619.00   2.57943943   0.20430411
1620.00   2.57784578   0.20467701
1621.00   2.57625125   0.20505035
1622.00   2.57465583   0.20542413
1623.00   2.57305951   0.20579836
1624.00   2.57146230   0.20617302
1625.00   2.56986420   0.20654814
1626.00   2.56826521   0.20692369
1627.00   2.56666533   0.20729969
1628.00   2.56506456   0.20767614
1629.00   2.56346290   0.20805303
1630.00   2.56186035   0.20843036
1631.00   2.56025690   0.20880814
1632.00   2.55865257   0.20918636
1633.00   2.55704735   0.20956503
1634.00   2.55544123   0.20994415
1635.00   2.55383423   0.21032371
1636.00   2.55222634   0.21070372
1637.00   2.55061756   0.21108417
1638.00   2.54900789   0.21146507
1639.00   2.54739733   0.21184642
1640.00   2.54578588   0.21222821
1641.00   2.54417355   0.21261046
1642.00   2.54256032   0.21299315
1643.00   2.54094621   0.21337628
1644.00   2.53933121   0.21375987
1645.00   2.53771532   0.21414390
1646.00   2.53609854   0.21452838
1647.00   2.53448087   0.21491331
1648.00   2.53286232   0.21529869
1649.00   2.53124288   0.21568452
1650.00   2.52962256   0.21607080
1651.00   2.52800134   0.21645753
1652.00   2.52637924   0.21684471
1653.00   2.52475625   0.21723233
1654.00   2.52313238   0.21762041
1655.00   2.52150762   0.21800894
1656.00   2.51988197   0.21839792
1657.00   2.51825544   0.21878735
1658.00   2.51662802   0.21917723
1659.00   2.51499972   0.21956756
1660.00   2.51337053   0.21995835
1661.00   2.51174046   0.22034958
1662.00   2.51010950   0.22074127
1663.00   2.50847765   0.22113341
1664.00   2.50684492   0.22152601
1665.00   2.50521131   0.22191905
1666.00   2.50357681   0.22231255
1667.00   2.50194143   0.22270650
1668.00   2.50030516   0.22310091
1669.00   2.49866801   0.22349577
1670.00   2.49702998   0.22389108
1671.00   2.49539106   0.22428685
1672.00   2.49375126   0.22468307
1673.00   2.49211057   0.22507975
1674.00   2.49046900   0.22547688
1675.00   2.48882655   0.22587447
1676.00   2.48718322   0.22627251
1677.00   2.48553900   0.22667101
1678.00   2.48389390   0.22706996
1679.00   2.48224792   0.22746937
1680.00   2.48060105   0.22786923
1681.00   2.47895331   0.22826956
1682.00   2.47730468   0.22867033
1683.00   2.47565517   0.22907157
1684.00   2.47400478   0.22947326
1685.00   2.47235351   0.22987541
1686.00   2.47070136   0.23027802
1687.00   2.46904832   0.23068108
1688.00   2.46739441   0.23108461
1689.00   2.46573961   0.23148859
1690.00   2.46408393   0.23189303
1691.00   2.46242738   0.23229793
1692.00   2.46076994   0.23270328
1693.00   2.45911162   0.23310910
1694.00   2.45745243   0.23351538
1695.00   2.45579235   0.23392211
1696.00   2.45413140   0.23432931
1697.00   2.45246956   0.23473696
1698.00   2.45080685   0.23514508
1699.00   2.44914325   0.23555365
1700.00   2.44747878   0.23596269
1701.00   2.44581343   0.23637219
1702.00   2.44414720   0.23678215
1703.00   2.44248009   0.23719257
1704.00   2.44081211   0.23760345
1705.00   2.43914325   0.23801479
1706.00   2.43747350   0.23842660
1707.00   2.43580289   0.23883887
1708.00   2.43413139   0.23925160
1709.00   2.43245902   0.23966479
1710.00   2.43078577   0.24007845
1711.00   2.42911164   0.24049257
1712.00   2.42743663   0.24090715
1713.00   2.42576075   0.24132219
1714.00   2.42408399   0.24173770
1715.00   2.42240636   0.24215368
1716.00   2.42072785   0.24257012
1717.00   2.41904847   0.24298702
1718.00   2.41736820   0.24340439
1719.00   2.41568707   0.24382222
1720.00   2.41400505   0.24424052
1721.00   2.41232217   0.24465928
1722.00   2.41063840   0.24507851
1723.00   2.40895377   0.24549821
1724.00   2.40726825   0.24591837
1725.00   2.40558187   0.24633899
1726.00   2.40389461   0.24676009
1727.00   2.40220647   0.24718165
1728.00   2.40051746   0.24760367
1729.00   2.39882758   0.24802617
1730.00   2.39713682   0.24844913
1731.00   2.39544519   0.24887256
1732.00   2.39375268   0.24929646
1733.00   2.39205931   0.24972082
1734.00   2.39036506   0.25014566
1735.00   2.38866993   0.25057096
1736.00   2.38697394   0.25099673
1737.00   2.38527707   0.25142297
1738.00   2.38357933   0.25184968
1739.00   2.38188071   0.25227686
1740.00   2.38018123   0.25270451
1741.00   2.37848087   0.25313262
1742.00   2.37677964   0.25356121
1743.00   2.37507754   0.25399027
1744.00   2.37337457   0.25441980
1745.00   2.37167073   0.25484980
1746.00   2.36996602   0.25528027
1747.00   2.36826043   0.25571121
1748.00   2.36655398   0.25614262
1749.00   2.36484665   0.25657451
1750.00   2.36313846   0.25700687
1751.00   2.36142939   0.25743969
1752.00   2.35971945   0.25787300
1753.00   2.35800865   0.25830677
1754.00   2.35629697   0.25874102
1755.00   2.35458443   0.25917573
1756.00   2.35287102   0.25961093
1757.00   2.35115673   0.26004659
1758.00   2.34944158   0.26048273
1759.00   2.34772556   0.26091935
1760.00   2.34600867   0.26135643
1761.00   2.34429091   0.26179399
1762.00   2.34257229   0.26223203
1763.00   2.34085279   0.26267054
1764.00   2.33913243   0.26310953
1765.00   2.33741120   0.26354899
1766.00   2.33568911   0.26398892
1767.00   2.33396614   0.26442933
1768.00   2.33224231   0.26487022
1769.00   2.33051761   0.26531158
1770.00   2.32879205   0.26575342
1771.00   2.32706562   0.26619574
1772.00   2.32533832   0.26663853
1773.00   2.32361015   0.26708180
1774.00   2.32188112   0.26752555
1775.00   2.32015123   0.26796977
1776.00   2.31842046   0.26841447
1777.00   2.31668883   0.26885965
1778.00   2.31495634   0.26930531
1779.00   2.31322298   0.26975145
1780.00   2.31148876   0.27019806
1781.00   2.30975367   0.27064515
1782.00   2.30801772   0.27109273
1783.00   2.30628090   0.27154078
1784.00   2.30454322   0.27198931
1785.00   2.30280467   0.27243832
1786.00   2.30106526   0.27288780
1787.00   2.29932498   0.27333777
1788.00   2.29758384   0.27378822
1789.00   2.29584184   0.27423915
1790.00   2.29409898   0.27469056
1791.00   2.29235525   0.27514245
1792.00   2.29061066   0.27559483
1793.00   2.28886520   0.27604768
1794.00   2.28711889   0.27650101
1795.00   2.28537171   0.27695483
1796.00   2.28362367   0.27740913
1797.00   2.28187476   0.27786391
1798.00   2.28012500   0.27831917
1799.00   2.27837437   0.27877492
1800.00   2.27662288   0.27923115
1801.00   2.27487053   0.27968786
1802.00   2.27311732   0.28014505
1803.00   2.27136325   0.28060273
1804.00   2.26960831   0.28106089
1805.00   2.26785252   0.28151954
1806.00   2.26609586   0.28197867
1807.00   2.26433835   0.28243828
1808.00   2.26257997   0.28289838
1809.00   2.26082074   0.28335896
1810.00   2.25906064   0.28382003
1811.00   2.25729969   0.28428158
1812.00   2.25553787   0.28474362
1813.00   2.25377520   0.28520614
1814.00   2.25201167   0.28566915
1815.00   2.25024727   0.28613265
1816.00   2.24848202   0.28659663
1817.00   2.24671591   0.28706110
1818.00   2.24494895   0.28752606
1819.00   2.24318112   0.28799150
1820.00   2.24141244   0.28845743
1821.00   2.23964290   0.28892384
1822.00   2.23787250   0.28939075
1823.00   2.23610124   0.28985814
1824.00   2.23432912   0.29032602
1825.00   2.23255615   0.29079439
1826.00   2.23078232   0.29126324
1827.00   2.22900764   0.29173259
1828.00   2.22723210   0.29220242
1829.00   2.22545570   0.29267274
1830.00   2.22367844   0.29314356
1831.00   2.22190033   0.29361486
1832.00   2.22012137   0.29408665
1833.00   2.21834154   0.29455893
1834.00   2.21656087   0.29503170
1835.00   2.21477933   0.29550496
1836.00   2.21299694   0.29597871
1837.00   2.21121370   0.29645296
1838.00   2.20942960   0.29692769
1839.00   2.20764465   0.29740292
1840.00   2.20585884   0.29787863
1841.00   2.20407218   0.29835484
1842.00   2.20228466   0.29883154
1843.00   2.20049629   0.29930873
1844.00   2.19870707   0.29978641
1845.00   2.19691699   0.30026459
1846.00   2.19512606   0.30074326
1847.00   2.19333427   0.30122242
1848.00   2.19154164   0.30170208
1849.00   2.18974815   0.30218223
1850.00   2.18795380   0.30266287
1851.00   2.18615861   0.30314400
1852.00   2.18436256   0.30362563
1853.00   2.18256566   0.30410776
1854.00   2.18076791   0.30459037
1855.00   2.17896930   0.30507349
1856.00   2.17716985   0.30555709
1857.00   2.17536954   0.30604120
1858.00   2.17356838   0.30652579
1859.00   2.17176637   0.30701089
1860.00   2.16996351   0.30749647
1861.00   2.16815980   0.30798256
1862.00   2.16635524   0.30846914
1863.00   2.16454983   0.30895622
1864.00   2.16274356   0.30944379
1865.00   2.16093645   0.30993186
1866.00   2.15912849   0.31042043
1867.00   2.15731968   0.31090949
1868.00   2.15551002   0.31139905
1869.00   2.15369951   0.31188911
1870.00   2.15188815   0.31237967
1871.00   2.15007594   0.31287072
1872.00   2.14826288   0.31336227
1873.00   2.14644897   0.31385433
1874.00   2.14463422   0.31434688
1875.00   2.14281862   0.31483992
1876.00   2.14100217   0.31533347
1877.00   2.13918487   0.31582752
1878.00   2.13736672   0.31632207
1879.00   2.13554773   0.31681711
1880.00   2.13372789   0.31731266
1881.00   2.13190720   0.31780870
1882.00   2.13008566   0.31830525
1883.00   2.12826328   0.31880230
1884.00   2.12644005   0.31929984
1885.00   2.12461598   0.31979789
1886.00   2.12279106   0.32029644
1887.00   2.12096529   0.32079549
1888.00   2.11913868   0.32129504
1889.00   2.11731122   0.32179510
1890.00   2.11548291   0.32229565
1891.00   2.11365376   0.32279671
1892.00   2.11182377   0.32329827
1893.00   2.10999293   0.32380034
1894.00   2.10816124   0.32430290
1895.00   2.10632871   0.32480597
1896.00   2.10449534   0.32530954
1897.00   2.10266112   0.32581362
1898.00   2.10082606   0.32631820
1899.00   2.09899015   0.32682328
1900.00   2.09715341   0.32732887
1901.00   2.09531581   0.32783496
1902.00   2.09347738   0.32834156
1903.00   2.09163810   0.32884866
1904.00   2.08979797   0.32935626
1905.00   2.08795701   0.32986437
1906.00   2.08611520   0.33037299
1907.00   2.08427255   0.33088211
1908.00   2.08242906   0.33139174
1909.00   2.08058473   0.33190187
1910.00   2.07873955   0.33241251
1911.00   2.07689353   0.33292365
1912.00   2.07504667   0.33343531
1913.00   2.07319897   0.33394747
1914.00   2.07135043   0.33446013
1915.00   2.06950105   0.33497330
1916.00   2.06765082   0.33548698
1917.00   2.06579976   0.33600117
1918.00   2.06394785   0.33651587
1919.00   2.06209511   0.33703107
1920.00   2.06024152   0.33754678
1921.00   2.05838710   0.33806300
1922.00   2.05653184   0.33857973
1923.00   2.05467573   0.33909697
1924.00   2.05281879   0.33961472
1925.00   2.05096101   0.34013297
1926.00   2.04910239   0.34065174
1927.00   2.04724293   0.34117102
1928.00   2.04538263   0.34169080
1929.00   2.04352149   0.34221110
1930.00   2.04165952   0.34273190
1931.00   2.03979670   0.34325322
1932.00   2.03793305   0.34377504
1933.00   2.03606857   0.34429738
1934.00   2.03420324   0.34482023
1935.00   2.03233708   0.34534359
1936.00   2.03047008   0.34586746
1937.00   2.02860224   0.34639185
1938.00   2.02673357   0.34691674
1939.00   2.02486406   0.34744215
1940.00   2.02299371   0.34796807
1941.00   2.02112253   0.34849450
1942.00   2.01925051   0.34902145
1943.00   2.01737765   0.34954890
1944.00   2.01550396   0.35007687
1945.00   2.01362944   0.35060536
1946.00   2.01175408   0.35113436
1947.00   2.00987788   0.35166387
1948.00   2.00800085   0.35219389
1949.00   2.00612299   0.35272443
1950.00   2.00424429   0.35325549
1951.00   2.00236475   0.35378706
1952.00   2.00048438   0.35431914
1953.00   1.99860318   0.35485174
1954.00   1.99672115   0.35538485
1955.00   1.99483828   0.35591848
1956.00   1.99295457   0.35645263
1957.00   1.99107004   0.35698729
1958.00   1.98918467   0.35752247
1959.00   1.98729847   0.35805816
1960.00   1.98541143   0.35859437
1961.00   1.98352357   0.35913110
1962.00   1.98163487   0.35966834
1963.00   1.97974534   0.36020610
1964.00   1.97785497   0.36074438
1965.00   1.97596378   0.36128317
1966.00   1.97407175   0.36182248
1967.00   1.97217890   0.36236231
1968.00   1.97028521   0.36290266
1969.00   1.96839069   0.36344353
1970.00   1.96649534   0.36398491
1971.00   1.96459916   0.36452682
1972.00   1.96270214   0.36506924
1973.00   1.96080430   0.36561218
1974.00   1.95890563   0.36615564
1975.00   1.95700613   0.36669962
1976.00   1.95510580   0.36724412
1977.00   1.95320464   0.36778914
1978.00   1.95130265   0.36833468
1979.00   1.94939983   0.36888074
1980.00   1.94749618   0.36942733
1981.00   1.94559171   0.36997443
1982.00   1.94368640   0.37052205
1983.00   1.94178027   0.37107019
1984.00   1.93987331   0.37161886
1985.00   1.93796552   0.37216804
1986.00   1.93605690   0.37271775
1987.00   1.93414746   0.37326798
1988.00   1.93223718   0.37381873
1989.00   1.93032608   0.37437001
1990.00   1.92841416   0.37492181
1991.00   1.92650141   0.37547413
1992.00   1.92458783   0.37602697
1993.00   1.92267342   0.37658033
1994.00   1.92075819   0.37713422
1995.00   1.91884213   0.37768864
1996.00   1.91692524   0.37824357
1997.00   1.91500753   0.37879903
1998.00   1.91308900   0.37935502
1999.00   1.91116964   0.37991153
2000.00   1.90924945   0.38046856
