wavelength(nm)         real         imag
200.00   3.65284921   0.00472350
201.00   3.65037244   0.00479469
202.00   3.64788333   0.00486659
203.00   3.64538189   0.00493921
204.00   3.64286811   0.00501254
205.00   3.64034200   0.00508660
206.00   3.63780356   0.00516138
207.00   3.63525278   0.00523689
208.00   3.63268967   0.00531314
209.00   3.63011423   0.00539012
210.00   3.62752645   0.00546784
211.00   3.62492635   0.00554630
212.00   3.62231391   0.00562551
213.00   3.61968913   0.00570547
214.00   3.61705203   0.00578618
215.00   3.61440260   0.00586766
216.00   3.61174083   0.00594989
217.00   3.60906674   0.00603288
218.00   3.60638031   0.00611665
219.00   3.60368156   0.00620119
220.00   3.60097047   0.00628650
221.00   3.59824706   0.00637259
222.00   3.59551132   0.00645946
223.00   3.59276325   0.00654711
224.00   3.59000285   0.00663556
225.00   3.58723012   0.00672480
226.00   3.58444506   0.00681484
227.00   3.58164768   0.00690567
228.00   3.57883797   0.00699731
229.00   3.57601593   0.00708975
230.00   3.57318157   0.00718301
231.00   3.57033488   0.00727708
232.00   3.56747586   0.00737196
233.00   3.56460452   0.00746767
234.00   3.56172085   0.00756420
235.00   3.55882486   0.00766156
236.00   3.55591654   0.00775975
237.00   3.55299590   0.00785878
238.00   3.55006293   0.00795864
239.00   3.54711765   0.00805935
240.00   3.54416003   0.00816090
241.00   3.54119010   0.00826330
242.00   3.53820784   0.00836655
243.00   3.53521326   0.00847066
244.00   3.53220635   0.00857563
245.00   3.52918713   0.00868146
246.00   3.52615558   0.00878816
247.00   3.52311172   0.00889573
248.00   3.52005553   0.00900417
249.00   3.51698702   0.00911349
250.00   3.51390619   0.00922369
251.00   3.51081304   0.00933478
252.00   3.50770757   0.00944675
253.00   3.50458979   0.00955961
254.00   3.50145968   0.00967337
255.00   3.49831726   0.00978803
256.00   3.49516251   0.00990359
257.00   3.49199545   0.01002005
258.00   3.48881608   0.01013743
259.00   3.48562438   0.01025571
260.00   3.48242037   0.01037492
261.00   3.47920404   0.01049504
262.00   3.47597540   0.01061608
263.00   3.47273444   0.01073805
264.00   3.46948117   0.01086096
265.00   3.46621558   0.01098479
266.00   3.46293767   0.01110956
267.00   3.45964746   0.01123527
268.00   3.45634492   0.01136193
269.00   3.45303008   0.01148954
270.00   3.44970292   0.01161809
271.00   3.44636345   0.01174760
272.00   3.44301167   0.01187807
273.00   3.43964757   0.01200950
274.00   3.43627116   0.01214190
275.00   3.43288244   0.01227526
276.00   3.42948141   0.01240960
277.00   3.42606807   0.01254491
278.00   3.42264242   0.01268121
279.00   3.41920446   0.01281848
280.00   3.41575419   0.01295674
281.00   3.41229162   0.01309599
282.00   3.40881673   0.01323624
283.00   3.40532953   0.01337748
284.00   3.40183003   0.01351972
285.00   3.39831822   0.01366297
286.00   3.39479410   0.01380722
287.00   3.39125767   0.01395249
288.00   3.38770894   0.01409877
289.00   3.38414791   0.01424607
290.00   3.38057456   0.01439439
291.00   3.37698892   0.01454373
292.00   3.37339096   0.01469410
293.00   3.36978071   0.01484551
294.00   3.36615814   0.01499795
295.00   3.36252328   0.01515143
296.00   3.35887611   0.01530595
297.00   3.35521664   0.01546152
298.00   3.35154487   0.01561814
299.00   3.34786079   0.01577581
300.00   3.34416441   0.01593454
301.00   3.34045574   0.01609433
302.00   3.33673476   0.01625518
303.00   3.33300148   0.01641710
304.00   3.32925590   0.01658009
305.00   3.32549802   0.01674416
306.00   3.32172784   0.01690930
307.00   3.31794536   0.01707552
308.00   3.31415059   0.01724283
309.00   3.31034352   0.01741123
310.00   3.30652414   0.01758072
311.00   3.30269248   0.01775131
312.00   3.29884851   0.01792299
313.00   3.29499225   0.01809578
314.00   3.29112369   0.01826967
315.00   3.28724284   0.01844467
316.00   3.28334970   0.01862078
317.00   3.27944425   0.01879802
318.00   3.27552652   0.01897637
319.00   3.27159649   0.01915584
320.00   3.26765417   0.01933644
321.00   3.26369955   0.01951817
322.00   3.25973264   0.01970104
323.00   3.25575344   0.01988504
324.00   3.25176195   0.02007019
325.00   3.24775817   0.02025648
326.00   3.24374209   0.02044392
327.00   3.23971373   0.02063250
328.00   3.23567308   0.02082225
329.00   3.23162013   0.02101315
330.00   3.22755490   0.02120522
331.00   3.22347738   0.02139845
332.00   3.21938757   0.02159285
333.00   3.21528548   0.02178842
334.00   3.21117109   0.02198517
335.00   3.20704442   0.02218309
336.00   3.20290547   0.02238221
337.00   3.19875423   0.02258250
338.00   3.19459070   0.02278399
339.00   3.19041489   0.02298667
340.00   3.18622679   0.02319055
341.00   3.18202641   0.02339563
342.00   3.17781375   0.02360192
343.00   3.17358880   0.02380941
344.00   3.16935157   0.02401811
345.00   3.16510206   0.02422803
346.00   3.16084026   0.02443916
347.00   3.15656619   0.02465152
348.00   3.15227984   0.02486510
349.00   3.14798120   0.02507991
350.00   3.14367028   0.02529596
351.00   3.13934709   0.02551324
352.00   3.13501162   0.02573176
353.00   3.13066386   0.02595152
354.00   3.12630384   0.02617253
355.00   3.12193153   0.02639478
356.00   3.11754694   0.02661829
357.00   3.11315008   0.02684306
358.00   3.10874095   0.02706909
359.00   3.10431954   0.02729638
360.00   3.09988585   0.02752494
361.00   3.09543989   0.02775477
362.00   3.09098165   0.02798587
363.00   3.08651114   0.02821826
364.00   3.08202836   0.02845192
365.00   3.07753330   0.02868687
366.00   3.07302598   0.02892310
367.00   3.06850638   0.02916063
368.00   3.06397451   0.02939945
369.00   3.05943037   0.02963958
370.00   3.05487396   0.02988100
371.00   3.05030528   0.03012373
372.00   3.04572433   0.03036777
373.00   3.04113111   0.03061312
374.00   3.03652563   0.03085979
375.00   3.03190787   0.03110778
376.00   3.02727785   0.03135709
377.00   3.02263557   0.03160773
378.00   3.01798101   0.03185970
379.00   3.01331419   0.03211300
380.00   3.00863511   0.03236764
381.00   3.00394376   0.03262362
382.00   2.99924015   0.03288095
383.00   2.99452427   0.03313962
384.00   2.98979613   0.03339964
385.00   2.98505573   0.03366102
386.00   2.98030307   0.03392376
387.00   2.97553814   0.03418786
388.00   2.97076096   0.03445332
389.00   2.96597151   0.03472016
390.00   2.96116980   0.03498836
391.00   2.95635584   0.03525794
392.00   2.95152961   0.03552890
393.00   2.94669113   0.03580124
394.00   2.94184039   0.03607497
395.00   2.93697739   0.03635009
396.00   2.93210214   0.03662660
397.00   2.92721463   0.03690451
398.00   2.92231486   0.03718382
399.00   2.91740284   0.03746453
400.00   2.91247856   0.03774665
401.00   2.90754203   0.03803018
402.00   2.90259325   0.03831513
403.00   2.89763221   0.03860149
404.00   2.89265892   0.03888927
405.00   2.88767338   0.03917848
406.00   2.88267559   0.03946912
407.00   2.87766554   0.03976119
408.00   2.87264325   0.04005469
409.00   2.86760870   0.04034963
410.00   2.86256191   0.04064602
411.00   2.85750287   0.04094384
412.00   2.85243158   0.04124312
413.00   2.84734804   0.04154385
414.00   2.84225226   0.04184604
415.00   2.83714423   0.04214969
416.00   2.83202395   0.04245480
417.00   2.82689143   0.04276137
418.00   2.82174666   0.04306942
419.00   2.81658965   0.04337894
420.00   2.81142040   0.04368994
421.00   2.80623890   0.04400241
422.00   2.80104516   0.04431638
423.00   2.79583918   0.04463182
424.00   2.79062096   0.04494876
425.00   2.78539049   0.04526720
426.00   2.78014779   0.04558713
427.00   2.77489285   0.04590856
428.00   2.76962566   0.04623150
429.00   2.76434624   0.04655595
430.00   2.75905458   0.04688191
431.00   2.75375069   0.04720938
432.00   2.74843455   0.04753837
433.00   2.74310618   0.04786889
434.00   2.73776558   0.04820093
435.00   2.73241274   0.04853450
436.00   2.72704766   0.04886960
437.00   2.72167035   0.04920624
438.00   2.71628081   0.04954442
439.00   2.71087904   0.04988414
440.00   2.70546503   0.05022541
441.00   2.70003879   0.05056823
442.00   2.69460032   0.05091260
443.00   2.68914963   0.05125853
444.00   2.68368670   0.05160602
445.00   2.67821154   0.05195507
446.00   2.67272415   0.05230570
447.00   2.66722454   0.05265789
448.00   2.66171269   0.05301166
449.00   2.65618863   0.05336700
450.00   2.65065233   0.05372393
451.00   2.64510381   0.05408244
452.00   2.63954307   0.05444254
453.00   2.63397010   0.05480423
454.00   2.62838490   0.05516752
455.00   2.62278749   0.05553241
456.00   2.61717785   0.05589890
457.00   2.61155599   0.05626699
458.00   2.60592191   0.05663669
459.00   2.60027560   0.05700801
460.00   2.59461708   0.05738094
461.00   2.58894634   0.05775550
462.00   2.58326338   0.05813167
463.00   2.57756820   0.05850948
464.00   2.57186080   0.05888891
465.00   2.56614119   0.05926998
466.00   2.56040936   0.05965268
467.00   2.55466531   0.06003702
468.00   2.54890905   0.06042301
469.00   2.54314058   0.06081065
470.00   2.53735989   0.06119994
471.00   2.53156698   0.06159088
472.00   2.52576187   0.06198348
473.00   2.51994454   0.06237774
474.00   2.51411501   0.06277366
475.00   2.50827326   0.06317126
476.00   2.50241930   0.06357052
477.00   2.49655313   0.06397146
478.00   2.49067475   0.06437408
479.00   2.48478417   0.06477839
480.00   2.47888138   0.06518437
481.00   2.47296638   0.06559205
482.00   2.46703917   0.06600142
483.00   2.46109976   0.06641249
484.00   2.45514815   0.06682525
485.00   2.44918433   0.06723972
486.00   2.44320830   0.06765590
487.00   2.43722008   0.06807378
488.00   2.43121965   0.06849338
489.00   2.42520702   0.06891470
490.00   2.41918218   0.06933773
491.00   2.41314515   0.06976249
492.00   2.40709592   0.07018898
493.00   2.40103449   0.07061720
494.00   2.39496086   0.07104715
495.00   2.38887504   0.07147884
496.00   2.38277701   0.07191227
497.00   2.37666679   0.07234745
498.00   2.37054438   0.07278437
499.00   2.36440977   0.07322305
500.00   2.35826296   0.07366348
501.00   2.35210396   0.07410567
502.00   2.34593277   0.07454962
503.00   2.33974939   0.07499534
504.00   2.33355381   0.07544283
505.00   2.32734605   0.07589208
506.00   2.32112609   0.07634312
507.00   2.31489394   0.07679593
508.00   2.30864961   0.07725053
509.00   2.30239308   0.07770691
510.00   2.29612437   0.07816508
511.00   2.28984347   0.07862505
512.00   2.28355039   0.07908681
513.00   2.27724512   0.07955037
514.00   2.27092766   0.08001574
515.00   2.26459802   0.08048291
516.00   2.25825620   0.08095190
517.00   2.25190220   0.08142269
518.00   2.24553601   0.08189531
519.00   2.23915764   0.08236974
520.00   2.23276709   0.08284600
521.00   2.22636436   0.08332409
522.00   2.21994945   0.08380401
523.00   2.21352236   0.08428576
524.00   2.20708310   0.08476935
525.00   2.20063165   0.08525478
526.00   2.19416804   0.08574206
527.00   2.18769224   0.08623119
528.00   2.18120427   0.08672217
529.00   2.17470412   0.08721500
530.00   2.16819181   0.08770969
531.00   2.16166731   0.08820625
532.00   2.15513065   0.08870467
533.00   2.14858181   0.08920496
534.00   2.14202081   0.08970712
535.00   2.13544763   0.09021116
536.00   2.12886229   0.09071708
537.00   2.12226477   0.09122488
538.00   2.11565509   0.09173457
539.00   2.10903324   0.09224614
540.00   2.10239922   0.09275962
541.00   2.09575304   0.09327498
542.00   2.08909469   0.09379225
543.00   2.08242418   0.09431142
544.00   2.07574150   0.09483250
545.00   2.06904667   0.09535549
546.00   2.06233966   0.09588040
547.00   2.05562050   0.09640722
548.00   2.04888918   0.09693596
549.00   2.04214570   0.09746663
550.00   2.03539005   0.09799922
551.00   2.02862225   0.09853375
552.00   2.02184229   0.09907021
553.00   2.01505018   0.09960861
554.00   2.00824590   0.10014895
555.00   2.00142948   0.10069123
556.00   1.99460089   0.10123547
557.00   1.98776016   0.10178165
558.00   1.98090727   0.10232979
559.00   1.97404222   0.10287989
560.00   1.96716503   0.10343196
561.00   1.96027568   0.10398598
562.00   1.95337418   0.10454198
563.00   1.94646054   0.10509995
564.00   1.93953474   0.10565990
565.00   1.93259680   0.10622182
566.00   1.92564671   0.10678573
567.00   1.91868447   0.10735163
568.00   1.91171009   0.10791951
569.00   1.90472356   0.10848939
570.00   1.89772489   0.10906127
571.00   1.89071407   0.10963514
572.00   1.88369111   0.11021102
573.00   1.87665601   0.11078891
574.00   1.86960877   0.11136880
575.00   1.86254938   0.11195071
576.00   1.85547786   0.11253464
577.00   1.84839420   0.11312059
578.00   1.84129840   0.11370856
579.00   1.83419046   0.11429856
580.00   1.82707039   0.11489060
581.00   1.81993817   0.11548466
582.00   1.81279383   0.11608077
583.00   1.80563735   0.11667891
584.00   1.79846873   0.11727910
585.00   1.79128799   0.11788134
586.00   1.78409511   0.11848563
587.00   1.77689010   0.11909198
588.00   1.76967296   0.11970038
589.00   1.76244369   0.12031085
590.00   1.75520229   0.12092338
591.00   1.74794876   0.12153798
592.00   1.74068311   0.12215466
593.00   1.73340533   0.12277340
594.00   1.72611542   0.12339423
595.00   1.71881339   0.12401714
596.00   1.71149923   0.12464214
597.00   1.70417295   0.12526923
598.00   1.69683455   0.12589841
599.00   1.68948403   0.12652968
600.00   1.68212138   0.12716306
601.00   1.67474662   0.12779854
602.00   1.66735973   0.12843612
603.00   1.65996073   0.12907582
604.00   1.65254961   0.12971762
605.00   1.64512637   0.13036155
606.00   1.63769102   0.13100760
607.00   1.63024355   0.13165577
608.00   1.62278396   0.13230606
609.00   1.61531226   0.13295849
610.00   1.60782845   0.13361305
611.00   1.60033253   0.13426975
612.00   1.59282450   0.13492859
613.00   1.58530435   0.13558958
614.00   1.57777210   0.13625271
615.00   1.57022773   0.13691799
616.00   1.56267126   0.13758543
617.00   1.55510268   0.13825503
618.00   1.54752200   0.13892678
619.00   1.53992921   0.13960071
620.00   1.53232431   0.14027680
621.00   1.52470731   0.14095506
622.00   1.51707821   0.14163550
623.00   1.50943700   0.14231811
624.00   1.50178370   0.14300291
625.00   1.49411829   0.14368989
626.00   1.48644078   0.14437907
627.00   1.47875117   0.14507043
628.00   1.47104947   0.14576399
629.00   1.46333567   0.14645975
630.00   1.45560977   0.14715771
631.00   1.44787178   0.14785788
632.00   1.44012169   0.14856025
633.00   1.43235951   0.14926484
634.00   1.42458523   0.14997165
635.00   1.41679886   0.15068068
636.00   1.40900040   0.15139192
637.00   1.40118985   0.15210540
638.00   1.39336721   0.15282110
639.00   1.38553248   0.15353904
640.00   1.37768567   0.15425921
641.00   1.36982676   0.15498163
642.00   1.36195577   0.15570629
643.00   1.35407270   0.15643319
644.00   1.34617754   0.15716235
645.00   1.33827029   0.15789375
646.00   1.33035097   0.15862742
647.00   1.32241956   0.15936335
648.00   1.31447607   0.16010154
649.00   1.30652050   0.16084199
650.00   1.29855285   0.16158472
651.00   1.29057312   0.16232973
652.00   1.28258131   0.16307701
653.00   1.27457743   0.16382657
654.00   1.26656147   0.16457841
655.00   1.25853343   0.16533255
656.00   1.25049332   0.16608897
657.00   1.24244114   0.16684769
658.00   1.23437689   0.16760871
659.00   1.22630056   0.16837202
660.00   1.21821216   0.16913765
661.00   1.21011169   0.16990558
662.00   1.20199916   0.17067582
663.00   1.19387455   0.17144838
664.00   1.18573788   0.17222326
665.00   1.17758914   0.17300046
666.00   1.16942834   0.17377998
667.00   1.16125547   0.17456183
668.00   1.15307054   0.17534602
669.00   1.14487354   0.17613254
670.00   1.13666449   0.17692139
671.00   1.12844337   0.17771260
672.00   1.12021019   0.17850614
673.00   1.11196495   0.17930204
674.00   1.10370766   0.18010029
675.00   1.09543830   0.18090089
676.00   1.08715689   0.18170385
677.00   1.07886343   0.18250918
678.00   1.07055790   0.18331687
679.00   1.06224033   0.18412693
680.00   1.05391070   0.18493937
681.00   1.04556902   0.18575418
682.00   1.03721529   0.18657137
683.00   1.02884951   0.18739094
684.00   1.02047168   0.18821290
685.00   1.01208180   0.18903725
686.00   1.00367987   0.18986399
687.00   0.99526590   0.19069313
688.00   0.98683988   0.19152467
689.00   0.97840181   0.19235862
690.00   0.96995170   0.19319496
691.00   0.96148955   0.19403372
692.00   0.95301536   0.19487490
693.00   0.94452912   0.19571849
694.00   0.93603085   0.19656450
695.00   0.92752053   0.19741293
696.00   0.91899818   0.19826380
697.00   0.91046379   0.19911709
698.00   0.90191736   0.19997281
699.00   0.89335890   0.20083098
700.00   0.88478840   0.20169158
701.00   0.87620587   0.20255463
702.00   0.86761130   0.20342012
703.00   0.85900470   0.20428807
704.00   0.85038608   0.20515847
705.00   0.84175542   0.20603133
706.00   0.83311273   0.20690665
707.00   0.82445802   0.20778443
708.00   0.81579127   0.20866468
709.00   0.80711250   0.20954741
710.00   0.79842171   0.21043260
711.00   0.78971889   0.21132028
712.00   0.78100405   0.21221044
713.00   0.77227718   0.21310308
714.00   0.76353830   0.21399821
715.00   0.75478739   0.21489583
716.00   0.74602446   0.21579594
717.00   0.73724951   0.21669856
718.00   0.72846255   0.21760367
719.00   0.71966357   0.21851129
720.00   0.71085257   0.21942142
721.00   0.70202956   0.22033406
722.00   0.69319453   0.22124922
723.00   0.68434749   0.22216689
724.00   0.67548844   0.22308709
725.00   0.66661738   0.22400981
726.00   0.65773430   0.22493506
727.00   0.64883922   0.22586284
728.00   0.63993213   0.22679316
729.00   0.63101303   0.22772602
730.00   0.62208193   0.22866142
731.00   0.61313882   0.22959936
732.00   0.60418370   0.23053985
733.00   0.59521658   0.23148290
734.00   0.58623746   0.23242850
735.00   0.57724634   0.23337666
736.00   0.56824322   0.23432738
737.00   0.55922809   0.23528067
738.00   0.55020097   0.23623653
739.00   0.54116185   0.23719496
740.00   0.53211074   0.23815596
741.00   0.52304763   0.23911955
742.00   0.51397252   0.24008571
743.00   0.50488542   0.24105447
744.00   0.49578633   0.24202581
745.00   0.48667524   0.24299974
746.00   0.47755217   0.24397628
747.00   0.46841710   0.24495541
748.00   0.45927005   0.24593714
749.00   0.45011100   0.24692148
750.00   0.44093997   0.24790843
751.00   0.43175696   0.24889799
752.00   0.42256196   0.24989017
753.00   0.41335497   0.25088497
754.00   0.40413601   0.25188239
755.00   0.39490506   0.25288244
756.00   0.38566213   0.25388512
757.00   0.37640722   0.25489043
758.00   0.36714033   0.25589837
759.00   0.35786146   0.25690896
760.00   0.34857062   0.25792219
761.00   0.33926780   0.25893807
762.00   0.32995301   0.25995659
763.00   0.32062624   0.26097777
764.00   0.31128750   0.26200161
765.00   0.30193678   0.26302811
766.00   0.29257410   0.26405727
767.00   0.28319944   0.26508909
768.00   0.27381282   0.26612359
769.00   0.26441423   0.26716076
770.00   0.25500367   0.26820061
771.00   0.24558115   0.26924313
772.00   0.23614666   0.27028834
773.00   0.22670021   0.27133624
774.00   0.21724179   0.27238683
775.00   0.20777142   0.27344011
776.00   0.19828908   0.27449609
777.00   0.18879478   0.27555476
778.00   0.17928852   0.27661615
779.00   0.16977031   0.27768023
780.00   0.16024014   0.27874703
781.00   0.15069801   0.27981654
782.00   0.14114393   0.28088877
783.00   0.13157790   0.28196372
784.00   0.12199991   0.28304140
785.00   0.11240997   0.28412180
786.00   0.10280808   0.28520493
787.00   0.09319424   0.28629079
788.00   0.08356846   0.28737940
789.00   0.07393072   0.28847074
790.00   0.06428104   0.28956482
791.00   0.05461942   0.29066166
792.00   0.04494585   0.29176124
793.00   0.03526033   0.29286358
794.00   0.02556288   0.29396867
795.00   0.01585348   0.29507653
796.00   0.00613214   0.29618715
797.00  -0.00360113   0.29730053
798.00  -0.01334634   0.29841669
799.00  -0.02310350   0.29953562
800.00  -0.03287258   0.30065733
801.00  -0.04265360   0.30178182
802.00  -0.05244656   0.30290909
803.00  -0.06225145   0.30403915
804.00  -0.07206827   0.30517200
805.00  -0.08189702   0.30630765
806.00  -0.09173770   0.30744609
807.00  -0.10159031   0.30858733
808.00  -0.11145484   0.30973138
809.00  -0.12133130   0.31087823
810.00  -0.13121969   0.31202789
811.00  -0.14112000   0.31318037
812.00  -0.15103224   0.31433567
813.00  -0.16095639   0.31549378
814.00  -0.17089247   0.31665472
815.00  -0.18084047   0.31781849
816.00  -0.19080039   0.31898509
817.00  -0.20077222   0.32015452
818.00  -0.21075597   0.32132679
819.00  -0.22075164   0.32250190
820.00  -0.23075922   0.32367985
821.00  -0.24077872   0.32486065
822.00  -0.25081013   0.32604431
823.00  -0.26085345   0.32723081
824.00  -0.27090868   0.32842017
825.00  -0.28097582   0.32961240
826.00  -0.29105486   0.33080748
827.00  -0.30114582   0.33200544
828.00  -0.31124868   0.33320626
829.00  -0.32136344   0.33440996
830.00  -0.33149011   0.33561654
831.00  -0.34162868   0.33682600
832.00  -0.35177915   0.33803834
833.00  -0.36194153   0.33925357
834.00  -0.37211580   0.34047169
835.00  -0.38230197   0.34169270
836.00  -0.39250004   0.34291661
837.00  -0.40271001   0.34414342
838.00  -0.41293187   0.34537313
839.00  -0.42316562   0.34660575
840.00  -0.43341127   0.34784129
841.00  -0.44366880   0.34907973
842.00  -0.45393823   0.35032109
843.00  -0.46421955   0.35156538
844.00  -0.47451276   0.35281258
845.00  -0.48481785   0.35406272
846.00  -0.49513483   0.35531578
847.00  -0.50546370   0.35657178
848.00  -0.51580445   0.35783072
849.00  -0.52615708   0.35909259
850.00  -0.53652160   0.36035741
851.00  -0.54689799   0.36162518
852.00  -0.55728627   0.36289590
853.00  -0.56768642   0.36416957
854.00  -0.57809845   0.36544619
855.00  -0.58852236   0.36672578
856.00  -0.59895814   0.36800833
857.00  -0.60940579   0.36929385
858.00  -0.61986532   0.37058234
859.00  -0.63033672   0.37187380
860.00  -0.64081999   0.37316824
861.00  -0.65131513   0.37446566
862.00  -0.66182214   0.37576606
863.00  -0.67234102   0.37706945
864.00  -0.68287176   0.37837583
865.00  -0.69341437   0.37968520
866.00  -0.70396884   0.38099757
867.00  -0.71453517   0.38231293
868.00  -0.72511337   0.38363131
869.00  -0.73570342   0.38495269
870.00  -0.74630534   0.38627707
871.00  -0.75691911   0.38760448
872.00  -0.76754474   0.38893489
873.00  -0.77818222   0.39026833
874.00  -0.78883156   0.39160479
875.00  -0.79949276   0.39294428
876.00  -0.81016580   0.39428680
877.00  -0.82085070   0.39563235
878.00  -0.83154745   0.39698093
879.00  -0.84225605   0.39833256
880.00  -0.85297649   0.39968723
881.00  -0.86370878   0.40104494
882.00  -0.87445292   0.40240571
883.00  -0.88520890   0.40376953
884.00  -0.89597672   0.40513640
885.00  -0.90675639   0.40650633
886.00  -0.91754790   0.40787933
887.00  -0.92835125   0.40925539
888.00  -0.93916643   0.41063452
889.00  -0.94999346   0.41201673
890.00  -0.96083232   0.41340201
891.00  -0.97168301   0.41479037
892.00  -0.98254554   0.41618181
893.00  -0.99341990   0.41757633
894.00  -1.00430609   0.41897395
895.00  -1.01520412   0.42037466
896.00  -1.02611397   0.42177846
897.00  -1.03703565   0.42318537
898.00  -1.04796916   0.42459537
899.00  -1.05891449   0.42600848
900.00  -1.06987165   0.42742470
901.00  -1.08084063   0.42884403
902.00  -1.09182144   0.43026648
903.00  -1.10281406   0.43169205
904.00  -1.11381851   0.43312073
905.00  -1.12483477   0.43455255
906.00  -1.13586285   0.43598749
907.00  -1.14690275   0.43742556
908.00  -1.15795446   0.43886677
909.00  -1.16901799   0.44031112
910.00  -1.18009333   0.44175860
911.00  -1.19118048   0.44320924
912.00  -1.20227944   0.44466302
913.00  -1.21339022   0.44611995
914.00  -1.22451280   0.44758004
915.00  -1.23564718   0.44904329
916.00  -1.24679337   0.45050969
917.00  -1.25795137   0.45197927
918.00  -1.26912117   0.45345201
919.00  -1.28030277   0.45492792
920.00  -1.29149617   0.45640700
921.00  -1.30270138   0.45788927
922.00  -1.31391838   0.45937471
923.00  -1.32514717   0.46086334
924.00  -1.33638777   0.46235516
925.00  -1.34764016   0.46385016
926.00  -1.35890434   0.46534836
927.00  -1.37018032   0.46684976
928.00  -1.38146808   0.46835436
929.00  -1.39276764   0.46986217
930.00  -1.40407898   0.47137318
931.00  -1.41540212   0.47288740
932.00  -1.42673704   0.47440483
933.00  -1.43808374   0.47592548
934.00  -1.44944223   0.47744936
935.00  -1.46081250   0.47897645
936.00  -1.47219455   0.48050677
937.00  -1.48358839   0.48204033
938.00  -1.49499400   0.48357711
939.00  -1.50641139   0.48511714
940.00  -1.51784056   0.48666040
941.00  -1.52928150   0.48820690
942.00  -1.54073422   0.48975666
943.00  -1.55219871   0.49130966
944.00  -1.56367497   0.49286591
945.00  -1.57516300   0.49442542
946.00  -1.58666280   0.49598820
947.00  -1.59817437   0.49755423
948.00  -1.60969771   0.49912353
949.00  -1.62123281   0.50069610
950.00  -1.63277968   0.50227194
951.00  -1.64433831   0.50385106
952.00  -1.65590870   0.50543345
953.00  -1.66749085   0.50701913
954.00  -1.67908477   0.50860810
955.00  -1.69069044   0.51020035
956.00  -1.70230786   0.51179589
957.00  -1.71393705   0.51339473
958.00  -1.72557798   0.51499687
959.00  -1.73723067   0.51660231
960.00  -1.74889512   0.51821106
961.00  -1.76057131   0.51982312
962.00  -1.77225925   0.52143848
963.00  -1.78395895   0.52305716
964.00  -1.79567038   0.52467916
965.00  -1.80739357   0.52630448
966.00  -1.81912850   0.52793313
967.00  -1.83087517   0.52956510
968.00  -1.84263358   0.53120041
969.00  -1.85440374   0.53283904
970.00  -1.86618563   0.53448102
971.00  -1.87797927   0.53612634
972.00  -1.88978464   0.53777500
973.00  -1.90160174   0.53942701
974.00  -1.91343058   0.54108237
975.00  -1.92527115   0.54274108
976.00  -1.93712346   0.54440315
977.00  -1.94898749   0.54606858
978.00  -1.96086326   0.54773738
979.00  -1.97275075   0.54940954
980.00  -1.98464997   0.55108507
981.00  -1.99656092   0.55276397
982.00  -2.00848359   0.55444626
983.00  -2.02041798   0.55613192
984.00  -2.03236410   0.55782096
985.00  -2.04432193   0.55951339
986.00  -2.05629148   0.56120921
987.00  -2.06827276   0.56290843
988.00  -2.08026575   0.56461103
989.00  -2.09227045   0.56631704
990.00  -2.10428687   0.56802645
991.00  -2.11631500   0.56973927
992.00  -2.12835484   0.57145550
993.00  -2.14040640   0.57317513
994.00  -2.15246966   0.57489819
995.00  -2.16454463   0.57662466
996.00  -2.17663131   0.57835455
997.00  -2.18872969   0.58008787
998.00  -2.20083977   0.58182462
999.00  -2.21296156   0.58356480
1000.00  -2.22509505   0.58530841
1001.00  -2.23724024   0.58705546
1002.00  -2.24939713   0.58880596
1003.00  -2.26156571   0.59055990
1004.00  -2.27374599   0.59231728
1005.00  -2.28593797   0.59407812
1006.00  -2.29814164   0.59584241
1007.00  -2.31035700   0.59761016
1008.00  -2.32258405   0.59938137
1009.00  -2.33482279   0.60115604
1010.00  -2.34707322   0.60293418
1011.00  -2.35933534   0.60471579
1012.00  -2.37160914   0.60650087
1013.00  -2.38389463   0.60828943
1014.00  -2.39619180   0.61008148
1015.00  -2.40850065   0.61187700
1016.00  -2.42082118   0.61367601
1017.00  -2.43315340   0.61547851
1018.00  -2.44549729   0.61728450
1019.00  -2.45785285   0.61909399
1020.00  -2.47022009   0.62090698
1021.00  -2.48259901   0.62272347
1022.00  -2.49498959   0.62454347
1023.00  -2.50739185   0.62636698
1024.00  -2.51980578   0.62819399
1025.00  -2.53223138   0.63002453
1026.00  -2.54466864   0.63185858
1027.00  -2.55711757   0.63369615
1028.00  -2.56957816   0.63553725
1029.00  -2.58205042   0.63738188
1030.00  -2.59453434   0.63923004
1031.00  -2.60702992   0.64108173
1032.00  -2.61953716   0.64293697
1033.00  -2.63205606   0.64479574
1034.00  -2.64458661   0.64665806
1035.00  -2.65712882   0.64852392
1036.00  -2.66968268   0.65039334
1037.00  -2.68224820   0.65226631
1038.00  -2.69482537   0.65414283
1039.00  -2.70741418   0.65602292
1040.00  -2.72001465   0.65790657
1041.00  -2.73262676   0.65979379
1042.00  -2.74525052   0.66168458
1043.00  -2.75788592   0.66357894
1044.00  -2.77053297   0.66547687
1045.00  -2.78319166   0.66737839
1046.00  -2.79586199   0.66928349
1047.00  -2.80854395   0.67119218
1048.00  -2.82123756   0.67310445
1049.00  -2.83394280   0.67502032
1050.00  -2.84665968   0.67693978
1051.00  -2.85938819   0.67886284
1052.00  -2.87212833   0.68078951
1053.00  -2.88488011   0.68271978
1054.00  -2.89764351   0.68465365
1055.00  -2.91041854   0.68659114
1056.00  -2.92320520   0.68853225
1057.00  -2.93600349   0.69047697
1058.00  -2.94881340   0.69242531
1059.00  -2.96163493   0.69437728
1060.00  -2.97446808   0.69633287
1061.00  -2.98731286   0.69829210
1062.00  -3.00016925   0.70025496
1063.00  -3.01303726   0.70222146
1064.00  -3.02591689   0.70419160
1065.00  -3.03880813   0.70616538
1066.00  -3.05171098   0.70814280
1067.00  -3.06462545   0.71012388
1068.00  -3.07755153   0.71210861
1069.00  -3.09048921   0.71409700
1070.00  -3.10343851   0.71608905
1071.00  -3.11639941   0.71808476
1072.00  -3.12937191   0.72008413
1073.00  -3.14235602   0.72208718
1074.00  -3.15535174   0.72409389
1075.00  -3.16835905   0.72610429
1076.00  -3.18137796   0.72811836
1077.00  -3.19440847   0.73013611
1078.00  -3.20745058   0.73215755
1079.00  -3.22050428   0.73418267
1080.00  -3.23356958   0.73621149
1081.00  -3.24664647   0.73824400
1082.00  -3.25973495   0.74028021
1083.00  -3.27283502   0.74232012
1084.00  -3.28594668   0.74436374
1085.00  -3.29906993   0.74641106
1086.00  -3.31220476   0.74846209
1087.00  -3.32535117   0.75051683
1088.00  -3.33850917   0.75257530
1089.00  -3.35167876   0.75463748
1090.00  -3.36485992   0.75670338
1091.00  -3.37805266   0.75877302
1092.00  -3.39125697   0.76084638
1093.00  -3.40447287   0.76292347
1094.00  -3.41770033   0.76500430
1095.00  -3.43093937   0.76708887
1096.00  -3.44418999   0.76917718
1097.00  -3.45745217   0.77126924
1098.00  -3.47072592   0.77336504
1099.00  -3.48401124   0.77546460
1100.00  -3.49730813   0.77756791
1101.00  -3.51061658   0.77967498
1102.00  -3.52393659   0.78178581
1103.00  -3.53726816   0.78390040
1104.00  -3.55061130   0.78601876
1105.00  -3.56396599   0.78814090
1106.00  -3.57733225   0.79026680
1107.00  -3.59071005   0.79239649
1108.00  -3.60409942   0.79452995
1109.00  -3.61750033   0.79666720
1110.00  -3.63091280   0.79880823
1111.00  -3.64433682   0.80095306
1112.00  -3.65777239   0.80310167
1113.00  -3.67121951   0.80525408
1114.00  -3.68467817   0.80741029
1115.00  -3.69814837   0.80957031
1116.00  -3.71163013   0.81173413
1117.00  -3.72512342   0.81390175
1118.00  -3.73862825   0.81607319
1119.00  -3.75214462   0.81824845
1120.00  -3.76567253   0.82042752
1121.00  -3.77921198   0.82261041
1122.00  -3.79276296   0.82479713
1123.00  -3.80632547   0.82698768
1124.00  -3.81989952   0.82918205
1125.00  -3.83348510   0.83138026
1126.00  -3.84708220   0.83358231
1127.00  -3.86069084   0.83578819
1128.00  -3.87431099   0.83799792
1129.00  -3.88794268   0.84021150
1130.00  -3.90158589   0.84242893
1131.00  -3.91524062   0.84465021
1132.00  -3.92890687   0.84687534
1133.00  -3.94258464   0.84910433
1134.00  -3.95627392   0.85133719
1135.00  -3.96997472   0.85357391
1136.00  -3.98368704   0.85581450
1137.00  -3.99741087   0.85805896
1138.00  -4.01114621   0.86030730
1139.00  -4.02489307   0.86255951
1140.00  -4.03865143   0.86481561
1141.00  -4.05242130   0.86707559
1142.00  -4.06620267   0.86933945
1143.00  -4.07999555   0.87160721
1144.00  -4.09379993   0.87387886
1145.00  -4.10761581   0.87615441
1146.00  -4.12144320   0.87843385
1147.00  -4.13528208   0.88071720
1148.00  -4.14913246   0.88300446
1149.00  -4.16299434   0.88529562
1150.00  -4.17686770   0.88759070
1151.00  -4.19075257   0.88988969
1152.00  -4.20464892   0.89219261
1153.00  -4.21855676   0.89449944
1154.00  -4.23247609   0.89681020
1155.00  -4.24640691   0.89912488
1156.00  -4.26034922   0.90144350
1157.00  -4.27430300   0.90376605
1158.00  -4.28826827   0.90609254
1159.00  -4.30224503   0.90842297
1160.00  -4.31623326   0.91075735
1161.00  -4.33023297   0.91309567
1162.00  -4.34424415   0.91543794
1163.00  -4.35826681   0.91778416
1164.00  -4.37230094   0.92013434
1165.00  -4.38634655   0.92248848
1166.00  -4.40040363   0.92484658
1167.00  -4.41447217   0.92720865
1168.00  -4.42855219   0.92957468
1169.00  -4.44264367   0.93194469
1170.00  -4.45674661   0.93431867
1171.00  -4.47086102   0.93669664
1172.00  -4.48498689   0.93907858
1173.00  -4.49912422   0.94146450
1174.00  -4.51327301   0.94385442
1175.00  -4.52743325   0.94624832
1176.00  -4.54160495   0.94864622
1177.00  -4.55578811   0.95104811
1178.00  -4.56998272   0.95345401
1179.00  -4.58418878   0.95586390
1180.00  -4.59840628   0.95827781
1181.00  -4.61263524   0.96069572
1182.00  -4.62687565   0.96311765
1183.00  -4.64112750   0.96554359
1184.00  -4.65539079   0.96797354
1185.00  -4.66966552   0.97040753
1186.00  -4.68395170   0.97284553
1187.00  -4.69824932   0.97528756
1188.00  -4.71255837   0.97773363
1189.00  -4.72687886   0.98018373
1190.00  -4.74121078   0.98263786
1191.00  -4.75555414   0.98509604
1192.00  -4.76990893   0.98755826
1193.00  -4.78427515   0.99002452
1194.00  -4.79865280   0.99249484
1195.00  -4.81304187   0.99496921
1196.00  -4.82744237   0.99744763
1197.00  -4.84185429   0.99993011
1198.00  -4.85627764   1.00241666
1199.00  -4.87071241   1.00490727
1200.00  -4.88515860   1.00740195
1201.00  -4.89961620   1.00990070
1202.00  -4.91408523   1.01240352
1203.00  -4.92856566   1.01491042
1204.00  -4.94305751   1.01742141
1205.00  -4.95756078   1.01993647
1206.00  -4.97207545   1.02245562
1207.00  -4.98660153   1.02497887
1208.00  -5.00113902   1.02750620
1209.00  -5.01568792   1.03003763
1210.00  -5.03024822   1.03257317
1211.00  -5.04481992   1.03511280
1212.00  -5.05940302   1.03765654
1213.00  -5.07399752   1.04020438
1214.00  -5.08860342   1.04275634
1215.00  -5.10322072   1.04531242
1216.00  -5.11784942   1.04787261
1217.00  -5.13248950   1.05043692
1218.00  -5.14714098   1.05300536
1219.00  -5.16180385   1.05557792
1220.00  -5.17647811   1.05815461
1221.00  -5.19116375   1.06073544
1222.00  -5.20586078   1.06332040
1223.00  -5.22056920   1.06590950
1224.00  -5.23528899   1.06850275
1225.00  -5.25002017   1.07110014
1226.00  -5.26476273   1.07370167
1227.00  -5.27951667   1.07630736
1228.00  -5.29428198   1.07891721
1229.00  -5.30905867   1.08153121
1230.00  -5.32384673   1.08414937
1231.00  -5.33864616   1.08677170
1232.00  -5.35345697   1.08939819
1233.00  -5.36827914   1.09202886
1234.00  -5.38311268   1.09466370
1235.00  -5.39795758   1.09730271
1236.00  -5.41281385   1.09994590
1237.00  -5.42768149   1.10259328
1238.00  -5.44256048   1.10524484
1239.00  -5.45745083   1.10790059
1240.00  -5.47235254   1.11056053
1241.00  -5.48726561   1.11322467
1242.00  -5.50219003   1.11589300
1243.00  -5.51712580   1.11856554
1244.00  -5.53207293   1.12124228
1245.00  -5.54703140   1.12392322
1246.00  -5.56200123   1.12660838
1247.00  -5.57698240   1.12929775
1248.00  -5.59197491   1.13199133
1249.00  -5.60697877   1.13468913
1250.00  -5.62199397   1.13739116
1251.00  -5.63702052   1.14009741
1252.00  -5.65205840   1.14280789
1253.00  -5.66710761   1.14552261
1254.00  -5.68216817   1.14824155
1255.00  -5.69724006   1.15096474
1256.00  -5.71232328   1.15369216
1257.00  -5.72741783   1.15642383
1258.00  -5.74252371   1.15915974
1259.00  -5.75764092   1.16189991
1260.00  -5.77276946   1.16464433
1261.00  -5.78790932   1.16739300
1262.00  -5.80306050   1.17014593
1263.00  -5.81822301   1.17290313
1264.00  -5.83339683   1.17566459
1265.00  -5.84858198   1.17843032
1266.00  -5.86377844   1.18120032
1267.00  -5.87898621   1.18397459
1268.00  -5.89420530   1.18675314
1269.00  -5.90943570   1.18953597
1270.00  -5.92467741   1.19232309
1271.00  -5.93993043   1.19511449
1272.00  -5.95519476   1.19791018
1273.00  -5.97047039   1.20071017
1274.00  -5.98575733   1.20351444
1275.00  -6.00105557   1.20632302
1276.00  -6.01636511   1.20913590
1277.00  -6.03168595   1.21195309
1278.00  -6.04701808   1.21477458
1279.00  -6.06236151   1.21760038
1280.00  -6.07771624   1.22043050
1281.00  -6.09308226   1.22326493
1282.00  -6.10845957   1.22610369
1283.00  -6.12384817   1.22894676
1284.00  -6.13924806   1.23179417
1285.00  -6.15465923   1.23464590
1286.00  -6.17008169   1.23750196
1287.00  -6.18551543   1.24036236
1288.00  -6.20096046   1.24322710
1289.00  -6.21641676   1.24609618
1290.00  -6.23188434   1.24896960
1291.00  -6.24736320   1.25184737
1292.00  -6.26285333   1.25472949
1293.00  -6.27835474   1.25761596
1294.00  -6.29386742   1.26050679
1295.00  -6.30939137   1.26340198
1296.00  -6.32492658   1.26630154
1297.00  -6.34047307   1.26920545
1298.00  -6.35603082   1.27211374
1299.00  -6.37159983   1.27502640
1300.00  -6.38718010   1.27794343
1301.00  -6.40277164   1.28086484
1302.00  -6.41837443   1.28379063
1303.00  -6.43398848   1.28672080
1304.00  -6.44961379   1.28965536
1305.00  -6.46525034   1.29259431
1306.00  -6.48089816   1.29553766
1307.00  -6.49655722   1.29848540
1308.00  -6.51222753   1.30143753
1309.00  -6.52790909   1.30439407
1310.00  -6.54360189   1.30735502
1311.00  -6.55930594   1.31032037
1312.00  -6.57502123   1.31329013
1313.00  -6.59074776   1.31626431
1314.00  -6.60648553   1.31924290
1315.00  -6.62223454   1.32222591
1316.00  -6.63799478   1.32521335
1317.00  -6.65376626   1.32820521
1318.00  -6.66954897   1.33120150
1319.00  -6.68534291   1.33420223
1320.00  -6.70114808   1.33720738
1321.00  -6.71696447   1.34021698
1322.00  -6.73279210   1.34323102
1323.00  -6.74863094   1.34624950
1324.00  -6.76448101   1.34927242
1325.00  -6.78034230   1.35229980
1326.00  -6.79621481   1.35533163
1327.00  -6.81209854   1.35836792
1328.00  -6.82799348   1.36140866
1329.00  -6.84389964   1.36445387
1330.00  -6.85981701   1.36750354
1331.00  -6.87574559   1.37055768
1332.00  -6.89168538   1.37361630
1333.00  -6.90763638   1.37667938
1334.00  -6.92359858   1.37974694
1335.00  -6.93957199   1.38281899
1336.00  -6.95555660   1.38589551
1337.00  -6.97155241   1.38897652
1338.00  -6.98755942   1.39206202
1339.00  -7.00357763   1.39515202
1340.00  -7.01960704   1.39824650
1341.00  -7.03564764   1.40134549
1342.00  -7.05169943   1.40444898
1343.00  -7.06776241   1.40755697
1344.00  -7.08383658   1.41066946
1345.00  -7.09992194   1.41378647
1346.00  -7.11601848   1.41690799
1347.00  -7.13212621   1.42003403
1348.00  -7.14824512   1.42316458
1349.00  -7.16437522   1.42629966
1350.00  -7.18051649   1.42943926
1351.00  -7.19666894   1.43258339
1352.00  -7.21283256   1.43573205
1353.00  -7.22900736   1.43888525
1354.00  -7.24519333   1.44204298
1355.00  -7.26139047   1.44520525
1356.00  -7.27759878   1.44837207
1357.00  -7.29381826   1.45154343
1358.00  -7.31004890   1.45471933
1359.00  -7.32629071   1.45789980
1360.00  -7.34254368   1.46108481
1361.00  -7.35880781   1.46427438
1362.00  -7.37508310   1.46746852
1363.00  -7.39136955   1.47066722
1364.00  -7.40766715   1.47387048
1365.00  -7.42397591   1.47707831
1366.00  -7.44029581   1.48029072
1367.00  -7.45662687   1.48350770
1368.00  -7.47296908   1.48672926
1369.00  -7.48932243   1.48995541
1370.00  -7.50568693   1.49318613
1371.00  -7.52206258   1.49642145
1372.00  -7.53844936   1.49966135
1373.00  -7.55484729   1.50290585
1374.00  -7.57125635   1.50615494
1375.00  -7.58767655   1.50940864
1376.00  -7.60410789   1.51266693
1377.00  -7.62055036   1.51592984
1378.00  -7.63700396   1.51919735
1379.00  -7.65346869   1.52246947
1380.00  -7.66994454   1.52574620
1381.00  -7.68643153   1.52902755
1382.00  -7.70292964   1.53231353
1383.00  -7.71943887   1.53560412
1384.00  -7.73595923   1.53889934
1385.00  -7.75249070   1.54219920
1386.00  -7.76903329   1.54550368
1387.00  -7.78558700   1.54881280
1388.00  -7.80215182   1.55212655
1389.00  -7.81872776   1.55544495
1390.00  -7.83531480   1.55876799
1391.00  -7.85191296   1.56209568
1392.00  -7.86852222   1.56542801
1393.00  -7.88514259   1.56876500
1394.00  -7.90177406   1.57210665
1395.00  -7.91841664   1.57545295
1396.00  -7.93507031   1.57880391
1397.00  -7.95173509   1.58215954
1398.00  -7.96841096   1.58551984
1399.00  -7.98509793   1.58888481
1400.00  -8.00179599   1.59225445
1401.00  -8.01850514   1.59562877
1402.00  -8.03522539   1.59900776
1403.00  -8.05195672   1.60239144
1404.00  -8.06869914   1.60577981
1405.00  -8.08545264   1.60917286
1406.00  -8.10221723   1.61257060
1407.00  -8.11899290   1.61597304
1408.00  -8.13577965   1.61938017
1409.00  -8.15257748   1.62279200
1410.00  -8.16938638   1.62620854
1411.00  -8.18620636   1.62962978
1412.00  -8.20303741   1.63305573
1413.00  -8.21987953   1.63648639
1414.00  -8.23673272   1.63992177
1415.00  -8.25359698   1.64336186
1416.00  -8.27047230   1.64680668
1417.00  -8.28735869   1.65025622
1418.00  -8.30425614   1.65371048
1419.00  -8.32116465   1.65716947
1420.00  -8.33808422   1.66063320
1421.00  -8.35501485   1.66410166
1422.00  -8.37195654   1.66757486
1423.00  -8.38890927   1.67105280
1424.00  -8.40587306   1.67453548
1425.00  -8.42284790   1.67802291
1426.00  -8.43983379   1.68151509
1427.00  -8.45683072   1.68501202
1428.00  -8.47383870   1.68851371
1429.00  -8.49085772   1.69202016
1430.00  -8.50788778   1.69553137
1431.00  -8.52492888   1.69904734
1432.00  -8.54198102   1.70256808
1433.00  -8.55904420   1.70609359
1434.00  -8.57611841   1.70962387
1435.00  -8.59320365   1.71315893
1436.00  -8.61029992   1.71669877
1437.00  -8.62740722   1.72024339
1438.00  -8.64452555   1.72379279
1439.00  -8.66165491   1.72734698
1440.00  -8.67879528   1.73090597
1441.00  -8.69594668   1.73446974
1442.00  -8.71310910   1.73803832
1443.00  -8.73028254   1.74161169
1444.00  -8.74746700   1.74518986
1445.00  -8.76466246   1.74877284
1446.00  -8.78186895   1.75236063
1447.00  -8.79908644   1.75595323
1448.00  -8.81631494   1.75955064
1449.00  -8.83355445   1.76315287
1450.00  -8.85080497   1.76675992
1451.00  -8.86806649   1.77037179
1452.00  -8.88533901   1.77398849
1453.00  -8.90262253   1.77761002
1454.00  -8.91991705   1.78123638
1455.00  -8.93722257   1.78486757
1456.00  -8.95453908   1.78850360
1457.00  -8.97186659   1.79214447
1458.00  -8.98920509   1.79579018
1459.00  -9.00655457   1.79944074
1460.00  -9.02391505   1.80309614
1461.00  -9.04128651   1.80675640
1462.00  -9.05866896   1.81042151
1463.00  -9.07606238   1.81409148
1464.00  -9.09346679   1.81776632
1465.00  -9.11088218   1.82144601
1466.00  -9.12830854   1.82513057
1467.00  -9.14574588   1.82882000
1468.00  -9.16319420   1.83251430
1469.00  -9.18065348   1.83621348
1470.00  -9.19812374   1.83991753
1471.00  -9.21560496   1.84362647
1472.00  -9.23309715   1.84734028
1473.00  -9.25060030   1.85105899
1474.00  -9.26811442   1.85478258
1475.00  -9.28563950   1.85851107
1476.00  -9.30317553   1.86224445
1477.00  -9.32072253   1.86598273
1478.00  -9.33828048   1.86972591
1479.00  -9.35584938   1.87347399
1480.00  -9.37342923   1.87722698
1481.00  -9.39102004   1.88098488
1482.00  -9.40862179   1.88474769
1483.00  -9.42623449   1.88851542
1484.00  -9.44385813   1.89228807
1485.00  -9.46149272   1.89606563
1486.00  -9.47913825   1.89984812
1487.00  -9.49679471   1.90363554
1488.00  -9.51446212   1.90742789
1489.00  -9.53214045   1.91122517
1490.00  -9.54982973   1.91502738
1491.00  -9.56752993   1.91883454
1492.00  -9.58524107   1.92264663
1493.00  -9.60296313   1.92646367
1494.00  -9.62069612   1.93028566
1495.00  -9.63844003   1.93411259
1496.00  -9.65619486   1.93794448
1497.00  -9.67396062   1.94178132
1498.00  -9.69173730   1.94562312
1499.00  -9.70952489   1.94946989
1500.00  -9.72732340   1.95332161
1501.00  -9.74513282   1.95717831
1502.00  -9.76295315   1.96103997
1503.00  -9.78078439   1.96490661
1504.00  -9.79862655   1.96877822
1505.00  -9.81647960   1.97265481
1506.00  -9.83434356   1.97653638
1507.00  -9.85221843   1.98042294
1508.00  -9.87010419   1.98431448
1509.00  -9.88800086   1.98821101
1510.00  -9.90590842   1.99211254
1511.00  -9.92382687   1.99601906
1512.00  -9.94175622   1.99993058
1513.00  -9.95969646   2.00384710
1514.00  -9.97764759   2.00776863
1515.00  -9.99560961   2.01169516
1516.00 -10.01358251   2.01562670
1517.00 -10.03156630   2.01956326
1518.00 -10.04956096   2.02350483
1519.00 -10.06756651   2.02745142
1520.00 -10.08558294   2.03140303
1521.00 -10.10361025   2.03535966
1522.00 -10.12164843   2.03932132
1523.00 -10.13969748   2.04328801
1524.00 -10.15775740   2.04725974
1525.00 -10.17582819   2.05123650
1526.00 -10.19390985   2.05521829
1527.00 -10.21200238   2.05920513
1528.00 -10.23010577   2.06319701
1529.00 -10.24822002   2.06719394
1530.00 -10.26634513   2.07119592
1531.00 -10.28448109   2.07520296
1532.00 -10.30262792   2.07921504
1533.00 -10.32078560   2.08323219
1534.00 -10.33895413   2.08725440
1535.00 -10.35713351   2.09128167
1536.00 -10.37532374   2.09531400
1537.00 -10.39352482   2.09935141
1538.00 -10.41173674   2.10339389
1539.00 -10.42995950   2.10744145
1540.00 -10.44819311   2.11149408
1541.00 -10.46643756   2.11555179
1542.00 -10.48469284   2.11961459
1543.00 -10.50295896   2.12368247
1544.00 -10.52123591   2.12775545
1545.00 -10.53952369   2.13183351
1546.00 -10.55782231   2.13591667
1547.00 -10.57613175   2.14000493
1548.00 -10.59445202   2.14409829
1549.00 -10.61278311   2.14819676
1550.00 -10.63112503   2.15230033
1551.00 -10.64947776   2.15640900
1552.00 -10.66784132   2.16052280
1553.00 -10.68621569   2.16464170
1554.00 -10.70460087   2.16876572
1555.00 -10.72299687   2.17289487
1556.00 -10.74140368   2.17702914
1557.00 -10.75982130   2.18116853
1558.00 -10.77824973   2.18531305
1559.00 -10.79668896   2.18946271
1560.00 -10.81513900   2.19361749
1561.00 -10.83359983   2.19777742
1562.00 -10.85207147   2.20194249
1563.00 -10.87055391   2.20611270
1564.00 -10.88904714   2.21028805
1565.00 -10.90755116   2.21446855
1566.00 -10.92606598   2.21865421
1567.00 -10.94459159   2.22284502
1568.00 -10.96312798   2.22704098
1569.00 -10.98167516   2.23124211
1570.00 -11.00023313   2.23544840
1571.00 -11.01880188   2.23965985
1572.00 -11.03738141   2.24387648
1573.00 -11.05597172   2.24809827
1574.00 -11.07457281   2.25232524
1575.00 -11.09318467   2.25655738
1576.00 -11.11180730   2.26079471
1577.00 -11.13044071   2.26503721
1578.00 -11.14908488   2.26928491
1579.00 -11.16773983   2.27353779
1580.00 -11.18640553   2.27779586
1581.00 -11.20508201   2.28205912
1582.00 -11.22376924   2.28632758
1583.00 -11.24246723   2.29060124
1584.00 -11.26117598   2.29488010
1585.00 -11.27989549   2.29916417
1586.00 -11.29862575   2.30345344
1587.00 -11.31736677   2.30774792
1588.00 -11.33611853   2.31204762
1589.00 -11.35488104   2.31635253
1590.00 -11.37365430   2.32066266
1591.00 -11.39243830   2.32497801
1592.00 -11.41123305   2.32929859
1593.00 -11.43003853   2.33362439
1594.00 -11.44885476   2.33795543
1595.00 -11.46768172   2.34229169
1596.00 -11.48651942   2.34663320
1597.00 -11.50536785   2.35097994
1598.00 -11.52422701   2.35533192
1599.00 -11.54309689   2.35968914
1600.00 -11.56197751   2.36405161
1601.00 -11.58086885   2.36841933
1602.00 -11.59977092   2.37279230
1603.00 -11.61868370   2.37717053
1604.00 -11.63760721   2.38155402
1605.00 -11.65654143   2.38594276
1606.00 -11.67548637   2.39033677
1607.00 -11.69444202   2.39473604
1608.00 -11.71340839   2.39914059
1609.00 -11.73238546   2.40355040
1610.00 -11.75137324   2.40796549
1611.00 -11.77037173   2.41238585
1612.00 -11.78938092   2.41681150
1613.00 -11.80840082   2.42124243
1614.00 -11.82743141   2.42567864
1615.00 -11.84647270   2.43012014
1616.00 -11.86552469   2.43456693
1617.00 -11.88458737   2.43901902
1618.00 -11.90366075   2.44347640
1619.00 -11.92274481   2.44793908
1620.00 -11.94183956   2.45240707
1621.00 -11.96094500   2.45688036
1622.00 -11.98006113   2.46135895
1623.00 -11.99918793   2.46584286
1624.00 -12.01832542   2.47033208
1625.00 -12.03747359   2.47482661
1626.00 -12.05663243   2.47932646
1627.00 -12.07580194   2.48383164
1628.00 -12.09498213   2.48834214
1629.00 -12.11417300   2.49285796
1630.00 -12.13337452   2.49737912
1631.00 -12.15258672   2.50190560
1632.00 -12.17180958   2.50643742
1633.00 -12.19104311   2.51097458
1634.00 -12.21028729   2.51551708
1635.00 -12.22954214   2.52006493
1636.00 -12.24880764   2.52461812
1637.00 -12.26808380   2.52917666
1638.00 -12.28737061   2.53374055
1639.00 -12.30666807   2.53830979
1640.00 -12.32597618   2.54288439
1641.00 -12.34529493   2.54746435
1642.00 -12.36462434   2.55204967
1643.00 -12.38396438   2.55664036
1644.00 -12.40331507   2.56123642
1645.00 -12.42267640   2.56583785
1646.00 -12.44204836   2.57044465
1647.00 -12.46143096   2.57505682
1648.00 -12.48082420   2.57967438
1649.00 -12.50022806   2.58429732
1650.00 -12.51964256   2.58892564
1651.00 -12.53906768   2.59355935
1652.00 -12.55850343   2.59819845
1653.00 -12.57794980   2.60284294
1654.00 -12.59740679   2.60749283
1655.00 -12.61687440   2.61214811
1656.00 -12.63635263   2.61680880
1657.00 -12.65584148   2.62147489
1658.00 -12.67534094   2.62614638
1659.00 -12.69485101   2.63082329
1660.00 -12.71437169   2.63550560
1661.00 -12.73390298   2.64019334
1662.00 -12.75344488   2.64488648
1663.00 -12.77299738   2.64958505
1664.00 -12.79256048   2.65428904
1665.00 -12.81213418   2.65899846
1666.00 -12.83171848   2.66371330
1667.00 -12.85131337   2.66843358
1668.00 -12.87091886   2.67315929
1669.00 -12.89053494   2.67789043
1670.00 -12.91016161   2.68262701
1671.00 -12.92979887   2.68736904
1672.00 -12.94944671   2.69211651
1673.00 -12.96910514   2.69686943
1674.00 -12.98877415   2.70162779
1675.00 -13.00845373   2.70639161
1676.00 -13.02814390   2.71116089
1677.00 -13.04784464   2.71593562
1678.00 -13.06755596   2.72071581
1679.00 -13.08727785   2.72550147
1680.00 -13.10701031   2.73029259
1681.00 -13.12675334   2.73508918
1682.00 -13.14650693   2.73989124
1683.00 -13.16627108   2.74469878
1684.00 -13.18604580   2.74951180
1685.00 -13.20583108   2.75433029
1686.00 -13.22562692   2.75915427
1687.00 -13.24543331   2.76398373
1688.00 -13.26525025   2.76881868
1689.00 -13.28507775   2.77365911
1690.00 -13.30491580   2.77850505
1691.00 -13.32476439   2.78335647
1692.00 -13.34462354   2.78821340
1693.00 -13.36449322   2.79307583
1694.00 -13.38437345   2.79794376
1695.00 -13.40426421   2.80281720
1696.00 -13.42416552   2.80769615
1697.00 -13.44407736   2.81258061
1698.00 -13.46399973   2.81747058
1699.00 -13.48393264   2.82236607
1700.00 -13.50387607   2.82726709
1701.00 -13.52383004   2.83217362
1702.00 -13.54379452   2.83708568
1703.00 -13.56376954   2.84200327
1704.00 -13.58375507   2.84692639
1705.00 -13.60375112   2.85185504
1706.00 -13.62375769   2.85678923
1707.00 -13.64377478   2.86172896
1708.00 -13.66380238   2.86667423
1709.00 -13.68384049   2.87162504
1710.00 -13.70388911   2.87658140
1711.00 -13.72394824   2.88154331
1712.00 -13.74401787   2.88651078
1713.00 -13.76409801   2.89148379
1714.00 -13.78418865   2.89646237
1715.00 -13.80428979   2.90144651
1716.00 -13.82440142   2.90643620
1717.00 -13.84452355   2.91143147
1718.00 -13.86465618   2.91643230
1719.00 -13.88479929   2.92143871
1720.00 -13.90495289   2.92645068
1721.00 -13.92511699   2.93146824
1722.00 -13.94529156   2.93649137
1723.00 -13.96547662   2.94152009
1724.00 -13.98567216   2.94655438
1725.00 -14.00587818   2.95159427
1726.00 -14.02609467   2.95663975
1727.00 -14.04632165   2.96169082
1728.00 -14.06655909   2.96674748
1729.00 -14.08680700   2.97180974
1730.00 -14.10706539   2.97687760
1731.00 -14.12733424   2.98195107
1732.00 -14.14761355   2.98703014
1733.00 -14.16790333   2.99211482
1734.00 -14.18820356   2.99720511
1735.00 -14.20851426   3.00230101
1736.00 -14.22883541   3.00740253
1737.00 -14.24916702   3.01250967
1738.00 -14.26950908   3.01762243
1739.00 -14.28986159   3.02274081
1740.00 -14.31022454   3.02786483
1741.00 -14.33059795   3.03299447
1742.00 -14.35098179   3.03812974
1743.00 -14.37137608   3.04327065
1744.00 -14.39178081   3.04841720
1745.00 -14.41219598   3.05356938
1746.00 -14.43262159   3.05872721
1747.00 -14.45305762   3.06389069
1748.00 -14.47350409   3.06905981
1749.00 -14.49396099   3.07423459
1750.00 -14.51442832   3.07941502
1751.00 -14.53490607   3.08460110
1752.00 -14.55539424   3.08979284
1753.00 -14.57589284   3.09499025
1754.00 -14.59640186   3.10019331
1755.00 -14.61692129   3.10540205
1756.00 -14.63745114   3.11061645
1757.00 -14.65799140   3.11583653
1758.00 -14.67854208   3.12106228
1759.00 -14.69910316   3.12629371
1760.00 -14.71967465   3.13153082
1761.00 -14.74025654   3.13677361
1762.00 -14.76084884   3.14202208
1763.00 -14.78145154   3.14727624
1764.00 -14.80206463   3.15253610
1765.00 -14.82268813   3.15780164
1766.00 -14.84332201   3.16307289
1767.00 -14.86396629   3.16834983
1768.00 -14.88462096   3.17363247
1769.00 -14.90528602   3.17892081
1770.00 -14.92596147   3.18421487
1771.00 -14.94664730   3.18951463
1772.00 -14.96734351   3.19482010
1773.00 -14.98805010   3.20013128
1774.00 -15.00876707   3.20544819
1775.00 -15.02949441   3.21077081
1776.00 -15.05023213   3.21609915
1777.00 -15.07098022   3.22143322
1778.00 -15.09173868   3.22677301
1779.00 -15.11250751   3.23211854
1780.00 -15.13328670   3.23746980
1781.00 -15.15407625   3.24282679
1782.00 -15.17487617   3.24818952
1783.00 -15.19568645   3.25355799
1784.00 -15.21650708   3.25893220
1785.00 -15.23733807   3.26431216
1786.00 -15.25817941   3.26969787
1787.00 -15.27903110   3.27508933
1788.00 -15.29989314   3.28048654
1789.00 -15.32076553   3.28588950
1790.00 -15.34164826   3.29129823
1791.00 -15.36254133   3.29671272
1792.00 -15.38344474   3.30213297
1793.00 -15.40435850   3.30755898
1794.00 -15.42528258   3.31299077
1795.00 -15.44621701   3.31842832
1796.00 -15.46716176   3.32387166
1797.00 -15.48811684   3.32932076
1798.00 -15.50908225   3.33477565
1799.00 -15.53005799   3.34023632
1800.00 -15.55104405   3.34570277
1801.00 -15.57204043   3.35117501
1802.00 -15.59304713   3.35665304
1803.00 -15.61406415   3.36213687
1804.00 -15.63509148   3.36762649
1805.00 -15.65612913   3.37312190
1806.00 -15.67717709   3.37862312
1807.00 -15.69823535   3.38413013
1808.00 -15.71930392   3.38964296
1809.00 -15.74038280   3.39516159
1810.00 -15.76147198   3.40068603
1811.00 -15.78257146   3.40621628
1812.00 -15.80368123   3.41175236
1813.00 -15.82480131   3.41729424
1814.00 -15.84593167   3.42284195
1815.00 -15.86707233   3.42839549
1816.00 -15.88822328   3.43395485
1817.00 -15.90938452   3.43952003
1818.00 -15.93055604   3.44509105
1819.00 -15.95173784   3.45066790
1820.00 -15.97292993   3.45625059
1821.00 -15.99413229   3.46183912
1822.00 -16.01534494   3.46743349
1823.00 -16.03656785   3.47303370
1824.00 -16.05780104   3.47863976
1825.00 -16.07904450   3.48425167
1826.00 -16.10029823   3.48986943
1827.00 -16.12156222   3.49549305
1828.00 -16.14283648   3.50112252
1829.00 -16.16412100   3.50675785
1830.00 -16.18541578   3.51239904
1831.00 -16.20672082   3.51804610
1832.00 -16.22803612   3.52369902
1833.00 -16.24936166   3.52935782
1834.00 -16.27069746   3.53502249
1835.00 -16.29204351   3.54069303
1836.00 -16.31339981   3.54636945
1837.00 -16.33476635   3.55205175
1838.00 -16.35614313   3.55773993
1839.00 -16.37753016   3.56343400
1840.00 -16.39892742   3.56913395
1841.00 -16.42033492   3.57483980
1842.00 -16.44175265   3.58055153
1843.00 -16.46318062   3.58626917
1844.00 -16.48461881   3.59199270
1845.00 -16.50606724   3.59772213
1846.00 -16.52752589   3.60345746
1847.00 -16.54899476   3.60919870
1848.00 -16.57047385   3.61494585
1849.00 -16.59196317   3.62069891
1850.00 -16.61346270   3.62645788
1851.00 -16.63497244   3.63222277
1852.00 -16.65649240   3.63799358
1853.00 -16.67802257   3.64377031
1854.00 -16.69956295   3.64955296
1855.00 -16.72111353   3.65534153
1856.00 -16.74267432   3.66113604
1857.00 -16.76424531   3.66693648
1858.00 -16.78582650   3.67274284
1859.00 -16.80741789   3.67855515
1860.00 -16.82901948   3.68437340
1861.00 -16.85063126   3.69019758
1862.00 -16.87225322   3.69602771
1863.00 -16.89388538   3.70186379
1864.00 -16.91552773   3.70770581
1865.00 -16.93718026   3.71355379
1866.00 -16.95884297   3.71940772
1867.00 -16.98051587   3.72526760
1868.00 -17.00219894   3.73113345
1869.00 -17.02389219   3.73700526
1870.00 -17.04559561   3.74288303
1871.00 -17.06730920   3.74876677
1872.00 -17.08903297   3.75465647
1873.00 -17.11076690   3.76055215
1874.00 -17.13251100   3.76645380
1875.00 -17.15426526   3.77236143
1876.00 -17.17602968   3.77827504
1877.00 -17.19780426   3.78419463
1878.00 -17.21958900   3.79012021
1879.00 -17.24138389   3.79605177
1880.00 -17.26318893   3.80198932
1881.00 -17.28500413   3.80793286
1882.00 -17.30682947   3.81388240
1883.00 -17.32866496   3.81983793
1884.00 -17.35051059   3.82579946
1885.00 -17.37236637   3.83176700
1886.00 -17.39423228   3.83774054
1887.00 -17.41610833   3.84372008
1888.00 -17.43799452   3.84970564
1889.00 -17.45989084   3.85569720
1890.00 -17.48179729   3.86169479
1891.00 -17.50371386   3.86769839
1892.00 -17.52564057   3.87370800
1893.00 -17.54757740   3.87972364
1894.00 -17.56952435   3.88574531
1895.00 -17.59148142   3.89177300
1896.00 -17.61344861   3.89780672
1897.00 -17.63542591   3.90384647
1898.00 -17.65741333   3.90989226
1899.00 -17.67941085   3.91594409
1900.00 -17.70141849   3.92200195
1901.00 -17.72343623   3.92806586
1902.00 -17.74546408   3.93413581
1903.00 -17.76750203   3.94021181
1904.00 -17.78955008   3.94629385
1905.00 -17.81160823   3.95238195
1906.00 -17.83367647   3.95847611
1907.00 -17.85575481   3.96457632
1908.00 -17.87784324   3.97068259
1909.00 -17.89994176   3.97679492
1910.00 -17.92205036   3.98291332
1911.00 -17.94416905   3.98903778
1912.00 -17.96629783   3.99516832
1913.00 -17.98843668   4.00130492
1914.00 -18.01058561   4.00744760
1915.00 -18.03274462   4.01359636
1916.00 -18.05491370   4.01975119
1917.00 -18.07709285   4.02591211
1918.00 -18.09928207   4.03207911
1919.00 -18.12148136   4.03825220
1920.00 -18.14369072   4.04443138
1921.00 -18.16591013   4.05061665
1922.00 -18.18813961   4.05680802
1923.00 -18.21037915   4.06300548
1924.00 -18.23262874   4.06920904
1925.00 -18.25488839   4.07541870
1926.00 -18.27715808   4.08163447
1927.00 -18.29943783   4.08785634
1928.00 -18.32172763   4.09408433
1929.00 -18.34402747   4.10031842
1930.00 -18.36633735   4.10655863
1931.00 -18.38865728   4.11280495
1932.00 -18.41098724   4.11905740
1933.00 -18.43332724   4.12531596
1934.00 -18.45567727   4.13158065
1935.00 -18.47803734   4.13785147
1936.00 -18.50040743   4.14412841
1937.00 -18.52278755   4.15041149
1938.00 -18.54517770   4.15670070
1939.00 -18.56757787   4.16299605
1940.00 -18.58998806   4.16929753
1941.00 -18.61240827   4.17560516
1942.00 -18.63483850   4.18191893
1943.00 -18.65727874   4.18823885
1944.00 -18.67972899   4.19456491
1945.00 -18.70218926   4.20089713
1946.00 -18.72465953   4.20723550
1947.00 -18.74713980   4.21358002
1948.00 -18.76963008   4.21993071
1949.00 -18.79213036   4.22628755
1950.00 -18.81464064   4.23265056
1951.00 -18.83716091   4.23901974
1952.00 -18.85969118   4.24539508
1953.00 -18.88223144   4.25177659
1954.00 -18.90478170   4.25816428
1955.00 -18.92734193   4.26455814
1956.00 -18.94991216   4.27095818
1957.00 -18.97249236   4.27736440
1958.00 -18.99508255   4.28377681
1959.00 -19.01768272   4.29019539
1960.00 -19.04029286   4.29662017
1961.00 -19.06291298   4.30305114
1962.00 -19.08554306   4.30948830
1963.00 -19.10818312   4.31593165
1964.00 -19.13083315   4.32238121
1965.00 -19.15349314   4.32883696
1966.00 -19.17616309   4.33529891
1967.00 -19.19884301   4.34176707
1968.00 -19.22153288   4.34824144
1969.00 -19.24423271   4.35472202
1970.00 -19.26694249   4.36120881
1971.00 -19.28966223   4.36770181
1972.00 -19.31239191   4.37420103
1973.00 -19.33513155   4.38070647
1974.00 -19.35788112   4.38721814
1975.00 -19.38064064   4.39373602
1976.00 -19.40341010   4.40026014
1977.00 -19.42618950   4.40679048
1978.00 -19.44897884   4.41332706
1979.00 -19.47177811   4.41986986
1980.00 -19.49458731   4.42641891
1981.00 -19.51740644   4.43297419
1982.00 -19.54023549   4.43953572
1983.00 -19.56307448   4.44610349
1984.00 -19.58592338   4.45267750
1985.00 -19.60878221   4.45925777
1986.00 -19.63165095   4.46584428
1987.00 -19.65452961   4.47243705
1988.00 -19.67741818   4.47903607
1989.00 -19.70031666   4.48564136
1990.00 -19.72322506   4.49225290
1991.00 -19.74614336   4.49887071
1992.00 -19.76907156   4.50549478
1993.00 -19.79200967   4.51212512
1994.00 -19.81495768   4.51876173
1995.00 -19.83791558   4.52540461
1996.00 -19.86088338   4.53205377
1997.00 -19.88386108   4.53870920
1998.00 -19.90684866   4.54537092
1999.00 -19.92984613   4.55203891
2000.00 -19.95285349   4.55871320
