wavelength(nm)         real         imag
200.00   3.55657665   0.00656344
201.00   3.55313510   0.00666236
202.00   3.54967641   0.00676227
203.00   3.54620058   0.00686318
204.00   3.54270762   0.00696508
205.00   3.53919751   0.00706798
206.00   3.53567027   0.00717189
207.00   3.53212589   0.00727682
208.00   3.52856437   0.00738276
209.00   3.52498572   0.00748973
210.00   3.52138993   0.00759772
211.00   3.51777700   0.00770675
212.00   3.51414694   0.00781681
213.00   3.51049974   0.00792792
214.00   3.50683541   0.00804008
215.00   3.50315394   0.00815328
216.00   3.49945534   0.00826755
217.00   3.49573961   0.00838287
218.00   3.49200674   0.00849927
219.00   3.48825674   0.00861673
220.00   3.48448961   0.00873527
221.00   3.48070534   0.00885490
222.00   3.47690395   0.00897561
223.00   3.47308542   0.00909741
224.00   3.46924976   0.00922031
225.00   3.46539697   0.00934431
226.00   3.46152706   0.00946942
227.00   3.45764001   0.00959563
228.00   3.45373583   0.00972297
229.00   3.44981453   0.00985142
230.00   3.44587610   0.00998100
231.00   3.44192053   0.01011171
232.00   3.43794785   0.01024356
233.00   3.43395803   0.01037655
234.00   3.42995109   0.01051068
235.00   3.42592702   0.01064596
236.00   3.42188583   0.01078240
237.00   3.41782751   0.01092000
238.00   3.41375207   0.01105877
239.00   3.40965950   0.01119870
240.00   3.40554981   0.01133981
241.00   3.40142300   0.01148210
242.00   3.39727906   0.01162557
243.00   3.39311800   0.01177023
244.00   3.38893982   0.01191609
245.00   3.38474452   0.01206315
246.00   3.38053210   0.01221141
247.00   3.37630255   0.01236088
248.00   3.37205589   0.01251156
249.00   3.36779211   0.01266347
250.00   3.36351120   0.01281659
251.00   3.35921318   0.01297095
252.00   3.35489804   0.01312654
253.00   3.35056578   0.01328337
254.00   3.34621641   0.01344144
255.00   3.34184992   0.01360076
256.00   3.33746631   0.01376133
257.00   3.33306559   0.01392316
258.00   3.32864775   0.01408626
259.00   3.32421279   0.01425062
260.00   3.31976072   0.01441625
261.00   3.31529154   0.01458317
262.00   3.31080525   0.01475136
263.00   3.30630184   0.01492084
264.00   3.30178132   0.01509162
265.00   3.29724368   0.01526369
266.00   3.29268894   0.01543707
267.00   3.28811708   0.01561175
268.00   3.28352812   0.01578774
269.00   3.27892204   0.01596505
270.00   3.27429885   0.01614368
271.00   3.26965856   0.01632364
272.00   3.26500116   0.01650493
273.00   3.26032665   0.01668756
274.00   3.25563503   0.01687153
275.00   3.25092630   0.01705684
276.00   3.24620047   0.01724351
277.00   3.24145753   0.01743153
278.00   3.23669749   0.01762091
279.00   3.23192034   0.01781166
280.00   3.22712609   0.01800378
281.00   3.22231474   0.01819727
282.00   3.21748628   0.01839215
283.00   3.21264072   0.01858841
284.00   3.20777805   0.01878606
285.00   3.20289829   0.01898510
286.00   3.19800142   0.01918555
287.00   3.19308745   0.01938740
288.00   3.18815639   0.01959066
289.00   3.18320822   0.01979533
290.00   3.17824295   0.02000143
291.00   3.17326059   0.02020894
292.00   3.16826113   0.02041789
293.00   3.16324457   0.02062827
294.00   3.15821091   0.02084010
295.00   3.15316016   0.02105336
296.00   3.14809231   0.02126807
297.00   3.14300737   0.02148424
298.00   3.13790533   0.02170187
299.00   3.13278620   0.02192096
300.00   3.12764997   0.02214152
301.00   3.12249665   0.02236355
302.00   3.11732624   0.02258706
303.00   3.11213874   0.02281205
304.00   3.10693415   0.02303853
305.00   3.10171246   0.02326650
306.00   3.09647369   0.02349597
307.00   3.09121782   0.02372695
308.00   3.08594487   0.02395943
309.00   3.08065483   0.02419342
310.00   3.07534770   0.02442893
311.00   3.07002348   0.02466597
312.00   3.06468218   0.02490453
313.00   3.05932379   0.02514462
314.00   3.05394832   0.02538625
315.00   3.04855576   0.02562942
316.00   3.04314612   0.02587413
317.00   3.03771939   0.02612040
318.00   3.03227558   0.02636822
319.00   3.02681469   0.02661761
320.00   3.02133671   0.02686856
321.00   3.01584166   0.02712108
322.00   3.01032952   0.02737518
323.00   3.00480030   0.02763086
324.00   2.99925401   0.02788812
325.00   2.99369063   0.02814698
326.00   2.98811018   0.02840743
327.00   2.98251265   0.02866948
328.00   2.97689804   0.02893313
329.00   2.97126636   0.02919840
330.00   2.96561760   0.02946528
331.00   2.95995176   0.02973378
332.00   2.95426885   0.03000390
333.00   2.94856887   0.03027565
334.00   2.94285181   0.03054904
335.00   2.93711768   0.03082407
336.00   2.93136648   0.03110074
337.00   2.92559820   0.03137906
338.00   2.91981286   0.03165903
339.00   2.91401044   0.03194066
340.00   2.90819096   0.03222396
341.00   2.90235441   0.03250892
342.00   2.89650079   0.03279556
343.00   2.89063010   0.03308388
344.00   2.88474234   0.03337388
345.00   2.87883752   0.03366556
346.00   2.87291563   0.03395894
347.00   2.86697668   0.03425402
348.00   2.86102066   0.03455080
349.00   2.85504758   0.03484929
350.00   2.84905743   0.03514948
351.00   2.84305023   0.03545140
352.00   2.83702596   0.03575504
353.00   2.83098463   0.03606040
354.00   2.82492624   0.03636750
355.00   2.81885079   0.03667633
356.00   2.81275828   0.03698691
357.00   2.80664871   0.03729923
358.00   2.80052208   0.03761330
359.00   2.79437840   0.03792913
360.00   2.78821766   0.03824672
361.00   2.78203986   0.03856608
362.00   2.77584501   0.03888720
363.00   2.76963311   0.03921010
364.00   2.76340415   0.03953479
365.00   2.75715814   0.03986125
366.00   2.75089507   0.04018951
367.00   2.74461496   0.04051956
368.00   2.73831779   0.04085141
369.00   2.73200357   0.04118507
370.00   2.72567231   0.04152054
371.00   2.71932399   0.04185782
372.00   2.71295863   0.04219692
373.00   2.70657621   0.04253784
374.00   2.70017675   0.04288060
375.00   2.69376025   0.04322518
376.00   2.68732670   0.04357161
377.00   2.68087610   0.04391988
378.00   2.67440846   0.04427000
379.00   2.66792378   0.04462197
380.00   2.66142205   0.04497580
381.00   2.65490329   0.04533149
382.00   2.64836748   0.04568905
383.00   2.64181463   0.04604848
384.00   2.63524474   0.04640980
385.00   2.62865781   0.04677299
386.00   2.62205384   0.04713807
387.00   2.61543284   0.04750504
388.00   2.60879480   0.04787391
389.00   2.60213972   0.04824469
390.00   2.59546760   0.04861736
391.00   2.58877846   0.04899195
392.00   2.58207227   0.04936846
393.00   2.57534906   0.04974689
394.00   2.56860881   0.05012724
395.00   2.56185153   0.05050953
396.00   2.55507722   0.05089375
397.00   2.54828588   0.05127991
398.00   2.54147751   0.05166802
399.00   2.53465211   0.05205808
400.00   2.52780968   0.05245009
401.00   2.52095022   0.05284407
402.00   2.51407374   0.05324001
403.00   2.50718023   0.05363792
404.00   2.50026970   0.05403780
405.00   2.49334214   0.05443966
406.00   2.48639756   0.05484351
407.00   2.47943595   0.05524935
408.00   2.47245733   0.05565718
409.00   2.46546168   0.05606701
410.00   2.45844901   0.05647884
411.00   2.45141932   0.05689269
412.00   2.44437262   0.05730854
413.00   2.43730889   0.05772642
414.00   2.43022815   0.05814632
415.00   2.42313039   0.05856824
416.00   2.41601561   0.05899220
417.00   2.40888382   0.05941820
418.00   2.40173502   0.05984624
419.00   2.39456920   0.06027632
420.00   2.38738636   0.06070846
421.00   2.38018652   0.06114266
422.00   2.37296966   0.06157892
423.00   2.36573580   0.06201724
424.00   2.35848492   0.06245764
425.00   2.35121704   0.06290011
426.00   2.34393215   0.06334467
427.00   2.33663025   0.06379131
428.00   2.32931134   0.06424004
429.00   2.32197543   0.06469087
430.00   2.31462251   0.06514380
431.00   2.30725259   0.06559883
432.00   2.29986566   0.06605598
433.00   2.29246173   0.06651524
434.00   2.28504081   0.06697662
435.00   2.27760288   0.06744012
436.00   2.27014794   0.06790576
437.00   2.26267602   0.06837353
438.00   2.25518709   0.06884344
439.00   2.24768116   0.06931549
440.00   2.24015824   0.06978969
441.00   2.23261832   0.07026605
442.00   2.22506141   0.07074457
443.00   2.21748750   0.07122525
444.00   2.20989660   0.07170809
445.00   2.20228870   0.07219312
446.00   2.19466382   0.07268031
447.00   2.18702194   0.07316970
448.00   2.17936307   0.07366127
449.00   2.17168721   0.07415503
450.00   2.16399437   0.07465099
451.00   2.15628453   0.07514915
452.00   2.14855771   0.07564952
453.00   2.14081391   0.07615211
454.00   2.13305312   0.07665691
455.00   2.12527534   0.07716393
456.00   2.11748058   0.07767317
457.00   2.10966884   0.07818465
458.00   2.10184011   0.07869837
459.00   2.09399441   0.07921432
460.00   2.08613172   0.07973252
461.00   2.07825206   0.08025298
462.00   2.07035542   0.08077568
463.00   2.06244180   0.08130065
464.00   2.05451120   0.08182789
465.00   2.04656363   0.08235739
466.00   2.03859908   0.08288917
467.00   2.03061756   0.08342322
468.00   2.02261906   0.08395957
469.00   2.01460359   0.08449820
470.00   2.00657116   0.08503912
471.00   1.99852175   0.08558235
472.00   1.99045537   0.08612788
473.00   1.98237202   0.08667571
474.00   1.97427170   0.08722587
475.00   1.96615442   0.08777833
476.00   1.95802017   0.08833313
477.00   1.94986896   0.08889025
478.00   1.94170078   0.08944970
479.00   1.93351564   0.09001149
480.00   1.92531353   0.09057562
481.00   1.91709446   0.09114210
482.00   1.90885844   0.09171093
483.00   1.90060545   0.09228212
484.00   1.89233550   0.09285567
485.00   1.88404860   0.09343159
486.00   1.87574474   0.09400988
487.00   1.86742392   0.09459054
488.00   1.85908614   0.09517359
489.00   1.85073142   0.09575902
490.00   1.84235973   0.09634684
491.00   1.83397110   0.09693705
492.00   1.82556551   0.09752967
493.00   1.81714298   0.09812469
494.00   1.80870349   0.09872213
495.00   1.80024705   0.09932197
496.00   1.79177367   0.09992424
497.00   1.78328334   0.10052893
498.00   1.77477606   0.10113605
499.00   1.76625184   0.10174560
500.00   1.75771067   0.10235759
501.00   1.74915256   0.10297203
502.00   1.74057750   0.10358891
503.00   1.73198551   0.10420825
504.00   1.72337657   0.10483004
505.00   1.71475070   0.10545430
506.00   1.70610788   0.10608103
507.00   1.69744813   0.10671023
508.00   1.68877144   0.10734190
509.00   1.68007781   0.10797606
510.00   1.67136725   0.10861270
511.00   1.66263976   0.10925184
512.00   1.65389533   0.10989347
513.00   1.64513397   0.11053760
514.00   1.63635568   0.11118424
515.00   1.62756046   0.11183339
516.00   1.61874831   0.11248506
517.00   1.60991923   0.11313925
518.00   1.60107322   0.11379596
519.00   1.59221029   0.11445520
520.00   1.58333043   0.11511698
521.00   1.57443365   0.11578129
522.00   1.56551994   0.11644815
523.00   1.55658931   0.11711756
524.00   1.54764176   0.11778953
525.00   1.53867729   0.11846405
526.00   1.52969590   0.11914114
527.00   1.52069759   0.11982079
528.00   1.51168236   0.12050302
529.00   1.50265022   0.12118783
530.00   1.49360116   0.12187522
531.00   1.48453519   0.12256520
532.00   1.47545230   0.12325777
533.00   1.46635250   0.12395294
534.00   1.45723578   0.12465071
535.00   1.44810216   0.12535108
536.00   1.43895163   0.12605407
537.00   1.42978418   0.12675968
538.00   1.42059983   0.12746790
539.00   1.41139858   0.12817875
540.00   1.40218041   0.12889224
541.00   1.39294535   0.12960836
542.00   1.38369337   0.13032711
543.00   1.37442450   0.13104852
544.00   1.36513872   0.13177257
545.00   1.35583605   0.13249928
546.00   1.34651647   0.13322865
547.00   1.33718000   0.13396069
548.00   1.32782662   0.13469539
549.00   1.31845635   0.13543277
550.00   1.30906919   0.13617282
551.00   1.29966513   0.13691556
552.00   1.29024417   0.13766099
553.00   1.28080633   0.13840911
554.00   1.27135159   0.13915993
555.00   1.26187996   0.13991345
556.00   1.25239144   0.14066968
557.00   1.24288603   0.14142862
558.00   1.23336374   0.14219028
559.00   1.22382456   0.14295466
560.00   1.21426849   0.14372177
561.00   1.20469554   0.14449161
562.00   1.19510571   0.14526418
563.00   1.18549899   0.14603950
564.00   1.17587539   0.14681756
565.00   1.16623491   0.14759837
566.00   1.15657756   0.14838194
567.00   1.14690332   0.14916827
568.00   1.13721221   0.14995736
569.00   1.12750422   0.15074923
570.00   1.11777936   0.15154386
571.00   1.10803762   0.15234128
572.00   1.09827901   0.15314148
573.00   1.08850353   0.15394447
574.00   1.07871117   0.15475026
575.00   1.06890195   0.15555884
576.00   1.05907586   0.15637022
577.00   1.04923290   0.15718442
578.00   1.03937308   0.15800142
579.00   1.02949639   0.15882124
580.00   1.01960283   0.15964389
581.00   1.00969241   0.16046936
582.00   0.99976513   0.16129767
583.00   0.98982099   0.16212881
584.00   0.97985999   0.16296279
585.00   0.96988213   0.16379962
586.00   0.95988741   0.16463930
587.00   0.94987584   0.16548184
588.00   0.93984741   0.16632723
589.00   0.92980212   0.16717549
590.00   0.91973998   0.16802662
591.00   0.90966099   0.16888063
592.00   0.89956515   0.16973752
593.00   0.88945246   0.17059729
594.00   0.87932291   0.17145994
595.00   0.86917652   0.17232550
596.00   0.85901329   0.17319395
597.00   0.84883320   0.17406530
598.00   0.83863628   0.17493957
599.00   0.82842251   0.17581674
600.00   0.81819189   0.17669684
601.00   0.80794444   0.17757985
602.00   0.79768014   0.17846580
603.00   0.78739901   0.17935467
604.00   0.77710104   0.18024649
605.00   0.76678623   0.18114124
606.00   0.75645458   0.18203894
607.00   0.74610610   0.18293959
608.00   0.73574079   0.18384320
609.00   0.72535864   0.18474977
610.00   0.71495966   0.18565930
611.00   0.70454386   0.18657180
612.00   0.69411122   0.18748728
613.00   0.68366176   0.18840574
614.00   0.67319547   0.18932718
615.00   0.66271235   0.19025161
616.00   0.65221241   0.19117903
617.00   0.64169564   0.19210946
618.00   0.63116205   0.19304289
619.00   0.62061165   0.19397932
620.00   0.61004442   0.19491877
621.00   0.59946037   0.19586123
622.00   0.58885951   0.19680672
623.00   0.57824183   0.19775524
624.00   0.56760733   0.19870678
625.00   0.55695602   0.19966137
626.00   0.54628789   0.20061899
627.00   0.53560296   0.20157966
628.00   0.52490121   0.20254339
629.00   0.51418266   0.20351016
630.00   0.50344729   0.20448000
631.00   0.49269512   0.20545291
632.00   0.48192614   0.20642888
633.00   0.47114036   0.20740793
634.00   0.46033777   0.20839005
635.00   0.44951838   0.20937527
636.00   0.43868219   0.21036357
637.00   0.42782920   0.21135496
638.00   0.41695941   0.21234945
639.00   0.40607283   0.21334705
640.00   0.39516944   0.21434775
641.00   0.38424926   0.21535157
642.00   0.37331229   0.21635850
643.00   0.36235852   0.21736856
644.00   0.35138796   0.21838174
645.00   0.34040061   0.21939805
646.00   0.32939647   0.22041750
647.00   0.31837554   0.22144010
648.00   0.30733783   0.22246583
649.00   0.29628332   0.22349472
650.00   0.28521204   0.22452676
651.00   0.27412397   0.22556197
652.00   0.26301912   0.22660034
653.00   0.25189748   0.22764187
654.00   0.24075907   0.22868658
655.00   0.22960388   0.22973447
656.00   0.21843191   0.23078555
657.00   0.20724316   0.23183981
658.00   0.19603764   0.23289727
659.00   0.18481534   0.23395792
660.00   0.17357628   0.23502178
661.00   0.16232044   0.23608884
662.00   0.15104783   0.23715912
663.00   0.13975845   0.23823261
664.00   0.12845230   0.23930932
665.00   0.11712939   0.24038926
666.00   0.10578971   0.24147243
667.00   0.09443326   0.24255884
668.00   0.08306006   0.24364849
669.00   0.07167009   0.24474138
670.00   0.06026336   0.24583752
671.00   0.04883987   0.24693692
672.00   0.03739963   0.24803958
673.00   0.02594263   0.24914550
674.00   0.01446887   0.25025469
675.00   0.00297836   0.25136715
676.00  -0.00852891   0.25248289
677.00  -0.02005293   0.25360192
678.00  -0.03159369   0.25472423
679.00  -0.04315121   0.25584983
680.00  -0.05472548   0.25697874
681.00  -0.06631649   0.25811094
682.00  -0.07792425   0.25924645
683.00  -0.08954875   0.26038527
684.00  -0.10118999   0.26152741
685.00  -0.11284798   0.26267287
686.00  -0.12452271   0.26382165
687.00  -0.13621417   0.26497376
688.00  -0.14792238   0.26612921
689.00  -0.15964732   0.26728800
690.00  -0.17138900   0.26845013
691.00  -0.18314741   0.26961561
692.00  -0.19492255   0.27078445
693.00  -0.20671443   0.27195664
694.00  -0.21852303   0.27313220
695.00  -0.23034837   0.27431113
696.00  -0.24219043   0.27549342
697.00  -0.25404922   0.27667910
698.00  -0.26592473   0.27786815
699.00  -0.27781697   0.27906060
700.00  -0.28972593   0.28025643
701.00  -0.30165161   0.28145566
702.00  -0.31359402   0.28265829
703.00  -0.32555314   0.28386433
704.00  -0.33752898   0.28507378
705.00  -0.34952153   0.28628664
706.00  -0.36153080   0.28750292
707.00  -0.37355679   0.28872263
708.00  -0.38559948   0.28994577
709.00  -0.39765889   0.29117234
710.00  -0.40973501   0.29240234
711.00  -0.42182783   0.29363580
712.00  -0.43393736   0.29487269
713.00  -0.44606360   0.29611305
714.00  -0.45820654   0.29735685
715.00  -0.47036619   0.29860413
716.00  -0.48254254   0.29985486
717.00  -0.49473559   0.30110907
718.00  -0.50694533   0.30236676
719.00  -0.51917178   0.30362792
720.00  -0.53141492   0.30489257
721.00  -0.54367476   0.30616071
722.00  -0.55595129   0.30743235
723.00  -0.56824451   0.30870749
724.00  -0.58055443   0.30998613
725.00  -0.59288103   0.31126828
726.00  -0.60522433   0.31255394
727.00  -0.61758431   0.31384312
728.00  -0.62996098   0.31513582
729.00  -0.64235433   0.31643205
730.00  -0.65476436   0.31773182
731.00  -0.66719108   0.31903512
732.00  -0.67963448   0.32034196
733.00  -0.69209455   0.32165235
734.00  -0.70457131   0.32296629
735.00  -0.71706474   0.32428379
736.00  -0.72957485   0.32560484
737.00  -0.74210163   0.32692947
738.00  -0.75464508   0.32825766
739.00  -0.76720521   0.32958942
740.00  -0.77978200   0.33092477
741.00  -0.79237546   0.33226370
742.00  -0.80498559   0.33360622
743.00  -0.81761239   0.33495233
744.00  -0.83025585   0.33630204
745.00  -0.84291597   0.33765535
746.00  -0.85559275   0.33901227
747.00  -0.86828620   0.34037280
748.00  -0.88099630   0.34173695
749.00  -0.89372306   0.34310472
750.00  -0.90646648   0.34447612
751.00  -0.91922655   0.34585114
752.00  -0.93200328   0.34722980
753.00  -0.94479665   0.34861211
754.00  -0.95760668   0.34999805
755.00  -0.97043336   0.35138765
756.00  -0.98327668   0.35278090
757.00  -0.99613666   0.35417781
758.00  -1.00901327   0.35557838
759.00  -1.02190653   0.35698262
760.00  -1.03481644   0.35839053
761.00  -1.04774298   0.35980212
762.00  -1.06068616   0.36121740
763.00  -1.07364598   0.36263636
764.00  -1.08662244   0.36405901
765.00  -1.09961554   0.36548535
766.00  -1.11262526   0.36691540
767.00  -1.12565162   0.36834915
768.00  -1.13869461   0.36978662
769.00  -1.15175423   0.37122780
770.00  -1.16483048   0.37267269
771.00  -1.17792336   0.37412132
772.00  -1.19103286   0.37557367
773.00  -1.20415899   0.37702975
774.00  -1.21730174   0.37848957
775.00  -1.23046111   0.37995314
776.00  -1.24363709   0.38142045
777.00  -1.25682970   0.38289151
778.00  -1.27003893   0.38436634
779.00  -1.28326477   0.38584492
780.00  -1.29650722   0.38732727
781.00  -1.30976629   0.38881339
782.00  -1.32304197   0.39030328
783.00  -1.33633426   0.39179696
784.00  -1.34964315   0.39329442
785.00  -1.36296866   0.39479566
786.00  -1.37631077   0.39630071
787.00  -1.38966948   0.39780955
788.00  -1.40304480   0.39932219
789.00  -1.41643671   0.40083865
790.00  -1.42984523   0.40235891
791.00  -1.44327035   0.40388299
792.00  -1.45671206   0.40541090
793.00  -1.47017037   0.40694263
794.00  -1.48364527   0.40847819
795.00  -1.49713677   0.41001759
796.00  -1.51064485   0.41156083
797.00  -1.52416953   0.41310791
798.00  -1.53771079   0.41465884
799.00  -1.55126864   0.41621363
800.00  -1.56484308   0.41777228
801.00  -1.57843410   0.41933479
802.00  -1.59204170   0.42090117
803.00  -1.60566588   0.42247142
804.00  -1.61930664   0.42404555
805.00  -1.63296398   0.42562356
806.00  -1.64663790   0.42720546
807.00  -1.66032839   0.42879125
808.00  -1.67403545   0.43038093
809.00  -1.68775909   0.43197452
810.00  -1.70149930   0.43357201
811.00  -1.71525608   0.43517341
812.00  -1.72902942   0.43677873
813.00  -1.74281933   0.43838797
814.00  -1.75662581   0.44000113
815.00  -1.77044884   0.44161822
816.00  -1.78428844   0.44323924
817.00  -1.79814461   0.44486420
818.00  -1.81201732   0.44649310
819.00  -1.82590660   0.44812595
820.00  -1.83981243   0.44976275
821.00  -1.85373482   0.45140351
822.00  -1.86767376   0.45304823
823.00  -1.88162925   0.45469692
824.00  -1.89560129   0.45634957
825.00  -1.90958987   0.45800620
826.00  -1.92359501   0.45966681
827.00  -1.93761669   0.46133140
828.00  -1.95165491   0.46299999
829.00  -1.96570968   0.46467256
830.00  -1.97978099   0.46634914
831.00  -1.99386883   0.46802971
832.00  -2.00797321   0.46971430
833.00  -2.02209413   0.47140289
834.00  -2.03623159   0.47309550
835.00  -2.05038558   0.47479214
836.00  -2.06455609   0.47649280
837.00  -2.07874314   0.47819748
838.00  -2.09294672   0.47990621
839.00  -2.10716682   0.48161897
840.00  -2.12140345   0.48333578
841.00  -2.13565661   0.48505664
842.00  -2.14992628   0.48678155
843.00  -2.16421248   0.48851052
844.00  -2.17851520   0.49024355
845.00  -2.19283443   0.49198065
846.00  -2.20717018   0.49372182
847.00  -2.22152245   0.49546706
848.00  -2.23589123   0.49721639
849.00  -2.25027652   0.49896981
850.00  -2.26467832   0.50072731
851.00  -2.27909662   0.50248891
852.00  -2.29353144   0.50425461
853.00  -2.30798276   0.50602441
854.00  -2.32245059   0.50779832
855.00  -2.33693491   0.50957635
856.00  -2.35143574   0.51135849
857.00  -2.36595307   0.51314475
858.00  -2.38048689   0.51493515
859.00  -2.39503721   0.51672967
860.00  -2.40960403   0.51852833
861.00  -2.42418734   0.52033113
862.00  -2.43878714   0.52213808
863.00  -2.45340343   0.52394918
864.00  -2.46803621   0.52576443
865.00  -2.48268547   0.52758384
866.00  -2.49735122   0.52940742
867.00  -2.51203346   0.53123516
868.00  -2.52673217   0.53306708
869.00  -2.54144737   0.53490317
870.00  -2.55617904   0.53674345
871.00  -2.57092719   0.53858791
872.00  -2.58569182   0.54043657
873.00  -2.60047292   0.54228942
874.00  -2.61527050   0.54414647
875.00  -2.63008454   0.54600773
876.00  -2.64491506   0.54787320
877.00  -2.65976204   0.54974288
878.00  -2.67462549   0.55161678
879.00  -2.68950540   0.55349490
880.00  -2.70440178   0.55537726
881.00  -2.71931461   0.55726384
882.00  -2.73424391   0.55915467
883.00  -2.74918966   0.56104973
884.00  -2.76415188   0.56294904
885.00  -2.77913054   0.56485261
886.00  -2.79412566   0.56676042
887.00  -2.80913723   0.56867250
888.00  -2.82416526   0.57058885
889.00  -2.83920973   0.57250946
890.00  -2.85427064   0.57443435
891.00  -2.86934800   0.57636351
892.00  -2.88444181   0.57829696
893.00  -2.89955206   0.58023470
894.00  -2.91467875   0.58217673
895.00  -2.92982187   0.58412305
896.00  -2.94498144   0.58607368
897.00  -2.96015744   0.58802861
898.00  -2.97534987   0.58998786
899.00  -2.99055874   0.59195142
900.00  -3.00578403   0.59391930
901.00  -3.02102576   0.59589150
902.00  -3.03628391   0.59786803
903.00  -3.05155849   0.59984890
904.00  -3.06684949   0.60183410
905.00  -3.08215692   0.60382365
906.00  -3.09748077   0.60581754
907.00  -3.11282103   0.60781579
908.00  -3.12817771   0.60981839
909.00  -3.14355081   0.61182535
910.00  -3.15894033   0.61383668
911.00  -3.17434625   0.61585238
912.00  -3.18976859   0.61787245
913.00  -3.20520733   0.61989690
914.00  -3.22066249   0.62192574
915.00  -3.23613405   0.62395896
916.00  -3.25162201   0.62599658
917.00  -3.26712638   0.62803859
918.00  -3.28264715   0.63008501
919.00  -3.29818431   0.63213583
920.00  -3.31373788   0.63419106
921.00  -3.32930784   0.63625071
922.00  -3.34489419   0.63831478
923.00  -3.36049694   0.64038328
924.00  -3.37611608   0.64245620
925.00  -3.39175161   0.64453356
926.00  -3.40740352   0.64661535
927.00  -3.42307183   0.64870159
928.00  -3.43875651   0.65079227
929.00  -3.45445758   0.65288741
930.00  -3.47017503   0.65498701
931.00  -3.48590886   0.65709106
932.00  -3.50165907   0.65919958
933.00  -3.51742565   0.66131257
934.00  -3.53320861   0.66343004
935.00  -3.54900794   0.66555198
936.00  -3.56482364   0.66767841
937.00  -3.58065571   0.66980933
938.00  -3.59650414   0.67194474
939.00  -3.61236895   0.67408465
940.00  -3.62825011   0.67622905
941.00  -3.64414764   0.67837797
942.00  -3.66006153   0.68053140
943.00  -3.67599178   0.68268934
944.00  -3.69193839   0.68485180
945.00  -3.70790135   0.68701879
946.00  -3.72388066   0.68919031
947.00  -3.73987633   0.69136636
948.00  -3.75588835   0.69354694
949.00  -3.77191672   0.69573207
950.00  -3.78796143   0.69792175
951.00  -3.80402249   0.70011598
952.00  -3.82009989   0.70231477
953.00  -3.83619364   0.70451812
954.00  -3.85230372   0.70672603
955.00  -3.86843014   0.70893851
956.00  -3.88457290   0.71115557
957.00  -3.90073200   0.71337721
958.00  -3.91690743   0.71560343
959.00  -3.93309919   0.71783423
960.00  -3.94930727   0.72006964
961.00  -3.96553169   0.72230963
962.00  -3.98177244   0.72455423
963.00  -3.99802950   0.72680344
964.00  -4.01430289   0.72905725
965.00  -4.03059261   0.73131568
966.00  -4.04689864   0.73357874
967.00  -4.06322099   0.73584641
968.00  -4.07955965   0.73811871
969.00  -4.09591463   0.74039565
970.00  -4.11228592   0.74267723
971.00  -4.12867353   0.74496344
972.00  -4.14507744   0.74725431
973.00  -4.16149766   0.74954982
974.00  -4.17793418   0.75184999
975.00  -4.19438701   0.75415483
976.00  -4.21085614   0.75646432
977.00  -4.22734156   0.75877849
978.00  -4.24384329   0.76109733
979.00  -4.26036132   0.76342084
980.00  -4.27689564   0.76574905
981.00  -4.29344625   0.76808193
982.00  -4.31001315   0.77041951
983.00  -4.32659634   0.77276179
984.00  -4.34319582   0.77510877
985.00  -4.35981159   0.77746045
986.00  -4.37644364   0.77981684
987.00  -4.39309198   0.78217795
988.00  -4.40975659   0.78454378
989.00  -4.42643748   0.78691432
990.00  -4.44313465   0.78928960
991.00  -4.45984810   0.79166961
992.00  -4.47657782   0.79405436
993.00  -4.49332381   0.79644385
994.00  -4.51008607   0.79883808
995.00  -4.52686460   0.80123706
996.00  -4.54365939   0.80364080
997.00  -4.56047045   0.80604930
998.00  -4.57729777   0.80846256
999.00  -4.59414136   0.81088059
1000.00  -4.61100120   0.81330340
1001.00  -4.62787730   0.81573098
1002.00  -4.64476966   0.81816334
1003.00  -4.66167827   0.82060049
1004.00  -4.67860313   0.82304243
1005.00  -4.69554424   0.82548916
1006.00  -4.71250160   0.82794070
1007.00  -4.72947521   0.83039703
1008.00  -4.74646506   0.83285818
1009.00  -4.76347116   0.83532414
1010.00  -4.78049349   0.83779492
1011.00  -4.79753207   0.84027052
1012.00  -4.81458688   0.84275095
1013.00  -4.83165793   0.84523621
1014.00  -4.84874521   0.84772630
1015.00  -4.86584872   0.85022124
1016.00  -4.88296847   0.85272101
1017.00  -4.90010444   0.85522564
1018.00  -4.91725664   0.85773512
1019.00  -4.93442507   0.86024946
1020.00  -4.95160972   0.86276866
1021.00  -4.96881058   0.86529273
1022.00  -4.98602767   0.86782167
1023.00  -5.00326098   0.87035549
1024.00  -5.02051050   0.87289418
1025.00  -5.03777623   0.87543776
1026.00  -5.05505818   0.87798623
1027.00  -5.07235634   0.88053960
1028.00  -5.08967070   0.88309786
1029.00  -5.10700127   0.88566102
1030.00  -5.12434805   0.88822910
1031.00  -5.14171103   0.89080208
1032.00  -5.15909021   0.89337998
1033.00  -5.17648559   0.89596280
1034.00  -5.19389717   0.89855054
1035.00  -5.21132494   0.90114322
1036.00  -5.22876890   0.90374083
1037.00  -5.24622906   0.90634337
1038.00  -5.26370540   0.90895086
1039.00  -5.28119794   0.91156330
1040.00  -5.29870666   0.91418069
1041.00  -5.31623156   0.91680303
1042.00  -5.33377265   0.91943034
1043.00  -5.35132992   0.92206261
1044.00  -5.36890336   0.92469985
1045.00  -5.38649299   0.92734206
1046.00  -5.40409878   0.92998926
1047.00  -5.42172075   0.93264143
1048.00  -5.43935890   0.93529859
1049.00  -5.45701321   0.93796075
1050.00  -5.47468368   0.94062790
1051.00  -5.49237033   0.94330005
1052.00  -5.51007313   0.94597721
1053.00  -5.52779210   0.94865937
1054.00  -5.54552723   0.95134655
1055.00  -5.56327852   0.95403875
1056.00  -5.58104596   0.95673597
1057.00  -5.59882956   0.95943822
1058.00  -5.61662931   0.96214550
1059.00  -5.63444521   0.96485782
1060.00  -5.65227725   0.96757518
1061.00  -5.67012545   0.97029758
1062.00  -5.68798979   0.97302503
1063.00  -5.70587027   0.97575754
1064.00  -5.72376689   0.97849510
1065.00  -5.74167966   0.98123773
1066.00  -5.75960855   0.98398543
1067.00  -5.77755359   0.98673819
1068.00  -5.79551476   0.98949603
1069.00  -5.81349205   0.99225896
1070.00  -5.83148548   0.99502697
1071.00  -5.84949504   0.99780006
1072.00  -5.86752072   1.00057825
1073.00  -5.88556253   1.00336154
1074.00  -5.90362045   1.00614994
1075.00  -5.92169450   1.00894344
1076.00  -5.93978466   1.01174205
1077.00  -5.95789094   1.01454577
1078.00  -5.97601334   1.01735462
1079.00  -5.99415185   1.02016859
1080.00  -6.01230646   1.02298770
1081.00  -6.03047719   1.02581193
1082.00  -6.04866402   1.02864130
1083.00  -6.06686696   1.03147582
1084.00  -6.08508600   1.03431548
1085.00  -6.10332114   1.03716030
1086.00  -6.12157238   1.04001027
1087.00  -6.13983971   1.04286540
1088.00  -6.15812314   1.04572569
1089.00  -6.17642267   1.04859115
1090.00  -6.19473828   1.05146179
1091.00  -6.21306998   1.05433761
1092.00  -6.23141777   1.05721860
1093.00  -6.24978165   1.06010479
1094.00  -6.26816161   1.06299616
1095.00  -6.28655765   1.06589273
1096.00  -6.30496977   1.06879450
1097.00  -6.32339796   1.07170147
1098.00  -6.34184223   1.07461366
1099.00  -6.36030258   1.07753105
1100.00  -6.37877899   1.08045367
1101.00  -6.39727148   1.08338150
1102.00  -6.41578003   1.08631456
1103.00  -6.43430465   1.08925285
1104.00  -6.45284534   1.09219638
1105.00  -6.47140208   1.09514515
1106.00  -6.48997488   1.09809916
1107.00  -6.50856374   1.10105842
1108.00  -6.52716866   1.10402293
1109.00  -6.54578963   1.10699270
1110.00  -6.56442666   1.10996773
1111.00  -6.58307973   1.11294802
1112.00  -6.60174885   1.11593359
1113.00  -6.62043402   1.11892443
1114.00  -6.63913523   1.12192055
1115.00  -6.65785248   1.12492195
1116.00  -6.67658577   1.12792864
1117.00  -6.69533510   1.13094062
1118.00  -6.71410046   1.13395790
1119.00  -6.73288186   1.13698048
1120.00  -6.75167930   1.14000837
1121.00  -6.77049276   1.14304156
1122.00  -6.78932225   1.14608007
1123.00  -6.80816776   1.14912390
1124.00  -6.82702930   1.15217305
1125.00  -6.84590686   1.15522753
1126.00  -6.86480045   1.15828734
1127.00  -6.88371005   1.16135248
1128.00  -6.90263566   1.16442297
1129.00  -6.92157729   1.16749880
1130.00  -6.94053493   1.17057998
1131.00  -6.95950858   1.17366651
1132.00  -6.97849824   1.17675840
1133.00  -6.99750391   1.17985565
1134.00  -7.01652558   1.18295827
1135.00  -7.03556325   1.18606626
1136.00  -7.05461692   1.18917963
1137.00  -7.07368659   1.19229837
1138.00  -7.09277226   1.19542250
1139.00  -7.11187391   1.19855202
1140.00  -7.13099157   1.20168693
1141.00  -7.15012521   1.20482724
1142.00  -7.16927484   1.20797295
1143.00  -7.18844045   1.21112406
1144.00  -7.20762205   1.21428059
1145.00  -7.22681963   1.21744253
1146.00  -7.24603319   1.22060989
1147.00  -7.26526272   1.22378267
1148.00  -7.28450824   1.22696088
1149.00  -7.30376972   1.23014452
1150.00  -7.32304718   1.23333360
1151.00  -7.34234061   1.23652812
1152.00  -7.36165000   1.23972808
1153.00  -7.38097536   1.24293350
1154.00  -7.40031669   1.24614436
1155.00  -7.41967397   1.24936069
1156.00  -7.43904722   1.25258248
1157.00  -7.45843642   1.25580973
1158.00  -7.47784158   1.25904246
1159.00  -7.49726269   1.26228066
1160.00  -7.51669975   1.26552434
1161.00  -7.53615276   1.26877351
1162.00  -7.55562172   1.27202816
1163.00  -7.57510662   1.27528831
1164.00  -7.59460746   1.27855395
1165.00  -7.61412425   1.28182510
1166.00  -7.63365697   1.28510175
1167.00  -7.65320564   1.28838391
1168.00  -7.67277023   1.29167159
1169.00  -7.69235076   1.29496479
1170.00  -7.71194722   1.29826350
1171.00  -7.73155961   1.30156775
1172.00  -7.75118792   1.30487753
1173.00  -7.77083216   1.30819284
1174.00  -7.79049232   1.31151370
1175.00  -7.81016840   1.31484010
1176.00  -7.82986040   1.31817205
1177.00  -7.84956832   1.32150955
1178.00  -7.86929215   1.32485262
1179.00  -7.88903189   1.32820124
1180.00  -7.90878754   1.33155543
1181.00  -7.92855910   1.33491519
1182.00  -7.94834656   1.33828053
1183.00  -7.96814993   1.34165144
1184.00  -7.98796920   1.34502794
1185.00  -8.00780436   1.34841003
1186.00  -8.02765543   1.35179771
1187.00  -8.04752239   1.35519099
1188.00  -8.06740524   1.35858987
1189.00  -8.08730399   1.36199435
1190.00  -8.10721862   1.36540445
1191.00  -8.12714914   1.36882016
1192.00  -8.14709555   1.37224148
1193.00  -8.16705783   1.37566843
1194.00  -8.18703600   1.37910101
1195.00  -8.20703005   1.38253922
1196.00  -8.22703997   1.38598306
1197.00  -8.24706577   1.38943254
1198.00  -8.26710744   1.39288767
1199.00  -8.28716497   1.39634845
1200.00  -8.30723838   1.39981488
1201.00  -8.32732765   1.40328697
1202.00  -8.34743279   1.40676471
1203.00  -8.36755379   1.41024813
1204.00  -8.38769064   1.41373721
1205.00  -8.40784336   1.41723197
1206.00  -8.42801192   1.42073241
1207.00  -8.44819635   1.42423853
1208.00  -8.46839662   1.42775034
1209.00  -8.48861274   1.43126784
1210.00  -8.50884471   1.43479103
1211.00  -8.52909252   1.43831993
1212.00  -8.54935617   1.44185453
1213.00  -8.56963567   1.44539484
1214.00  -8.58993100   1.44894086
1215.00  -8.61024217   1.45249260
1216.00  -8.63056917   1.45605006
1217.00  -8.65091201   1.45961325
1218.00  -8.67127067   1.46318217
1219.00  -8.69164516   1.46675682
1220.00  -8.71203548   1.47033721
1221.00  -8.73244162   1.47392334
1222.00  -8.75286358   1.47751523
1223.00  -8.77330135   1.48111286
1224.00  -8.79375495   1.48471625
1225.00  -8.81422436   1.48832540
1226.00  -8.83470958   1.49194031
1227.00  -8.85521061   1.49556100
1228.00  -8.87572745   1.49918745
1229.00  -8.89626010   1.50281969
1230.00  -8.91680855   1.50645770
1231.00  -8.93737280   1.51010150
1232.00  -8.95795285   1.51375110
1233.00  -8.97854870   1.51740648
1234.00  -8.99916034   1.52106767
1235.00  -9.01978778   1.52473466
1236.00  -9.04043101   1.52840745
1237.00  -9.06109002   1.53208606
1238.00  -9.08176482   1.53577048
1239.00  -9.10245541   1.53946072
1240.00  -9.12316178   1.54315679
1241.00  -9.14388392   1.54685869
1242.00  -9.16462185   1.55056642
1243.00  -9.18537555   1.55427998
1244.00  -9.20614502   1.55799939
1245.00  -9.22693027   1.56172464
1246.00  -9.24773128   1.56545575
1247.00  -9.26854806   1.56919271
1248.00  -9.28938061   1.57293552
1249.00  -9.31022892   1.57668420
1250.00  -9.33109298   1.58043875
1251.00  -9.35197281   1.58419916
1252.00  -9.37286839   1.58796546
1253.00  -9.39377973   1.59173763
1254.00  -9.41470681   1.59551569
1255.00  -9.43564965   1.59929963
1256.00  -9.45660823   1.60308947
1257.00  -9.47758256   1.60688520
1258.00  -9.49857263   1.61068684
1259.00  -9.51957844   1.61449438
1260.00  -9.54059999   1.61830783
1261.00  -9.56163728   1.62212719
1262.00  -9.58269030   1.62595247
1263.00  -9.60375905   1.62978368
1264.00  -9.62484353   1.63362081
1265.00  -9.64594373   1.63746387
1266.00  -9.66705966   1.64131287
1267.00  -9.68819132   1.64516780
1268.00  -9.70933869   1.64902868
1269.00  -9.73050179   1.65289551
1270.00  -9.75168060   1.65676829
1271.00  -9.77287512   1.66064702
1272.00  -9.79408536   1.66453172
1273.00  -9.81531130   1.66842238
1274.00  -9.83655295   1.67231901
1275.00  -9.85781031   1.67622161
1276.00  -9.87908337   1.68013019
1277.00  -9.90037213   1.68404475
1278.00  -9.92167659   1.68796530
1279.00  -9.94299674   1.69189184
1280.00  -9.96433259   1.69582437
1281.00  -9.98568413   1.69976290
1282.00 -10.00705136   1.70370743
1283.00 -10.02843427   1.70765797
1284.00 -10.04983288   1.71161452
1285.00 -10.07124716   1.71557709
1286.00 -10.09267712   1.71954567
1287.00 -10.11412277   1.72352028
1288.00 -10.13558408   1.72750092
1289.00 -10.15706108   1.73148759
1290.00 -10.17855374   1.73548030
1291.00 -10.20006207   1.73947904
1292.00 -10.22158607   1.74348383
1293.00 -10.24312573   1.74749467
1294.00 -10.26468106   1.75151157
1295.00 -10.28625205   1.75553452
1296.00 -10.30783869   1.75956353
1297.00 -10.32944099   1.76359861
1298.00 -10.35105894   1.76763976
1299.00 -10.37269255   1.77168699
1300.00 -10.39434180   1.77574029
1301.00 -10.41600670   1.77979968
1302.00 -10.43768724   1.78386515
1303.00 -10.45938343   1.78793671
1304.00 -10.48109526   1.79201437
1305.00 -10.50282272   1.79609813
1306.00 -10.52456582   1.80018799
1307.00 -10.54632455   1.80428396
1308.00 -10.56809891   1.80838604
1309.00 -10.58988890   1.81249424
1310.00 -10.61169452   1.81660856
1311.00 -10.63351576   1.82072901
1312.00 -10.65535262   1.82485558
1313.00 -10.67720510   1.82898829
1314.00 -10.69907320   1.83312713
1315.00 -10.72095691   1.83727212
1316.00 -10.74285623   1.84142325
1317.00 -10.76477117   1.84558053
1318.00 -10.78670171   1.84974396
1319.00 -10.80864786   1.85391356
1320.00 -10.83060961   1.85808931
1321.00 -10.85258697   1.86227123
1322.00 -10.87457992   1.86645933
1323.00 -10.89658846   1.87065360
1324.00 -10.91861261   1.87485404
1325.00 -10.94065234   1.87906067
1326.00 -10.96270766   1.88327349
1327.00 -10.98477857   1.88749250
1328.00 -11.00686507   1.89171771
1329.00 -11.02896714   1.89594911
1330.00 -11.05108480   1.90018672
1331.00 -11.07321804   1.90443054
1332.00 -11.09536685   1.90868057
1333.00 -11.11753123   1.91293682
1334.00 -11.13971119   1.91719929
1335.00 -11.16190671   1.92146799
1336.00 -11.18411780   1.92574291
1337.00 -11.20634446   1.93002407
1338.00 -11.22858667   1.93431146
1339.00 -11.25084445   1.93860510
1340.00 -11.27311778   1.94290498
1341.00 -11.29540667   1.94721111
1342.00 -11.31771111   1.95152350
1343.00 -11.34003110   1.95584214
1344.00 -11.36236664   1.96016705
1345.00 -11.38471772   1.96449822
1346.00 -11.40708434   1.96883567
1347.00 -11.42946651   1.97317939
1348.00 -11.45186422   1.97752939
1349.00 -11.47427746   1.98188567
1350.00 -11.49670623   1.98624824
1351.00 -11.51915054   1.99061710
1352.00 -11.54161037   1.99499226
1353.00 -11.56408574   1.99937372
1354.00 -11.58657662   2.00376148
1355.00 -11.60908303   2.00815555
1356.00 -11.63160496   2.01255593
1357.00 -11.65414241   2.01696263
1358.00 -11.67669537   2.02137565
1359.00 -11.69926384   2.02579500
1360.00 -11.72184782   2.03022067
1361.00 -11.74444732   2.03465268
1362.00 -11.76706231   2.03909102
1363.00 -11.78969281   2.04353571
1364.00 -11.81233882   2.04798674
1365.00 -11.83500032   2.05244412
1366.00 -11.85767731   2.05690785
1367.00 -11.88036980   2.06137794
1368.00 -11.90307778   2.06585440
1369.00 -11.92580125   2.07033722
1370.00 -11.94854021   2.07482641
1371.00 -11.97129465   2.07932197
1372.00 -11.99406458   2.08382392
1373.00 -12.01684998   2.08833224
1374.00 -12.03965086   2.09284696
1375.00 -12.06246722   2.09736806
1376.00 -12.08529904   2.10189556
1377.00 -12.10814634   2.10642946
1378.00 -12.13100911   2.11096976
1379.00 -12.15388734   2.11551647
1380.00 -12.17678103   2.12006959
1381.00 -12.19969019   2.12462913
1382.00 -12.22261480   2.12919508
1383.00 -12.24555487   2.13376746
1384.00 -12.26851039   2.13834627
1385.00 -12.29148136   2.14293151
1386.00 -12.31446778   2.14752319
1387.00 -12.33746965   2.15212131
1388.00 -12.36048696   2.15672587
1389.00 -12.38351972   2.16133688
1390.00 -12.40656791   2.16595434
1391.00 -12.42963154   2.17057826
1392.00 -12.45271060   2.17520864
1393.00 -12.47580510   2.17984549
1394.00 -12.49891502   2.18448880
1395.00 -12.52204037   2.18913859
1396.00 -12.54518115   2.19379486
1397.00 -12.56833735   2.19845760
1398.00 -12.59150897   2.20312684
1399.00 -12.61469601   2.20780256
1400.00 -12.63789846   2.21248477
1401.00 -12.66111632   2.21717349
1402.00 -12.68434960   2.22186870
1403.00 -12.70759828   2.22657042
1404.00 -12.73086237   2.23127866
1405.00 -12.75414186   2.23599340
1406.00 -12.77743675   2.24071467
1407.00 -12.80074704   2.24544245
1408.00 -12.82407272   2.25017677
1409.00 -12.84741380   2.25491761
1410.00 -12.87077027   2.25966499
1411.00 -12.89414213   2.26441890
1412.00 -12.91752937   2.26917936
1413.00 -12.94093200   2.27394637
1414.00 -12.96435001   2.27871993
1415.00 -12.98778340   2.28350004
1416.00 -13.01123216   2.28828671
1417.00 -13.03469630   2.29307995
1418.00 -13.05817581   2.29787975
1419.00 -13.08167069   2.30268612
1420.00 -13.10518093   2.30749907
1421.00 -13.12870654   2.31231860
1422.00 -13.15224751   2.31714471
1423.00 -13.17580384   2.32197741
1424.00 -13.19937553   2.32681671
1425.00 -13.22296257   2.33166259
1426.00 -13.24656496   2.33651508
1427.00 -13.27018270   2.34137417
1428.00 -13.29381579   2.34623987
1429.00 -13.31746423   2.35111218
1430.00 -13.34112801   2.35599111
1431.00 -13.36480712   2.36087666
1432.00 -13.38850158   2.36576883
1433.00 -13.41221136   2.37066763
1434.00 -13.43593649   2.37557306
1435.00 -13.45967694   2.38048513
1436.00 -13.48343271   2.38540384
1437.00 -13.50720382   2.39032920
1438.00 -13.53099024   2.39526120
1439.00 -13.55479199   2.40019986
1440.00 -13.57860905   2.40514517
1441.00 -13.60244143   2.41009714
1442.00 -13.62628912   2.41505578
1443.00 -13.65015212   2.42002109
1444.00 -13.67403043   2.42499307
1445.00 -13.69792404   2.42997172
1446.00 -13.72183296   2.43495706
1447.00 -13.74575718   2.43994908
1448.00 -13.76969669   2.44494779
1449.00 -13.79365150   2.44995320
1450.00 -13.81762161   2.45496530
1451.00 -13.84160700   2.45998411
1452.00 -13.86560768   2.46500961
1453.00 -13.88962365   2.47004183
1454.00 -13.91365490   2.47508076
1455.00 -13.93770143   2.48012641
1456.00 -13.96176324   2.48517878
1457.00 -13.98584032   2.49023788
1458.00 -14.00993268   2.49530370
1459.00 -14.03404030   2.50037626
1460.00 -14.05816320   2.50545556
1461.00 -14.08230136   2.51054160
1462.00 -14.10645478   2.51563438
1463.00 -14.13062346   2.52073391
1464.00 -14.15480741   2.52584020
1465.00 -14.17900660   2.53095324
1466.00 -14.20322105   2.53607305
1467.00 -14.22745075   2.54119962
1468.00 -14.25169570   2.54633296
1469.00 -14.27595590   2.55147308
1470.00 -14.30023134   2.55661997
1471.00 -14.32452201   2.56177364
1472.00 -14.34882793   2.56693410
1473.00 -14.37314908   2.57210135
1474.00 -14.39748546   2.57727540
1475.00 -14.42183708   2.58245624
1476.00 -14.44620392   2.58764388
1477.00 -14.47058599   2.59283833
1478.00 -14.49498328   2.59803959
1479.00 -14.51939579   2.60324767
1480.00 -14.54382352   2.60846256
1481.00 -14.56826647   2.61368427
1482.00 -14.59272462   2.61891281
1483.00 -14.61719799   2.62414818
1484.00 -14.64168656   2.62939038
1485.00 -14.66619035   2.63463942
1486.00 -14.69070933   2.63989531
1487.00 -14.71524351   2.64515803
1488.00 -14.73979289   2.65042761
1489.00 -14.76435747   2.65570405
1490.00 -14.78893724   2.66098734
1491.00 -14.81353220   2.66627749
1492.00 -14.83814234   2.67157451
1493.00 -14.86276767   2.67687840
1494.00 -14.88740819   2.68218916
1495.00 -14.91206388   2.68750680
1496.00 -14.93673475   2.69283132
1497.00 -14.96142080   2.69816273
1498.00 -14.98612201   2.70350102
1499.00 -15.01083840   2.70884621
1500.00 -15.03556996   2.71419830
1501.00 -15.06031668   2.71955729
1502.00 -15.08507856   2.72492319
1503.00 -15.10985560   2.73029600
1504.00 -15.13464779   2.73567572
1505.00 -15.15945515   2.74106235
1506.00 -15.18427765   2.74645591
1507.00 -15.20911530   2.75185640
1508.00 -15.23396810   2.75726381
1509.00 -15.25883605   2.76267816
1510.00 -15.28371913   2.76809945
1511.00 -15.30861736   2.77352767
1512.00 -15.33353072   2.77896285
1513.00 -15.35845922   2.78440497
1514.00 -15.38340284   2.78985404
1515.00 -15.40836160   2.79531008
1516.00 -15.43333548   2.80077307
1517.00 -15.45832448   2.80624303
1518.00 -15.48332861   2.81171996
1519.00 -15.50834786   2.81720386
1520.00 -15.53338222   2.82269474
1521.00 -15.55843169   2.82819260
1522.00 -15.58349628   2.83369745
1523.00 -15.60857597   2.83920928
1524.00 -15.63367077   2.84472811
1525.00 -15.65878067   2.85025394
1526.00 -15.68390567   2.85578676
1527.00 -15.70904577   2.86132659
1528.00 -15.73420097   2.86687343
1529.00 -15.75937125   2.87242728
1530.00 -15.78455663   2.87798815
1531.00 -15.80975710   2.88355604
1532.00 -15.83497265   2.88913096
1533.00 -15.86020328   2.89471290
1534.00 -15.88544899   2.90030188
1535.00 -15.91070978   2.90589789
1536.00 -15.93598565   2.91150094
1537.00 -15.96127658   2.91711104
1538.00 -15.98658259   2.92272818
1539.00 -16.01190366   2.92835238
1540.00 -16.03723980   2.93398363
1541.00 -16.06259100   2.93962195
1542.00 -16.08795725   2.94526733
1543.00 -16.11333857   2.95091977
1544.00 -16.13873494   2.95657929
1545.00 -16.16414635   2.96224588
1546.00 -16.18957282   2.96791956
1547.00 -16.21501433   2.97360031
1548.00 -16.24047089   2.97928816
1549.00 -16.26594249   2.98498309
1550.00 -16.29142912   2.99068513
1551.00 -16.31693079   2.99639426
1552.00 -16.34244749   3.00211049
1553.00 -16.36797923   3.00783383
1554.00 -16.39352599   3.01356429
1555.00 -16.41908777   3.01930185
1556.00 -16.44466458   3.02504654
1557.00 -16.47025641   3.03079835
1558.00 -16.49586326   3.03655729
1559.00 -16.52148512   3.04232335
1560.00 -16.54712199   3.04809656
1561.00 -16.57277387   3.05387690
1562.00 -16.59844076   3.05966438
1563.00 -16.62412265   3.06545901
1564.00 -16.64981954   3.07126079
1565.00 -16.67553143   3.07706972
1566.00 -16.70125832   3.08288581
1567.00 -16.72700020   3.08870907
1568.00 -16.75275707   3.09453949
1569.00 -16.77852893   3.10037708
1570.00 -16.80431578   3.10622184
1571.00 -16.83011760   3.11207378
1572.00 -16.85593441   3.11793290
1573.00 -16.88176620   3.12379921
1574.00 -16.90761296   3.12967271
1575.00 -16.93347469   3.13555340
1576.00 -16.95935140   3.14144129
1577.00 -16.98524307   3.14733638
1578.00 -17.01114970   3.15323867
1579.00 -17.03707130   3.15914817
1580.00 -17.06300785   3.16506489
1581.00 -17.08895936   3.17098882
1582.00 -17.11492583   3.17691997
1583.00 -17.14090724   3.18285835
1584.00 -17.16690361   3.18880395
1585.00 -17.19291492   3.19475679
1586.00 -17.21894117   3.20071686
1587.00 -17.24498237   3.20668417
1588.00 -17.27103850   3.21265873
1589.00 -17.29710956   3.21864053
1590.00 -17.32319556   3.22462958
1591.00 -17.34929649   3.23062589
1592.00 -17.37541235   3.23662946
1593.00 -17.40154313   3.24264030
1594.00 -17.42768883   3.24865840
1595.00 -17.45384945   3.25468377
1596.00 -17.48002499   3.26071641
1597.00 -17.50621544   3.26675634
1598.00 -17.53242080   3.27280354
1599.00 -17.55864107   3.27885803
1600.00 -17.58487625   3.28491982
1601.00 -17.61112633   3.29098889
1602.00 -17.63739131   3.29706527
1603.00 -17.66367119   3.30314894
1604.00 -17.68996596   3.30923993
1605.00 -17.71627562   3.31533822
1606.00 -17.74260018   3.32144382
1607.00 -17.76893962   3.32755674
1608.00 -17.79529394   3.33367699
1609.00 -17.82166315   3.33980455
1610.00 -17.84804724   3.34593945
1611.00 -17.87444620   3.35208168
1612.00 -17.90086003   3.35823124
1613.00 -17.92728874   3.36438815
1614.00 -17.95373231   3.37055240
1615.00 -17.98019075   3.37672400
1616.00 -18.00666406   3.38290295
1617.00 -18.03315222   3.38908925
1618.00 -18.05965524   3.39528292
1619.00 -18.08617311   3.40148395
1620.00 -18.11270584   3.40769234
1621.00 -18.13925341   3.41390811
1622.00 -18.16581583   3.42013125
1623.00 -18.19239310   3.42636177
1624.00 -18.21898520   3.43259967
1625.00 -18.24559215   3.43884496
1626.00 -18.27221393   3.44509764
1627.00 -18.29885054   3.45135771
1628.00 -18.32550198   3.45762519
1629.00 -18.35216825   3.46390006
1630.00 -18.37884935   3.47018234
1631.00 -18.40554526   3.47647202
1632.00 -18.43225600   3.48276913
1633.00 -18.45898155   3.48907364
1634.00 -18.48572192   3.49538558
1635.00 -18.51247709   3.50170495
1636.00 -18.53924708   3.50803174
1637.00 -18.56603187   3.51436596
1638.00 -18.59283147   3.52070762
1639.00 -18.61964586   3.52705672
1640.00 -18.64647505   3.53341327
1641.00 -18.67331904   3.53977726
1642.00 -18.70017782   3.54614870
1643.00 -18.72705139   3.55252760
1644.00 -18.75393974   3.55891395
1645.00 -18.78084288   3.56530777
1646.00 -18.80776080   3.57170906
1647.00 -18.83469349   3.57811782
1648.00 -18.86164097   3.58453405
1649.00 -18.88860321   3.59095776
1650.00 -18.91558023   3.59738895
1651.00 -18.94257201   3.60382762
1652.00 -18.96957856   3.61027379
1653.00 -18.99659987   3.61672745
1654.00 -19.02363594   3.62318860
1655.00 -19.05068677   3.62965726
1656.00 -19.07775234   3.63613342
1657.00 -19.10483267   3.64261709
1658.00 -19.13192775   3.64910827
1659.00 -19.15903757   3.65560697
1660.00 -19.18616214   3.66211319
1661.00 -19.21330145   3.66862693
1662.00 -19.24045549   3.67514820
1663.00 -19.26762426   3.68167700
1664.00 -19.29480777   3.68821333
1665.00 -19.32200601   3.69475721
1666.00 -19.34921897   3.70130862
1667.00 -19.37644666   3.70786758
1668.00 -19.40368907   3.71443410
1669.00 -19.43094619   3.72100816
1670.00 -19.45821803   3.72758978
1671.00 -19.48550458   3.73417897
1672.00 -19.51280584   3.74077572
1673.00 -19.54012181   3.74738004
1674.00 -19.56745248   3.75399193
1675.00 -19.59479786   3.76061140
1676.00 -19.62215793   3.76723845
1677.00 -19.64953269   3.77387308
1678.00 -19.67692215   3.78051530
1679.00 -19.70432630   3.78716511
1680.00 -19.73174514   3.79382252
1681.00 -19.75917866   3.80048752
1682.00 -19.78662686   3.80716013
1683.00 -19.81408974   3.81384035
1684.00 -19.84156730   3.82052817
1685.00 -19.86905953   3.82722361
1686.00 -19.89656643   3.83392667
1687.00 -19.92408800   3.84063735
1688.00 -19.95162424   3.84735565
1689.00 -19.97917513   3.85408159
1690.00 -20.00674069   3.86081515
1691.00 -20.03432090   3.86755636
1692.00 -20.06191576   3.87430520
1693.00 -20.08952528   3.88106169
1694.00 -20.11714944   3.88782582
1695.00 -20.14478825   3.89459761
1696.00 -20.17244171   3.90137705
1697.00 -20.20010980   3.90816416
1698.00 -20.22779253   3.91495892
1699.00 -20.25548989   3.92176135
1700.00 -20.28320189   3.92857145
1701.00 -20.31092851   3.93538923
1702.00 -20.33866976   3.94221468
1703.00 -20.36642563   3.94904782
1704.00 -20.39419612   3.95588864
1705.00 -20.42198123   3.96273715
1706.00 -20.44978095   3.96959335
1707.00 -20.47759529   3.97645725
1708.00 -20.50542423   3.98332885
1709.00 -20.53326778   3.99020815
1710.00 -20.56112594   3.99709516
1711.00 -20.58899869   4.00398988
1712.00 -20.61688604   4.01089232
1713.00 -20.64478799   4.01780247
1714.00 -20.67270452   4.02472035
1715.00 -20.70063565   4.03164596
1716.00 -20.72858136   4.03857929
1717.00 -20.75654166   4.04552036
1718.00 -20.78451654   4.05246917
1719.00 -20.81250599   4.05942571
1720.00 -20.84051002   4.06639000
1721.00 -20.86852863   4.07336204
1722.00 -20.89656180   4.08034184
1723.00 -20.92460953   4.08732938
1724.00 -20.95267184   4.09432469
1725.00 -20.98074870   4.10132776
1726.00 -21.00884012   4.10833860
1727.00 -21.03694609   4.11535721
1728.00 -21.06506662   4.12238360
1729.00 -21.09320170   4.12941776
1730.00 -21.12135132   4.13645970
1731.00 -21.14951549   4.14350943
1732.00 -21.17769420   4.15056695
1733.00 -21.20588744   4.15763226
1734.00 -21.23409523   4.16470537
1735.00 -21.26231754   4.17178628
1736.00 -21.29055438   4.17887500
1737.00 -21.31880575   4.18597152
1738.00 -21.34707165   4.19307585
1739.00 -21.37535206   4.20018800
1740.00 -21.40364700   4.20730796
1741.00 -21.43195644   4.21443575
1742.00 -21.46028041   4.22157137
1743.00 -21.48861888   4.22871481
1744.00 -21.51697185   4.23586609
1745.00 -21.54533933   4.24302521
1746.00 -21.57372132   4.25019217
1747.00 -21.60211780   4.25736697
1748.00 -21.63052877   4.26454962
1749.00 -21.65895424   4.27174012
1750.00 -21.68739420   4.27893848
1751.00 -21.71584864   4.28614470
1752.00 -21.74431757   4.29335878
1753.00 -21.77280097   4.30058072
1754.00 -21.80129886   4.30781054
1755.00 -21.82981122   4.31504823
1756.00 -21.85833806   4.32229380
1757.00 -21.88687936   4.32954725
1758.00 -21.91543513   4.33680859
1759.00 -21.94400536   4.34407781
1760.00 -21.97259006   4.35135493
1761.00 -22.00118921   4.35863994
1762.00 -22.02980282   4.36593285
1763.00 -22.05843088   4.37323367
1764.00 -22.08707338   4.38054239
1765.00 -22.11573034   4.38785902
1766.00 -22.14440174   4.39518357
1767.00 -22.17308758   4.40251604
1768.00 -22.20178785   4.40985643
1769.00 -22.23050257   4.41720474
1770.00 -22.25923171   4.42456098
1771.00 -22.28797528   4.43192515
1772.00 -22.31673328   4.43929726
1773.00 -22.34550570   4.44667731
1774.00 -22.37429255   4.45406531
1775.00 -22.40309381   4.46146125
1776.00 -22.43190948   4.46886514
1777.00 -22.46073957   4.47627698
1778.00 -22.48958406   4.48369679
1779.00 -22.51844296   4.49112455
1780.00 -22.54731627   4.49856029
1781.00 -22.57620397   4.50600399
1782.00 -22.60510607   4.51345566
1783.00 -22.63402257   4.52091531
1784.00 -22.66295345   4.52838294
1785.00 -22.69189873   4.53585855
1786.00 -22.72085839   4.54334215
1787.00 -22.74983243   4.55083374
1788.00 -22.77882086   4.55833332
1789.00 -22.80782366   4.56584090
1790.00 -22.83684083   4.57335649
1791.00 -22.86587238   4.58088008
1792.00 -22.89491829   4.58841168
1793.00 -22.92397857   4.59595129
1794.00 -22.95305321   4.60349891
1795.00 -22.98214221   4.61105456
1796.00 -23.01124557   4.61861823
1797.00 -23.04036328   4.62618993
1798.00 -23.06949534   4.63376965
1799.00 -23.09864174   4.64135742
1800.00 -23.12780250   4.64895321
1801.00 -23.15697759   4.65655706
1802.00 -23.18616703   4.66416894
1803.00 -23.21537080   4.67178888
1804.00 -23.24458890   4.67941686
1805.00 -23.27382133   4.68705290
1806.00 -23.30306809   4.69469701
1807.00 -23.33232917   4.70234917
1808.00 -23.36160458   4.71000940
1809.00 -23.39089430   4.71767770
1810.00 -23.42019834   4.72535408
1811.00 -23.44951669   4.73303853
1812.00 -23.47884935   4.74073107
1813.00 -23.50819632   4.74843169
1814.00 -23.53755759   4.75614039
1815.00 -23.56693317   4.76385719
1816.00 -23.59632304   4.77158209
1817.00 -23.62572720   4.77931508
1818.00 -23.65514566   4.78705617
1819.00 -23.68457840   4.79480538
1820.00 -23.71402543   4.80256269
1821.00 -23.74348675   4.81032811
1822.00 -23.77296234   4.81810165
1823.00 -23.80245222   4.82588332
1824.00 -23.83195636   4.83367310
1825.00 -23.86147478   4.84147101
1826.00 -23.89100746   4.84927706
1827.00 -23.92055442   4.85709124
1828.00 -23.95011563   4.86491356
1829.00 -23.97969110   4.87274402
1830.00 -24.00928083   4.88058262
1831.00 -24.03888481   4.88842938
1832.00 -24.06850305   4.89628428
1833.00 -24.09813553   4.90414735
1834.00 -24.12778225   4.91201857
1835.00 -24.15744322   4.91989796
1836.00 -24.18711843   4.92778551
1837.00 -24.21680787   4.93568123
1838.00 -24.24651154   4.94358513
1839.00 -24.27622945   4.95149721
1840.00 -24.30596158   4.95941746
1841.00 -24.33570793   4.96734590
1842.00 -24.36546851   4.97528253
1843.00 -24.39524330   4.98322735
1844.00 -24.42503231   4.99118037
1845.00 -24.45483553   4.99914158
1846.00 -24.48465296   5.00711100
1847.00 -24.51448460   5.01508863
1848.00 -24.54433044   5.02307446
1849.00 -24.57419047   5.03106850
1850.00 -24.60406471   5.03907077
1851.00 -24.63395314   5.04708125
1852.00 -24.66385576   5.05509996
1853.00 -24.69377257   5.06312689
1854.00 -24.72370356   5.07116206
1855.00 -24.75364874   5.07920545
1856.00 -24.78360810   5.08725709
1857.00 -24.81358163   5.09531697
1858.00 -24.84356933   5.10338509
1859.00 -24.87357121   5.11146146
1860.00 -24.90358725   5.11954609
1861.00 -24.93361745   5.12763897
1862.00 -24.96366182   5.13574010
1863.00 -24.99372035   5.14384950
1864.00 -25.02379303   5.15196717
1865.00 -25.05387986   5.16009311
1866.00 -25.08398084   5.16822732
1867.00 -25.11409597   5.17636980
1868.00 -25.14422524   5.18452057
1869.00 -25.17436866   5.19267962
1870.00 -25.20452621   5.20084696
1871.00 -25.23469789   5.20902258
1872.00 -25.26488370   5.21720651
1873.00 -25.29508365   5.22539873
1874.00 -25.32529772   5.23359925
1875.00 -25.35552591   5.24180807
1876.00 -25.38576821   5.25002521
1877.00 -25.41602464   5.25825065
1878.00 -25.44629518   5.26648441
1879.00 -25.47657983   5.27472649
1880.00 -25.50687858   5.28297690
1881.00 -25.53719144   5.29123563
1882.00 -25.56751840   5.29950268
1883.00 -25.59785946   5.30777807
1884.00 -25.62821462   5.31606180
1885.00 -25.65858386   5.32435387
1886.00 -25.68896720   5.33265428
1887.00 -25.71936462   5.34096303
1888.00 -25.74977613   5.34928014
1889.00 -25.78020171   5.35760560
1890.00 -25.81064137   5.36593942
1891.00 -25.84109511   5.37428160
1892.00 -25.87156291   5.38263214
1893.00 -25.90204478   5.39099105
1894.00 -25.93254072   5.39935833
1895.00 -25.96305072   5.40773399
1896.00 -25.99357478   5.41611802
1897.00 -26.02411290   5.42451044
1898.00 -26.05466506   5.43291124
1899.00 -26.08523128   5.44132043
1900.00 -26.11581155   5.44973801
1901.00 -26.14640585   5.45816399
1902.00 -26.17701420   5.46659837
1903.00 -26.20763659   5.47504115
1904.00 -26.23827300   5.48349233
1905.00 -26.26892346   5.49195193
1906.00 -26.29958794   5.50041993
1907.00 -26.33026644   5.50889636
1908.00 -26.36095897   5.51738120
1909.00 -26.39166551   5.52587447
1910.00 -26.42238608   5.53437616
1911.00 -26.45312065   5.54288629
1912.00 -26.48386924   5.55140484
1913.00 -26.51463183   5.55993184
1914.00 -26.54540843   5.56846728
1915.00 -26.57619902   5.57701116
1916.00 -26.60700362   5.58556348
1917.00 -26.63782221   5.59412426
1918.00 -26.66865479   5.60269349
1919.00 -26.69950136   5.61127118
1920.00 -26.73036192   5.61985734
1921.00 -26.76123646   5.62845195
1922.00 -26.79212498   5.63705504
1923.00 -26.82302747   5.64566659
1924.00 -26.85394394   5.65428663
1925.00 -26.88487438   5.66291514
1926.00 -26.91581878   5.67155213
1927.00 -26.94677716   5.68019761
1928.00 -26.97774949   5.68885157
1929.00 -27.00873578   5.69751403
1930.00 -27.03973602   5.70618499
1931.00 -27.07075022   5.71486444
1932.00 -27.10177836   5.72355240
1933.00 -27.13282045   5.73224886
1934.00 -27.16387649   5.74095383
1935.00 -27.19494646   5.74966732
1936.00 -27.22603037   5.75838932
1937.00 -27.25712822   5.76711984
1938.00 -27.28823999   5.77585888
1939.00 -27.31936569   5.78460645
1940.00 -27.35050532   5.79336256
1941.00 -27.38165886   5.80212719
1942.00 -27.41282633   5.81090036
1943.00 -27.44400771   5.81968207
1944.00 -27.47520300   5.82847233
1945.00 -27.50641220   5.83727113
1946.00 -27.53763531   5.84607848
1947.00 -27.56887232   5.85489439
1948.00 -27.60012323   5.86371885
1949.00 -27.63138803   5.87255188
1950.00 -27.66266673   5.88139347
1951.00 -27.69395932   5.89024362
1952.00 -27.72526580   5.89910235
1953.00 -27.75658616   5.90796965
1954.00 -27.78792040   5.91684553
1955.00 -27.81926852   5.92573000
1956.00 -27.85063052   5.93462304
1957.00 -27.88200638   5.94352467
1958.00 -27.91339612   5.95243490
1959.00 -27.94479972   5.96135372
1960.00 -27.97621718   5.97028114
1961.00 -28.00764851   5.97921716
1962.00 -28.03909369   5.98816178
1963.00 -28.07055272   5.99711501
1964.00 -28.10202560   6.00607686
1965.00 -28.13351233   6.01504732
1966.00 -28.16501290   6.02402640
1967.00 -28.19652732   6.03301410
1968.00 -28.22805557   6.04201042
1969.00 -28.25959765   6.05101538
1970.00 -28.29115357   6.06002896
1971.00 -28.32272332   6.06905119
1972.00 -28.35430689   6.07808205
1973.00 -28.38590428   6.08712155
1974.00 -28.41751549   6.09616970
1975.00 -28.44914052   6.10522649
1976.00 -28.48077936   6.11429194
1977.00 -28.51243201   6.12336605
1978.00 -28.54409847   6.13244881
1979.00 -28.57577873   6.14154024
1980.00 -28.60747279   6.15064033
1981.00 -28.63918065   6.15974909
1982.00 -28.67090230   6.16886653
1983.00 -28.70263774   6.17799264
1984.00 -28.73438697   6.18712743
1985.00 -28.76614999   6.19627090
1986.00 -28.79792679   6.20542306
1987.00 -28.82971736   6.21458390
1988.00 -28.86152171   6.22375344
1989.00 -28.89333983   6.23293168
1990.00 -28.92517172   6.24211861
1991.00 -28.95701738   6.25131425
1992.00 -28.98887680   6.26051860
1993.00 -29.02074998   6.26973165
1994.00 -29.05263692   6.27895342
1995.00 -29.08453761   6.28818390
1996.00 -29.11645205   6.29742310
1997.00 -29.14838023   6.30667102
1998.00 -29.18032217   6.31592767
1999.00 -29.21227784   6.32519305
2000.00 -29.24424725   6.33446717
