wavelength(nm)         real         imag
200.00   3.89636216   0.00006953
201.00   3.89632570   0.00007057
202.00   3.89628907   0.00007163
203.00   3.89625225   0.00007270
204.00   3.89621525   0.00007378
205.00   3.89617806   0.00007487
206.00   3.89614070   0.00007597
207.00   3.89610316   0.00007708
208.00   3.89606543   0.00007820
209.00   3.89602752   0.00007934
210.00   3.89598943   0.00008048
211.00   3.89595116   0.00008164
212.00   3.89591271   0.00008280
213.00   3.89587407   0.00008398
214.00   3.89583526   0.00008517
215.00   3.89579626   0.00008637
216.00   3.89575708   0.00008758
217.00   3.89571772   0.00008880
218.00   3.89567818   0.00009003
219.00   3.89563846   0.00009128
220.00   3.89559855   0.00009253
221.00   3.89555846   0.00009380
222.00   3.89551820   0.00009508
223.00   3.89547775   0.00009637
224.00   3.89543712   0.00009767
225.00   3.89539631   0.00009898
226.00   3.89535531   0.00010031
227.00   3.89531414   0.00010165
228.00   3.89527278   0.00010299
229.00   3.89523124   0.00010435
230.00   3.89518952   0.00010573
231.00   3.89514762   0.00010711
232.00   3.89510554   0.00010851
233.00   3.89506328   0.00010992
234.00   3.89502083   0.00011134
235.00   3.89497820   0.00011277
236.00   3.89493540   0.00011422
237.00   3.89489241   0.00011567
238.00   3.89484924   0.00011714
239.00   3.89480589   0.00011863
240.00   3.89476235   0.00012012
241.00   3.89471864   0.00012163
242.00   3.89467474   0.00012315
243.00   3.89463066   0.00012468
244.00   3.89458640   0.00012623
245.00   3.89454196   0.00012778
246.00   3.89449734   0.00012935
247.00   3.89445254   0.00013094
248.00   3.89440755   0.00013253
249.00   3.89436239   0.00013414
250.00   3.89431704   0.00013576
251.00   3.89427151   0.00013740
252.00   3.89422580   0.00013905
253.00   3.89417991   0.00014071
254.00   3.89413384   0.00014238
255.00   3.89408759   0.00014407
256.00   3.89404115   0.00014577
257.00   3.89399454   0.00014749
258.00   3.89394774   0.00014921
259.00   3.89390076   0.00015096
260.00   3.89385360   0.00015271
261.00   3.89380626   0.00015448
262.00   3.89375873   0.00015626
263.00   3.89371103   0.00015805
264.00   3.89366314   0.00015986
265.00   3.89361508   0.00016169
266.00   3.89356683   0.00016352
267.00   3.89351840   0.00016537
268.00   3.89346979   0.00016724
269.00   3.89342100   0.00016912
270.00   3.89337203   0.00017101
271.00   3.89332287   0.00017291
272.00   3.89327354   0.00017483
273.00   3.89322402   0.00017677
274.00   3.89317432   0.00017872
275.00   3.89312444   0.00018068
276.00   3.89307438   0.00018266
277.00   3.89302414   0.00018465
278.00   3.89297372   0.00018666
279.00   3.89292312   0.00018868
280.00   3.89287233   0.00019071
281.00   3.89282137   0.00019276
282.00   3.89277022   0.00019483
283.00   3.89271889   0.00019690
284.00   3.89266738   0.00019900
285.00   3.89261569   0.00020111
286.00   3.89256382   0.00020323
287.00   3.89251176   0.00020537
288.00   3.89245953   0.00020752
289.00   3.89240712   0.00020969
290.00   3.89235452   0.00021187
291.00   3.89230174   0.00021407
292.00   3.89224878   0.00021628
293.00   3.89219564   0.00021851
294.00   3.89214232   0.00022076
295.00   3.89208882   0.00022302
296.00   3.89203514   0.00022529
297.00   3.89198127   0.00022758
298.00   3.89192723   0.00022989
299.00   3.89187300   0.00023221
300.00   3.89181859   0.00023454
301.00   3.89176401   0.00023689
302.00   3.89170924   0.00023926
303.00   3.89165429   0.00024165
304.00   3.89159915   0.00024404
305.00   3.89154384   0.00024646
306.00   3.89148835   0.00024889
307.00   3.89143267   0.00025134
308.00   3.89137682   0.00025380
309.00   3.89132078   0.00025628
310.00   3.89126456   0.00025877
311.00   3.89120816   0.00026128
312.00   3.89115158   0.00026381
313.00   3.89109482   0.00026635
314.00   3.89103788   0.00026891
315.00   3.89098076   0.00027149
316.00   3.89092345   0.00027408
317.00   3.89086597   0.00027669
318.00   3.89080830   0.00027932
319.00   3.89075046   0.00028196
320.00   3.89069243   0.00028462
321.00   3.89063422   0.00028729
322.00   3.89057583   0.00028998
323.00   3.89051726   0.00029269
324.00   3.89045851   0.00029542
325.00   3.89039958   0.00029816
326.00   3.89034047   0.00030092
327.00   3.89028117   0.00030369
328.00   3.89022170   0.00030649
329.00   3.89016204   0.00030929
330.00   3.89010221   0.00031212
331.00   3.89004219   0.00031497
332.00   3.88998199   0.00031783
333.00   3.88992161   0.00032071
334.00   3.88986105   0.00032360
335.00   3.88980031   0.00032652
336.00   3.88973939   0.00032945
337.00   3.88967828   0.00033239
338.00   3.88961700   0.00033536
339.00   3.88955554   0.00033834
340.00   3.88949389   0.00034134
341.00   3.88943207   0.00034436
342.00   3.88937006   0.00034740
343.00   3.88930787   0.00035045
344.00   3.88924550   0.00035353
345.00   3.88918295   0.00035662
346.00   3.88912022   0.00035972
347.00   3.88905731   0.00036285
348.00   3.88899422   0.00036599
349.00   3.88893095   0.00036915
350.00   3.88886750   0.00037233
351.00   3.88880386   0.00037553
352.00   3.88874005   0.00037875
353.00   3.88867606   0.00038198
354.00   3.88861188   0.00038524
355.00   3.88854752   0.00038851
356.00   3.88848299   0.00039180
357.00   3.88841827   0.00039511
358.00   3.88835337   0.00039843
359.00   3.88828829   0.00040178
360.00   3.88822303   0.00040514
361.00   3.88815759   0.00040853
362.00   3.88809197   0.00041193
363.00   3.88802617   0.00041535
364.00   3.88796018   0.00041879
365.00   3.88789402   0.00042225
366.00   3.88782768   0.00042572
367.00   3.88776115   0.00042922
368.00   3.88769445   0.00043273
369.00   3.88762756   0.00043627
370.00   3.88756049   0.00043982
371.00   3.88749325   0.00044339
372.00   3.88742582   0.00044699
373.00   3.88735821   0.00045060
374.00   3.88729042   0.00045423
375.00   3.88722245   0.00045788
376.00   3.88715430   0.00046155
377.00   3.88708597   0.00046524
378.00   3.88701746   0.00046895
379.00   3.88694877   0.00047267
380.00   3.88687990   0.00047642
381.00   3.88681085   0.00048019
382.00   3.88674161   0.00048398
383.00   3.88667220   0.00048779
384.00   3.88660261   0.00049161
385.00   3.88653283   0.00049546
386.00   3.88646288   0.00049933
387.00   3.88639274   0.00050321
388.00   3.88632243   0.00050712
389.00   3.88625193   0.00051105
390.00   3.88618125   0.00051500
391.00   3.88611040   0.00051897
392.00   3.88603936   0.00052295
393.00   3.88596814   0.00052696
394.00   3.88589674   0.00053099
395.00   3.88582516   0.00053504
396.00   3.88575340   0.00053911
397.00   3.88568146   0.00054320
398.00   3.88560934   0.00054731
399.00   3.88553704   0.00055144
400.00   3.88546456   0.00055560
401.00   3.88539190   0.00055977
402.00   3.88531906   0.00056396
403.00   3.88524604   0.00056818
404.00   3.88517283   0.00057242
405.00   3.88509945   0.00057667
406.00   3.88502589   0.00058095
407.00   3.88495214   0.00058525
408.00   3.88487822   0.00058957
409.00   3.88480412   0.00059391
410.00   3.88472983   0.00059827
411.00   3.88465537   0.00060266
412.00   3.88458072   0.00060706
413.00   3.88450590   0.00061149
414.00   3.88443089   0.00061594
415.00   3.88435571   0.00062041
416.00   3.88428034   0.00062490
417.00   3.88420479   0.00062941
418.00   3.88412907   0.00063394
419.00   3.88405316   0.00063850
420.00   3.88397707   0.00064308
421.00   3.88390081   0.00064768
422.00   3.88382436   0.00065230
423.00   3.88374773   0.00065694
424.00   3.88367093   0.00066161
425.00   3.88359394   0.00066629
426.00   3.88351677   0.00067100
427.00   3.88343942   0.00067573
428.00   3.88336189   0.00068049
429.00   3.88328418   0.00068526
430.00   3.88320630   0.00069006
431.00   3.88312823   0.00069488
432.00   3.88304998   0.00069972
433.00   3.88297155   0.00070459
434.00   3.88289294   0.00070947
435.00   3.88281415   0.00071438
436.00   3.88273518   0.00071932
437.00   3.88265603   0.00072427
438.00   3.88257670   0.00072925
439.00   3.88249720   0.00073425
440.00   3.88241751   0.00073927
441.00   3.88233764   0.00074432
442.00   3.88225759   0.00074939
443.00   3.88217736   0.00075448
444.00   3.88209695   0.00075959
445.00   3.88201636   0.00076473
446.00   3.88193559   0.00076989
447.00   3.88185464   0.00077508
448.00   3.88177351   0.00078028
449.00   3.88169220   0.00078551
450.00   3.88161071   0.00079077
451.00   3.88152904   0.00079605
452.00   3.88144719   0.00080135
453.00   3.88136516   0.00080667
454.00   3.88128295   0.00081202
455.00   3.88120057   0.00081739
456.00   3.88111800   0.00082278
457.00   3.88103525   0.00082820
458.00   3.88095232   0.00083364
459.00   3.88086921   0.00083911
460.00   3.88078592   0.00084460
461.00   3.88070245   0.00085011
462.00   3.88061881   0.00085565
463.00   3.88053498   0.00086121
464.00   3.88045097   0.00086679
465.00   3.88036678   0.00087240
466.00   3.88028242   0.00087803
467.00   3.88019787   0.00088369
468.00   3.88011314   0.00088937
469.00   3.88002823   0.00089508
470.00   3.87994315   0.00090081
471.00   3.87985788   0.00090656
472.00   3.87977243   0.00091234
473.00   3.87968681   0.00091814
474.00   3.87960100   0.00092397
475.00   3.87951502   0.00092982
476.00   3.87942885   0.00093570
477.00   3.87934251   0.00094160
478.00   3.87925598   0.00094753
479.00   3.87916928   0.00095348
480.00   3.87908240   0.00095946
481.00   3.87899533   0.00096546
482.00   3.87890809   0.00097148
483.00   3.87882067   0.00097753
484.00   3.87873306   0.00098361
485.00   3.87864528   0.00098971
486.00   3.87855732   0.00099583
487.00   3.87846918   0.00100199
488.00   3.87838086   0.00100816
489.00   3.87829236   0.00101436
490.00   3.87820368   0.00102059
491.00   3.87811482   0.00102684
492.00   3.87802578   0.00103312
493.00   3.87793656   0.00103942
494.00   3.87784716   0.00104575
495.00   3.87775758   0.00105211
496.00   3.87766782   0.00105848
497.00   3.87757789   0.00106489
498.00   3.87748777   0.00107132
499.00   3.87739748   0.00107778
500.00   3.87730700   0.00108426
501.00   3.87721634   0.00109077
502.00   3.87712551   0.00109730
503.00   3.87703450   0.00110386
504.00   3.87694330   0.00111045
505.00   3.87685193   0.00111706
506.00   3.87676038   0.00112370
507.00   3.87666865   0.00113037
508.00   3.87657674   0.00113706
509.00   3.87648464   0.00114378
510.00   3.87639237   0.00115052
511.00   3.87629993   0.00115729
512.00   3.87620730   0.00116409
513.00   3.87611449   0.00117091
514.00   3.87602150   0.00117776
515.00   3.87592833   0.00118464
516.00   3.87583499   0.00119154
517.00   3.87574146   0.00119847
518.00   3.87564776   0.00120543
519.00   3.87555387   0.00121241
520.00   3.87545981   0.00121942
521.00   3.87536557   0.00122646
522.00   3.87527115   0.00123352
523.00   3.87517655   0.00124061
524.00   3.87508177   0.00124773
525.00   3.87498681   0.00125487
526.00   3.87489167   0.00126205
527.00   3.87479635   0.00126925
528.00   3.87470085   0.00127647
529.00   3.87460518   0.00128373
530.00   3.87450932   0.00129101
531.00   3.87441329   0.00129832
532.00   3.87431707   0.00130565
533.00   3.87422068   0.00131302
534.00   3.87412411   0.00132041
535.00   3.87402736   0.00132783
536.00   3.87393043   0.00133527
537.00   3.87383332   0.00134275
538.00   3.87373603   0.00135025
539.00   3.87363856   0.00135778
540.00   3.87354091   0.00136534
541.00   3.87344309   0.00137292
542.00   3.87334508   0.00138054
543.00   3.87324690   0.00138818
544.00   3.87314853   0.00139585
545.00   3.87304999   0.00140355
546.00   3.87295127   0.00141127
547.00   3.87285237   0.00141903
548.00   3.87275329   0.00142681
549.00   3.87265403   0.00143462
550.00   3.87255460   0.00144246
551.00   3.87245498   0.00145033
552.00   3.87235519   0.00145823
553.00   3.87225521   0.00146615
554.00   3.87215506   0.00147410
555.00   3.87205473   0.00148209
556.00   3.87195422   0.00149010
557.00   3.87185353   0.00149814
558.00   3.87175266   0.00150620
559.00   3.87165161   0.00151430
560.00   3.87155039   0.00152243
561.00   3.87144898   0.00153058
562.00   3.87134740   0.00153877
563.00   3.87124563   0.00154698
564.00   3.87114369   0.00155522
565.00   3.87104157   0.00156349
566.00   3.87093927   0.00157179
567.00   3.87083679   0.00158012
568.00   3.87073414   0.00158848
569.00   3.87063130   0.00159687
570.00   3.87052829   0.00160529
571.00   3.87042509   0.00161373
572.00   3.87032172   0.00162221
573.00   3.87021817   0.00163071
574.00   3.87011444   0.00163925
575.00   3.87001054   0.00164782
576.00   3.86990645   0.00165641
577.00   3.86980218   0.00166503
578.00   3.86969774   0.00167369
579.00   3.86959312   0.00168237
580.00   3.86948832   0.00169109
581.00   3.86938334   0.00169983
582.00   3.86927818   0.00170861
583.00   3.86917284   0.00171741
584.00   3.86906733   0.00172624
585.00   3.86896163   0.00173511
586.00   3.86885576   0.00174400
587.00   3.86874971   0.00175293
588.00   3.86864348   0.00176188
589.00   3.86853707   0.00177087
590.00   3.86843048   0.00177988
591.00   3.86832372   0.00178893
592.00   3.86821677   0.00179801
593.00   3.86810965   0.00180712
594.00   3.86800235   0.00181625
595.00   3.86789487   0.00182542
596.00   3.86778721   0.00183462
597.00   3.86767938   0.00184385
598.00   3.86757136   0.00185311
599.00   3.86746317   0.00186240
600.00   3.86735480   0.00187173
601.00   3.86724625   0.00188108
602.00   3.86713752   0.00189047
603.00   3.86702861   0.00189988
604.00   3.86691953   0.00190933
605.00   3.86681026   0.00191881
606.00   3.86670082   0.00192832
607.00   3.86659120   0.00193786
608.00   3.86648140   0.00194743
609.00   3.86637142   0.00195703
610.00   3.86626127   0.00196667
611.00   3.86615094   0.00197633
612.00   3.86604042   0.00198603
613.00   3.86592974   0.00199576
614.00   3.86581887   0.00200552
615.00   3.86570782   0.00201531
616.00   3.86559660   0.00202514
617.00   3.86548519   0.00203499
618.00   3.86537361   0.00204488
619.00   3.86526185   0.00205480
620.00   3.86514992   0.00206475
621.00   3.86503780   0.00207473
622.00   3.86492551   0.00208475
623.00   3.86481304   0.00209480
624.00   3.86470039   0.00210488
625.00   3.86458756   0.00211499
626.00   3.86447455   0.00212513
627.00   3.86436137   0.00213531
628.00   3.86424800   0.00214552
629.00   3.86413446   0.00215576
630.00   3.86402075   0.00216603
631.00   3.86390685   0.00217634
632.00   3.86379278   0.00218668
633.00   3.86367852   0.00219705
634.00   3.86356409   0.00220745
635.00   3.86344948   0.00221789
636.00   3.86333470   0.00222835
637.00   3.86321973   0.00223886
638.00   3.86310459   0.00224939
639.00   3.86298927   0.00225996
640.00   3.86287377   0.00227056
641.00   3.86275810   0.00228119
642.00   3.86264224   0.00229186
643.00   3.86252621   0.00230256
644.00   3.86241000   0.00231329
645.00   3.86229361   0.00232406
646.00   3.86217705   0.00233485
647.00   3.86206030   0.00234569
648.00   3.86194338   0.00235655
649.00   3.86182628   0.00236745
650.00   3.86170901   0.00237838
651.00   3.86159155   0.00238935
652.00   3.86147392   0.00240035
653.00   3.86135611   0.00241138
654.00   3.86123812   0.00242245
655.00   3.86111996   0.00243355
656.00   3.86100161   0.00244468
657.00   3.86088309   0.00245585
658.00   3.86076439   0.00246705
659.00   3.86064552   0.00247829
660.00   3.86052646   0.00248956
661.00   3.86040723   0.00250086
662.00   3.86028782   0.00251220
663.00   3.86016824   0.00252357
664.00   3.86004847   0.00253497
665.00   3.85992853   0.00254641
666.00   3.85980841   0.00255789
667.00   3.85968811   0.00256940
668.00   3.85956764   0.00258094
669.00   3.85944698   0.00259251
670.00   3.85932615   0.00260413
671.00   3.85920515   0.00261577
672.00   3.85908396   0.00262745
673.00   3.85896260   0.00263917
674.00   3.85884106   0.00265092
675.00   3.85871934   0.00266270
676.00   3.85859745   0.00267452
677.00   3.85847537   0.00268637
678.00   3.85835312   0.00269826
679.00   3.85823070   0.00271018
680.00   3.85810809   0.00272214
681.00   3.85798531   0.00273414
682.00   3.85786235   0.00274616
683.00   3.85773921   0.00275823
684.00   3.85761590   0.00277033
685.00   3.85749241   0.00278246
686.00   3.85736874   0.00279463
687.00   3.85724489   0.00280683
688.00   3.85712087   0.00281907
689.00   3.85699667   0.00283135
690.00   3.85687229   0.00284366
691.00   3.85674773   0.00285600
692.00   3.85662300   0.00286839
693.00   3.85649809   0.00288080
694.00   3.85637301   0.00289325
695.00   3.85624774   0.00290574
696.00   3.85612230   0.00291827
697.00   3.85599668   0.00293083
698.00   3.85587089   0.00294342
699.00   3.85574491   0.00295605
700.00   3.85561876   0.00296872
701.00   3.85549243   0.00298142
702.00   3.85536593   0.00299416
703.00   3.85523925   0.00300694
704.00   3.85511239   0.00301975
705.00   3.85498535   0.00303260
706.00   3.85485814   0.00304548
707.00   3.85473075   0.00305840
708.00   3.85460319   0.00307136
709.00   3.85447544   0.00308435
710.00   3.85434752   0.00309738
711.00   3.85421942   0.00311045
712.00   3.85409115   0.00312355
713.00   3.85396270   0.00313669
714.00   3.85383407   0.00314986
715.00   3.85370526   0.00316308
716.00   3.85357628   0.00317632
717.00   3.85344712   0.00318961
718.00   3.85331778   0.00320293
719.00   3.85318827   0.00321629
720.00   3.85305858   0.00322969
721.00   3.85292871   0.00324312
722.00   3.85279867   0.00325659
723.00   3.85266845   0.00327010
724.00   3.85253805   0.00328364
725.00   3.85240748   0.00329723
726.00   3.85227673   0.00331084
727.00   3.85214580   0.00332450
728.00   3.85201470   0.00333819
729.00   3.85188341   0.00335192
730.00   3.85175196   0.00336569
731.00   3.85162032   0.00337950
732.00   3.85148851   0.00339334
733.00   3.85135652   0.00340722
734.00   3.85122436   0.00342114
735.00   3.85109202   0.00343510
736.00   3.85095950   0.00344909
737.00   3.85082680   0.00346312
738.00   3.85069393   0.00347719
739.00   3.85056088   0.00349130
740.00   3.85042766   0.00350544
741.00   3.85029426   0.00351963
742.00   3.85016068   0.00353385
743.00   3.85002693   0.00354811
744.00   3.84989300   0.00356241
745.00   3.84975889   0.00357674
746.00   3.84962461   0.00359111
747.00   3.84949015   0.00360553
748.00   3.84935551   0.00361998
749.00   3.84922070   0.00363446
750.00   3.84908571   0.00364899
751.00   3.84895054   0.00366356
752.00   3.84881520   0.00367816
753.00   3.84867968   0.00369280
754.00   3.84854399   0.00370749
755.00   3.84840811   0.00372220
756.00   3.84827207   0.00373696
757.00   3.84813584   0.00375176
758.00   3.84799944   0.00376660
759.00   3.84786287   0.00378147
760.00   3.84772611   0.00379639
761.00   3.84758918   0.00381134
762.00   3.84745208   0.00382633
763.00   3.84731480   0.00384136
764.00   3.84717734   0.00385643
765.00   3.84703970   0.00387154
766.00   3.84690189   0.00388669
767.00   3.84676391   0.00390188
768.00   3.84662574   0.00391710
769.00   3.84648741   0.00393237
770.00   3.84634889   0.00394767
771.00   3.84621020   0.00396302
772.00   3.84607133   0.00397840
773.00   3.84593229   0.00399383
774.00   3.84579307   0.00400929
775.00   3.84565367   0.00402480
776.00   3.84551410   0.00404034
777.00   3.84537435   0.00405592
778.00   3.84523443   0.00407154
779.00   3.84509433   0.00408721
780.00   3.84495406   0.00410291
781.00   3.84481360   0.00411865
782.00   3.84467298   0.00413443
783.00   3.84453217   0.00415026
784.00   3.84439119   0.00416612
785.00   3.84425004   0.00418202
786.00   3.84410871   0.00419796
787.00   3.84396720   0.00421395
788.00   3.84382552   0.00422997
789.00   3.84368366   0.00424603
790.00   3.84354162   0.00426214
791.00   3.84339941   0.00427828
792.00   3.84325703   0.00429447
793.00   3.84311446   0.00431069
794.00   3.84297173   0.00432696
795.00   3.84282881   0.00434326
796.00   3.84268572   0.00435961
797.00   3.84254246   0.00437600
798.00   3.84239902   0.00439243
799.00   3.84225540   0.00440890
800.00   3.84211161   0.00442541
801.00   3.84196764   0.00444196
802.00   3.84182350   0.00445855
803.00   3.84167918   0.00447519
804.00   3.84153468   0.00449186
805.00   3.84139001   0.00450858
806.00   3.84124516   0.00452533
807.00   3.84110014   0.00454213
808.00   3.84095495   0.00455897
809.00   3.84080957   0.00457585
810.00   3.84066403   0.00459277
811.00   3.84051830   0.00460974
812.00   3.84037240   0.00462674
813.00   3.84022633   0.00464379
814.00   3.84008008   0.00466088
815.00   3.83993365   0.00467801
816.00   3.83978705   0.00469518
817.00   3.83964027   0.00471239
818.00   3.83949332   0.00472965
819.00   3.83934619   0.00474694
820.00   3.83919889   0.00476428
821.00   3.83905141   0.00478166
822.00   3.83890376   0.00479908
823.00   3.83875593   0.00481655
824.00   3.83860793   0.00483405
825.00   3.83845975   0.00485160
826.00   3.83831139   0.00486919
827.00   3.83816286   0.00488683
828.00   3.83801416   0.00490450
829.00   3.83786528   0.00492222
830.00   3.83771622   0.00493998
831.00   3.83756699   0.00495778
832.00   3.83741759   0.00497562
833.00   3.83726800   0.00499351
834.00   3.83711825   0.00501144
835.00   3.83696832   0.00502941
836.00   3.83681821   0.00504743
837.00   3.83666793   0.00506549
838.00   3.83651747   0.00508359
839.00   3.83636684   0.00510173
840.00   3.83621603   0.00511991
841.00   3.83606505   0.00513814
842.00   3.83591389   0.00515642
843.00   3.83576256   0.00517473
844.00   3.83561106   0.00519309
845.00   3.83545937   0.00521149
846.00   3.83530752   0.00522993
847.00   3.83515549   0.00524842
848.00   3.83500328   0.00526695
849.00   3.83485090   0.00528552
850.00   3.83469834   0.00530414
851.00   3.83454561   0.00532280
852.00   3.83439270   0.00534151
853.00   3.83423962   0.00536025
854.00   3.83408637   0.00537904
855.00   3.83393294   0.00539788
856.00   3.83377933   0.00541676
857.00   3.83362555   0.00543568
858.00   3.83347160   0.00545464
859.00   3.83331747   0.00547365
860.00   3.83316316   0.00549271
861.00   3.83300868   0.00551180
862.00   3.83285403   0.00553094
863.00   3.83269920   0.00555013
864.00   3.83254420   0.00556936
865.00   3.83238902   0.00558863
866.00   3.83223367   0.00560795
867.00   3.83207814   0.00562731
868.00   3.83192244   0.00564671
869.00   3.83176656   0.00566616
870.00   3.83161051   0.00568566
871.00   3.83145429   0.00570519
872.00   3.83129789   0.00572478
873.00   3.83114131   0.00574440
874.00   3.83098456   0.00576407
875.00   3.83082764   0.00578379
876.00   3.83067054   0.00580355
877.00   3.83051327   0.00582336
878.00   3.83035582   0.00584321
879.00   3.83019820   0.00586310
880.00   3.83004041   0.00588304
881.00   3.82988244   0.00590303
882.00   3.82972429   0.00592305
883.00   3.82956597   0.00594313
884.00   3.82940748   0.00596325
885.00   3.82924881   0.00598341
886.00   3.82908997   0.00600362
887.00   3.82893096   0.00602388
888.00   3.82877177   0.00604418
889.00   3.82861240   0.00606452
890.00   3.82845286   0.00608491
891.00   3.82829315   0.00610535
892.00   3.82813326   0.00612583
893.00   3.82797320   0.00614635
894.00   3.82781297   0.00616692
895.00   3.82765256   0.00618754
896.00   3.82749198   0.00620820
897.00   3.82733122   0.00622891
898.00   3.82717029   0.00624967
899.00   3.82700918   0.00627047
900.00   3.82684790   0.00629131
901.00   3.82668645   0.00631220
902.00   3.82652482   0.00633314
903.00   3.82636302   0.00635412
904.00   3.82620104   0.00637515
905.00   3.82603889   0.00639623
906.00   3.82587657   0.00641735
907.00   3.82571407   0.00643852
908.00   3.82555140   0.00645973
909.00   3.82538856   0.00648099
910.00   3.82522554   0.00650229
911.00   3.82506234   0.00652365
912.00   3.82489898   0.00654504
913.00   3.82473544   0.00656649
914.00   3.82457172   0.00658798
915.00   3.82440783   0.00660952
916.00   3.82424377   0.00663110
917.00   3.82407954   0.00665273
918.00   3.82391513   0.00667441
919.00   3.82375054   0.00669614
920.00   3.82358579   0.00671791
921.00   3.82342085   0.00673972
922.00   3.82325575   0.00676159
923.00   3.82309047   0.00678350
924.00   3.82292502   0.00680546
925.00   3.82275940   0.00682746
926.00   3.82259360   0.00684951
927.00   3.82242762   0.00687161
928.00   3.82226148   0.00689376
929.00   3.82209516   0.00691595
930.00   3.82192867   0.00693819
931.00   3.82176200   0.00696048
932.00   3.82159516   0.00698282
933.00   3.82142815   0.00700520
934.00   3.82126096   0.00702763
935.00   3.82109360   0.00705011
936.00   3.82092607   0.00707263
937.00   3.82075836   0.00709521
938.00   3.82059048   0.00711783
939.00   3.82042242   0.00714049
940.00   3.82025420   0.00716321
941.00   3.82008580   0.00718597
942.00   3.81991722   0.00720878
943.00   3.81974848   0.00723164
944.00   3.81957956   0.00725455
945.00   3.81941046   0.00727750
946.00   3.81924119   0.00730051
947.00   3.81907175   0.00732356
948.00   3.81890214   0.00734666
949.00   3.81873235   0.00736980
950.00   3.81856240   0.00739300
951.00   3.81839226   0.00741624
952.00   3.81822196   0.00743953
953.00   3.81805148   0.00746287
954.00   3.81788083   0.00748626
955.00   3.81771000   0.00750970
956.00   3.81753900   0.00753318
957.00   3.81736783   0.00755671
958.00   3.81719649   0.00758030
959.00   3.81702497   0.00760393
960.00   3.81685328   0.00762761
961.00   3.81668142   0.00765133
962.00   3.81650938   0.00767511
963.00   3.81633717   0.00769894
964.00   3.81616479   0.00772281
965.00   3.81599223   0.00774673
966.00   3.81581951   0.00777071
967.00   3.81564661   0.00779473
968.00   3.81547353   0.00781880
969.00   3.81530029   0.00784292
970.00   3.81512687   0.00786709
971.00   3.81495327   0.00789130
972.00   3.81477951   0.00791557
973.00   3.81460557   0.00793989
974.00   3.81443146   0.00796425
975.00   3.81425718   0.00798867
976.00   3.81408272   0.00801313
977.00   3.81390810   0.00803764
978.00   3.81373330   0.00806221
979.00   3.81355832   0.00808682
980.00   3.81338318   0.00811148
981.00   3.81320786   0.00813619
982.00   3.81303237   0.00816096
983.00   3.81285670   0.00818577
984.00   3.81268087   0.00821063
985.00   3.81250486   0.00823554
986.00   3.81232868   0.00826050
987.00   3.81215232   0.00828551
988.00   3.81197580   0.00831057
989.00   3.81179910   0.00833568
990.00   3.81162223   0.00836085
991.00   3.81144518   0.00838606
992.00   3.81126797   0.00841132
993.00   3.81109058   0.00843663
994.00   3.81091302   0.00846199
995.00   3.81073529   0.00848740
996.00   3.81055738   0.00851287
997.00   3.81037930   0.00853838
998.00   3.81020105   0.00856394
999.00   3.81002263   0.00858956
1000.00   3.80984404   0.00861522
1001.00   3.80966527   0.00864094
1002.00   3.80948633   0.00866670
1003.00   3.80930722   0.00869252
1004.00   3.80912794   0.00871838
1005.00   3.80894848   0.00874430
1006.00   3.80876886   0.00877027
1007.00   3.80858906   0.00879629
1008.00   3.80840909   0.00882236
1009.00   3.80822894   0.00884848
1010.00   3.80804863   0.00887466
1011.00   3.80786814   0.00890088
1012.00   3.80768748   0.00892715
1013.00   3.80750665   0.00895348
1014.00   3.80732565   0.00897986
1015.00   3.80714447   0.00900629
1016.00   3.80696312   0.00903277
1017.00   3.80678160   0.00905930
1018.00   3.80659991   0.00908588
1019.00   3.80641805   0.00911251
1020.00   3.80623602   0.00913920
1021.00   3.80605381   0.00916594
1022.00   3.80587143   0.00919273
1023.00   3.80568888   0.00921957
1024.00   3.80550616   0.00924646
1025.00   3.80532326   0.00927340
1026.00   3.80514020   0.00930040
1027.00   3.80495696   0.00932744
1028.00   3.80477355   0.00935454
1029.00   3.80458997   0.00938170
1030.00   3.80440622   0.00940890
1031.00   3.80422230   0.00943615
1032.00   3.80403820   0.00946346
1033.00   3.80385393   0.00949082
1034.00   3.80366950   0.00951823
1035.00   3.80348489   0.00954570
1036.00   3.80330010   0.00957321
1037.00   3.80311515   0.00960078
1038.00   3.80293003   0.00962840
1039.00   3.80274473   0.00965607
1040.00   3.80255926   0.00968380
1041.00   3.80237362   0.00971158
1042.00   3.80218781   0.00973941
1043.00   3.80200183   0.00976729
1044.00   3.80181568   0.00979523
1045.00   3.80162935   0.00982322
1046.00   3.80144286   0.00985126
1047.00   3.80125619   0.00987935
1048.00   3.80106935   0.00990750
1049.00   3.80088234   0.00993570
1050.00   3.80069516   0.00996395
1051.00   3.80050781   0.00999226
1052.00   3.80032028   0.01002062
1053.00   3.80013259   0.01004903
1054.00   3.79994472   0.01007749
1055.00   3.79975669   0.01010601
1056.00   3.79956848   0.01013458
1057.00   3.79938010   0.01016321
1058.00   3.79919155   0.01019189
1059.00   3.79900283   0.01022062
1060.00   3.79881393   0.01024940
1061.00   3.79862487   0.01027824
1062.00   3.79843563   0.01030713
1063.00   3.79824623   0.01033608
1064.00   3.79805665   0.01036508
1065.00   3.79786690   0.01039413
1066.00   3.79767699   0.01042323
1067.00   3.79748690   0.01045239
1068.00   3.79729664   0.01048161
1069.00   3.79710620   0.01051087
1070.00   3.79691560   0.01054020
1071.00   3.79672483   0.01056957
1072.00   3.79653389   0.01059900
1073.00   3.79634277   0.01062848
1074.00   3.79615149   0.01065802
1075.00   3.79596003   0.01068761
1076.00   3.79576840   0.01071726
1077.00   3.79557661   0.01074696
1078.00   3.79538464   0.01077671
1079.00   3.79519250   0.01080652
1080.00   3.79500019   0.01083638
1081.00   3.79480771   0.01086630
1082.00   3.79461506   0.01089627
1083.00   3.79442224   0.01092629
1084.00   3.79422924   0.01095637
1085.00   3.79403608   0.01098651
1086.00   3.79384275   0.01101670
1087.00   3.79364925   0.01104694
1088.00   3.79345557   0.01107724
1089.00   3.79326173   0.01110759
1090.00   3.79306771   0.01113800
1091.00   3.79287353   0.01116847
1092.00   3.79267917   0.01119898
1093.00   3.79248464   0.01122956
1094.00   3.79228995   0.01126018
1095.00   3.79209508   0.01129087
1096.00   3.79190004   0.01132161
1097.00   3.79170484   0.01135240
1098.00   3.79150946   0.01138325
1099.00   3.79131391   0.01141415
1100.00   3.79111819   0.01144511
1101.00   3.79092230   0.01147612
1102.00   3.79072624   0.01150719
1103.00   3.79053002   0.01153832
1104.00   3.79033362   0.01156950
1105.00   3.79013705   0.01160073
1106.00   3.78994031   0.01163203
1107.00   3.78974340   0.01166337
1108.00   3.78954632   0.01169478
1109.00   3.78934907   0.01172623
1110.00   3.78915165   0.01175775
1111.00   3.78895406   0.01178932
1112.00   3.78875630   0.01182094
1113.00   3.78855837   0.01185263
1114.00   3.78836027   0.01188436
1115.00   3.78816200   0.01191616
1116.00   3.78796356   0.01194801
1117.00   3.78776495   0.01197991
1118.00   3.78756617   0.01201187
1119.00   3.78736722   0.01204389
1120.00   3.78716811   0.01207596
1121.00   3.78696882   0.01210809
1122.00   3.78676936   0.01214028
1123.00   3.78656973   0.01217252
1124.00   3.78636993   0.01220482
1125.00   3.78616997   0.01223718
1126.00   3.78596983   0.01226959
1127.00   3.78576952   0.01230206
1128.00   3.78556904   0.01233459
1129.00   3.78536840   0.01236717
1130.00   3.78516758   0.01239981
1131.00   3.78496660   0.01243250
1132.00   3.78476544   0.01246525
1133.00   3.78456412   0.01249806
1134.00   3.78436262   0.01253093
1135.00   3.78416096   0.01256385
1136.00   3.78395913   0.01259683
1137.00   3.78375712   0.01262987
1138.00   3.78355495   0.01266296
1139.00   3.78335261   0.01269611
1140.00   3.78315010   0.01272932
1141.00   3.78294742   0.01276258
1142.00   3.78274457   0.01279590
1143.00   3.78254155   0.01282928
1144.00   3.78233836   0.01286272
1145.00   3.78213500   0.01289622
1146.00   3.78193148   0.01292977
1147.00   3.78172778   0.01296338
1148.00   3.78152392   0.01299704
1149.00   3.78131988   0.01303077
1150.00   3.78111568   0.01306455
1151.00   3.78091131   0.01309839
1152.00   3.78070676   0.01313228
1153.00   3.78050205   0.01316624
1154.00   3.78029717   0.01320025
1155.00   3.78009212   0.01323432
1156.00   3.77988690   0.01326845
1157.00   3.77968152   0.01330263
1158.00   3.77947596   0.01333688
1159.00   3.77927024   0.01337118
1160.00   3.77906434   0.01340554
1161.00   3.77885828   0.01343996
1162.00   3.77865205   0.01347443
1163.00   3.77844564   0.01350897
1164.00   3.77823907   0.01354356
1165.00   3.77803234   0.01357821
1166.00   3.77782543   0.01361292
1167.00   3.77761835   0.01364769
1168.00   3.77741111   0.01368251
1169.00   3.77720369   0.01371740
1170.00   3.77699611   0.01375234
1171.00   3.77678836   0.01378734
1172.00   3.77658044   0.01382240
1173.00   3.77637235   0.01385752
1174.00   3.77616409   0.01389270
1175.00   3.77595566   0.01392794
1176.00   3.77574707   0.01396323
1177.00   3.77553831   0.01399858
1178.00   3.77532937   0.01403400
1179.00   3.77512027   0.01406947
1180.00   3.77491100   0.01410500
1181.00   3.77470157   0.01414059
1182.00   3.77449196   0.01417624
1183.00   3.77428219   0.01421194
1184.00   3.77407224   0.01424771
1185.00   3.77386213   0.01428354
1186.00   3.77365185   0.01431942
1187.00   3.77344140   0.01435537
1188.00   3.77323079   0.01439137
1189.00   3.77302000   0.01442743
1190.00   3.77280905   0.01446356
1191.00   3.77259793   0.01449974
1192.00   3.77238664   0.01453598
1193.00   3.77217518   0.01457228
1194.00   3.77196355   0.01460864
1195.00   3.77175176   0.01464506
1196.00   3.77153980   0.01468154
1197.00   3.77132767   0.01471808
1198.00   3.77111537   0.01475468
1199.00   3.77090290   0.01479134
1200.00   3.77069026   0.01482806
1201.00   3.77047746   0.01486484
1202.00   3.77026449   0.01490168
1203.00   3.77005135   0.01493858
1204.00   3.76983804   0.01497554
1205.00   3.76962457   0.01501256
1206.00   3.76941093   0.01504964
1207.00   3.76919711   0.01508678
1208.00   3.76898314   0.01512398
1209.00   3.76876899   0.01516124
1210.00   3.76855467   0.01519856
1211.00   3.76834019   0.01523594
1212.00   3.76812554   0.01527338
1213.00   3.76791072   0.01531089
1214.00   3.76769574   0.01534845
1215.00   3.76748058   0.01538607
1216.00   3.76726526   0.01542375
1217.00   3.76704977   0.01546150
1218.00   3.76683412   0.01549930
1219.00   3.76661829   0.01553717
1220.00   3.76640230   0.01557510
1221.00   3.76618614   0.01561308
1222.00   3.76596981   0.01565113
1223.00   3.76575332   0.01568924
1224.00   3.76553666   0.01572741
1225.00   3.76531983   0.01576564
1226.00   3.76510283   0.01580394
1227.00   3.76488566   0.01584229
1228.00   3.76466833   0.01588070
1229.00   3.76445083   0.01591918
1230.00   3.76423317   0.01595772
1231.00   3.76401533   0.01599631
1232.00   3.76379733   0.01603497
1233.00   3.76357916   0.01607370
1234.00   3.76336082   0.01611248
1235.00   3.76314232   0.01615132
1236.00   3.76292365   0.01619023
1237.00   3.76270481   0.01622919
1238.00   3.76248580   0.01626822
1239.00   3.76226663   0.01630731
1240.00   3.76204729   0.01634647
1241.00   3.76182778   0.01638568
1242.00   3.76160811   0.01642495
1243.00   3.76138827   0.01646429
1244.00   3.76116826   0.01650369
1245.00   3.76094808   0.01654315
1246.00   3.76072774   0.01658268
1247.00   3.76050723   0.01662226
1248.00   3.76028656   0.01666191
1249.00   3.76006571   0.01670162
1250.00   3.75984470   0.01674139
1251.00   3.75962352   0.01678122
1252.00   3.75940218   0.01682112
1253.00   3.75918067   0.01686108
1254.00   3.75895899   0.01690110
1255.00   3.75873715   0.01694118
1256.00   3.75851514   0.01698132
1257.00   3.75829296   0.01702153
1258.00   3.75807061   0.01706180
1259.00   3.75784810   0.01710214
1260.00   3.75762542   0.01714253
1261.00   3.75740258   0.01718299
1262.00   3.75717956   0.01722351
1263.00   3.75695639   0.01726409
1264.00   3.75673304   0.01730474
1265.00   3.75650953   0.01734545
1266.00   3.75628585   0.01738622
1267.00   3.75606200   0.01742705
1268.00   3.75583799   0.01746795
1269.00   3.75561382   0.01750891
1270.00   3.75538947   0.01754994
1271.00   3.75516496   0.01759102
1272.00   3.75494028   0.01763217
1273.00   3.75471544   0.01767339
1274.00   3.75449043   0.01771466
1275.00   3.75426525   0.01775600
1276.00   3.75403991   0.01779741
1277.00   3.75381440   0.01783887
1278.00   3.75358872   0.01788040
1279.00   3.75336288   0.01792200
1280.00   3.75313688   0.01796365
1281.00   3.75291070   0.01800537
1282.00   3.75268436   0.01804716
1283.00   3.75245785   0.01808901
1284.00   3.75223118   0.01813092
1285.00   3.75200434   0.01817289
1286.00   3.75177734   0.01821493
1287.00   3.75155017   0.01825703
1288.00   3.75132283   0.01829920
1289.00   3.75109533   0.01834143
1290.00   3.75086766   0.01838372
1291.00   3.75063982   0.01842608
1292.00   3.75041182   0.01846850
1293.00   3.75018365   0.01851099
1294.00   3.74995532   0.01855354
1295.00   3.74972682   0.01859616
1296.00   3.74949816   0.01863883
1297.00   3.74926933   0.01868158
1298.00   3.74904033   0.01872438
1299.00   3.74881117   0.01876726
1300.00   3.74858184   0.01881019
1301.00   3.74835235   0.01885319
1302.00   3.74812269   0.01889626
1303.00   3.74789286   0.01893939
1304.00   3.74766287   0.01898258
1305.00   3.74743272   0.01902584
1306.00   3.74720240   0.01906916
1307.00   3.74697191   0.01911255
1308.00   3.74674125   0.01915601
1309.00   3.74651044   0.01919952
1310.00   3.74627945   0.01924311
1311.00   3.74604830   0.01928675
1312.00   3.74581699   0.01933046
1313.00   3.74558551   0.01937424
1314.00   3.74535386   0.01941808
1315.00   3.74512205   0.01946199
1316.00   3.74489007   0.01950596
1317.00   3.74465793   0.01955000
1318.00   3.74442562   0.01959410
1319.00   3.74419315   0.01963827
1320.00   3.74396051   0.01968251
1321.00   3.74372771   0.01972680
1322.00   3.74349474   0.01977117
1323.00   3.74326161   0.01981560
1324.00   3.74302831   0.01986009
1325.00   3.74279484   0.01990465
1326.00   3.74256121   0.01994928
1327.00   3.74232742   0.01999397
1328.00   3.74209346   0.02003873
1329.00   3.74185934   0.02008355
1330.00   3.74162505   0.02012844
1331.00   3.74139059   0.02017339
1332.00   3.74115597   0.02021841
1333.00   3.74092119   0.02026350
1334.00   3.74068624   0.02030865
1335.00   3.74045112   0.02035387
1336.00   3.74021584   0.02039915
1337.00   3.73998040   0.02044450
1338.00   3.73974479   0.02048992
1339.00   3.73950902   0.02053540
1340.00   3.73927308   0.02058095
1341.00   3.73903698   0.02062656
1342.00   3.73880071   0.02067224
1343.00   3.73856427   0.02071799
1344.00   3.73832768   0.02076380
1345.00   3.73809091   0.02080968
1346.00   3.73785399   0.02085563
1347.00   3.73761690   0.02090164
1348.00   3.73737964   0.02094772
1349.00   3.73714222   0.02099386
1350.00   3.73690463   0.02104008
1351.00   3.73666688   0.02108636
1352.00   3.73642897   0.02113270
1353.00   3.73619089   0.02117911
1354.00   3.73595265   0.02122559
1355.00   3.73571424   0.02127214
1356.00   3.73547567   0.02131875
1357.00   3.73523693   0.02136543
1358.00   3.73499803   0.02141218
1359.00   3.73475897   0.02145899
1360.00   3.73451974   0.02150587
1361.00   3.73428034   0.02155282
1362.00   3.73404079   0.02159983
1363.00   3.73380106   0.02164692
1364.00   3.73356118   0.02169406
1365.00   3.73332113   0.02174128
1366.00   3.73308091   0.02178857
1367.00   3.73284053   0.02183592
1368.00   3.73259999   0.02188333
1369.00   3.73235929   0.02193082
1370.00   3.73211841   0.02197837
1371.00   3.73187738   0.02202600
1372.00   3.73163618   0.02207368
1373.00   3.73139482   0.02212144
1374.00   3.73115329   0.02216926
1375.00   3.73091160   0.02221716
1376.00   3.73066975   0.02226511
1377.00   3.73042773   0.02231314
1378.00   3.73018554   0.02236124
1379.00   3.72994320   0.02240940
1380.00   3.72970069   0.02245763
1381.00   3.72945801   0.02250593
1382.00   3.72921518   0.02255429
1383.00   3.72897218   0.02260273
1384.00   3.72872901   0.02265123
1385.00   3.72848568   0.02269980
1386.00   3.72824219   0.02274844
1387.00   3.72799853   0.02279715
1388.00   3.72775471   0.02284592
1389.00   3.72751073   0.02289477
1390.00   3.72726658   0.02294368
1391.00   3.72702227   0.02299266
1392.00   3.72677780   0.02304171
1393.00   3.72653316   0.02309083
1394.00   3.72628836   0.02314001
1395.00   3.72604340   0.02318927
1396.00   3.72579827   0.02323859
1397.00   3.72555298   0.02328798
1398.00   3.72530753   0.02333744
1399.00   3.72506191   0.02338697
1400.00   3.72481613   0.02343657
1401.00   3.72457019   0.02348624
1402.00   3.72432408   0.02353597
1403.00   3.72407781   0.02358578
1404.00   3.72383137   0.02363565
1405.00   3.72358478   0.02368560
1406.00   3.72333802   0.02373561
1407.00   3.72309109   0.02378569
1408.00   3.72284401   0.02383584
1409.00   3.72259676   0.02388606
1410.00   3.72234935   0.02393635
1411.00   3.72210177   0.02398670
1412.00   3.72185403   0.02403713
1413.00   3.72160613   0.02408763
1414.00   3.72135807   0.02413819
1415.00   3.72110984   0.02418883
1416.00   3.72086145   0.02423953
1417.00   3.72061290   0.02429031
1418.00   3.72036418   0.02434115
1419.00   3.72011531   0.02439206
1420.00   3.71986627   0.02444305
1421.00   3.71961706   0.02449410
1422.00   3.71936769   0.02454522
1423.00   3.71911817   0.02459641
1424.00   3.71886847   0.02464768
1425.00   3.71861862   0.02469901
1426.00   3.71836860   0.02475041
1427.00   3.71811842   0.02480188
1428.00   3.71786808   0.02485342
1429.00   3.71761757   0.02490503
1430.00   3.71736691   0.02495672
1431.00   3.71711608   0.02500847
1432.00   3.71686509   0.02506029
1433.00   3.71661393   0.02511218
1434.00   3.71636261   0.02516415
1435.00   3.71611113   0.02521618
1436.00   3.71585949   0.02526828
1437.00   3.71560769   0.02532046
1438.00   3.71535572   0.02537270
1439.00   3.71510359   0.02542501
1440.00   3.71485130   0.02547740
1441.00   3.71459885   0.02552985
1442.00   3.71434623   0.02558238
1443.00   3.71409345   0.02563498
1444.00   3.71384051   0.02568765
1445.00   3.71358741   0.02574038
1446.00   3.71333415   0.02579319
1447.00   3.71308072   0.02584607
1448.00   3.71282713   0.02589902
1449.00   3.71257338   0.02595204
1450.00   3.71231947   0.02600514
1451.00   3.71206540   0.02605830
1452.00   3.71181116   0.02611154
1453.00   3.71155676   0.02616484
1454.00   3.71130220   0.02621822
1455.00   3.71104748   0.02627167
1456.00   3.71079260   0.02632519
1457.00   3.71053755   0.02637878
1458.00   3.71028234   0.02643244
1459.00   3.71002698   0.02648617
1460.00   3.70977144   0.02653997
1461.00   3.70951575   0.02659385
1462.00   3.70925990   0.02664780
1463.00   3.70900388   0.02670182
1464.00   3.70874770   0.02675591
1465.00   3.70849137   0.02681007
1466.00   3.70823486   0.02686430
1467.00   3.70797820   0.02691861
1468.00   3.70772138   0.02697298
1469.00   3.70746439   0.02702743
1470.00   3.70720725   0.02708195
1471.00   3.70694994   0.02713654
1472.00   3.70669247   0.02719121
1473.00   3.70643484   0.02724594
1474.00   3.70617705   0.02730075
1475.00   3.70591909   0.02735563
1476.00   3.70566098   0.02741058
1477.00   3.70540270   0.02746561
1478.00   3.70514426   0.02752071
1479.00   3.70488567   0.02757587
1480.00   3.70462691   0.02763111
1481.00   3.70436798   0.02768643
1482.00   3.70410890   0.02774181
1483.00   3.70384966   0.02779727
1484.00   3.70359025   0.02785280
1485.00   3.70333069   0.02790840
1486.00   3.70307096   0.02796408
1487.00   3.70281108   0.02801983
1488.00   3.70255103   0.02807565
1489.00   3.70229082   0.02813154
1490.00   3.70203045   0.02818750
1491.00   3.70176992   0.02824354
1492.00   3.70150922   0.02829965
1493.00   3.70124837   0.02835583
1494.00   3.70098736   0.02841209
1495.00   3.70072618   0.02846842
1496.00   3.70046485   0.02852482
1497.00   3.70020335   0.02858130
1498.00   3.69994169   0.02863785
1499.00   3.69967988   0.02869447
1500.00   3.69941790   0.02875116
1501.00   3.69915576   0.02880793
1502.00   3.69889346   0.02886477
1503.00   3.69863100   0.02892168
1504.00   3.69836838   0.02897867
1505.00   3.69810560   0.02903573
1506.00   3.69784266   0.02909286
1507.00   3.69757955   0.02915007
1508.00   3.69731629   0.02920735
1509.00   3.69705287   0.02926470
1510.00   3.69678929   0.02932213
1511.00   3.69652554   0.02937963
1512.00   3.69626164   0.02943720
1513.00   3.69599757   0.02949485
1514.00   3.69573335   0.02955257
1515.00   3.69546896   0.02961037
1516.00   3.69520442   0.02966824
1517.00   3.69493971   0.02972618
1518.00   3.69467485   0.02978419
1519.00   3.69440982   0.02984228
1520.00   3.69414464   0.02990045
1521.00   3.69387929   0.02995869
1522.00   3.69361378   0.03001700
1523.00   3.69334812   0.03007539
1524.00   3.69308229   0.03013385
1525.00   3.69281631   0.03019238
1526.00   3.69255016   0.03025099
1527.00   3.69228385   0.03030967
1528.00   3.69201739   0.03036843
1529.00   3.69175076   0.03042726
1530.00   3.69148398   0.03048617
1531.00   3.69121703   0.03054515
1532.00   3.69094993   0.03060420
1533.00   3.69068266   0.03066333
1534.00   3.69041524   0.03072253
1535.00   3.69014765   0.03078181
1536.00   3.68987991   0.03084116
1537.00   3.68961200   0.03090059
1538.00   3.68934394   0.03096009
1539.00   3.68907572   0.03101967
1540.00   3.68880734   0.03107932
1541.00   3.68853879   0.03113904
1542.00   3.68827009   0.03119884
1543.00   3.68800123   0.03125872
1544.00   3.68773221   0.03131867
1545.00   3.68746303   0.03137870
1546.00   3.68719369   0.03143880
1547.00   3.68692419   0.03149897
1548.00   3.68665453   0.03155922
1549.00   3.68638472   0.03161955
1550.00   3.68611474   0.03167995
1551.00   3.68584460   0.03174043
1552.00   3.68557431   0.03180098
1553.00   3.68530385   0.03186160
1554.00   3.68503324   0.03192231
1555.00   3.68476247   0.03198308
1556.00   3.68449154   0.03204394
1557.00   3.68422045   0.03210486
1558.00   3.68394920   0.03216587
1559.00   3.68367779   0.03222695
1560.00   3.68340622   0.03228810
1561.00   3.68313449   0.03234933
1562.00   3.68286260   0.03241064
1563.00   3.68259056   0.03247202
1564.00   3.68231836   0.03253348
1565.00   3.68204599   0.03259501
1566.00   3.68177347   0.03265662
1567.00   3.68150079   0.03271831
1568.00   3.68122795   0.03278007
1569.00   3.68095495   0.03284190
1570.00   3.68068180   0.03290382
1571.00   3.68040848   0.03296580
1572.00   3.68013501   0.03302787
1573.00   3.67986137   0.03309001
1574.00   3.67958758   0.03315223
1575.00   3.67931363   0.03321452
1576.00   3.67903952   0.03327689
1577.00   3.67876526   0.03333934
1578.00   3.67849083   0.03340186
1579.00   3.67821625   0.03346446
1580.00   3.67794150   0.03352713
1581.00   3.67766660   0.03358988
1582.00   3.67739154   0.03365271
1583.00   3.67711633   0.03371562
1584.00   3.67684095   0.03377860
1585.00   3.67656542   0.03384166
1586.00   3.67628972   0.03390479
1587.00   3.67601387   0.03396800
1588.00   3.67573786   0.03403129
1589.00   3.67546169   0.03409465
1590.00   3.67518537   0.03415809
1591.00   3.67490888   0.03422161
1592.00   3.67463224   0.03428521
1593.00   3.67435544   0.03434888
1594.00   3.67407848   0.03441263
1595.00   3.67380137   0.03447645
1596.00   3.67352409   0.03454036
1597.00   3.67324666   0.03460434
1598.00   3.67296907   0.03466839
1599.00   3.67269132   0.03473253
1600.00   3.67241342   0.03479674
1601.00   3.67213535   0.03486103
1602.00   3.67185713   0.03492540
1603.00   3.67157875   0.03498984
1604.00   3.67130022   0.03505436
1605.00   3.67102152   0.03511896
1606.00   3.67074267   0.03518364
1607.00   3.67046366   0.03524839
1608.00   3.67018449   0.03531322
1609.00   3.66990516   0.03537813
1610.00   3.66962568   0.03544311
1611.00   3.66934604   0.03550818
1612.00   3.66906624   0.03557332
1613.00   3.66878629   0.03563854
1614.00   3.66850617   0.03570384
1615.00   3.66822590   0.03576921
1616.00   3.66794547   0.03583466
1617.00   3.66766489   0.03590019
1618.00   3.66738414   0.03596580
1619.00   3.66710324   0.03603149
1620.00   3.66682219   0.03609725
1621.00   3.66654097   0.03616310
1622.00   3.66625960   0.03622902
1623.00   3.66597807   0.03629502
1624.00   3.66569638   0.03636109
1625.00   3.66541454   0.03642725
1626.00   3.66513254   0.03649348
1627.00   3.66485038   0.03655980
1628.00   3.66456806   0.03662619
1629.00   3.66428559   0.03669266
1630.00   3.66400296   0.03675920
1631.00   3.66372017   0.03682583
1632.00   3.66343723   0.03689253
1633.00   3.66315413   0.03695932
1634.00   3.66287087   0.03702618
1635.00   3.66258746   0.03709312
1636.00   3.66230389   0.03716014
1637.00   3.66202016   0.03722723
1638.00   3.66173628   0.03729441
1639.00   3.66145223   0.03736167
1640.00   3.66116804   0.03742900
1641.00   3.66088368   0.03749641
1642.00   3.66059917   0.03756391
1643.00   3.66031450   0.03763148
1644.00   3.66002968   0.03769913
1645.00   3.65974469   0.03776686
1646.00   3.65945956   0.03783466
1647.00   3.65917426   0.03790255
1648.00   3.65888881   0.03797052
1649.00   3.65860320   0.03803856
1650.00   3.65831744   0.03810669
1651.00   3.65803152   0.03817489
1652.00   3.65774544   0.03824317
1653.00   3.65745921   0.03831154
1654.00   3.65717282   0.03837998
1655.00   3.65688627   0.03844850
1656.00   3.65659957   0.03851710
1657.00   3.65631271   0.03858578
1658.00   3.65602570   0.03865454
1659.00   3.65573853   0.03872338
1660.00   3.65545120   0.03879230
1661.00   3.65516372   0.03886130
1662.00   3.65487608   0.03893038
1663.00   3.65458828   0.03899954
1664.00   3.65430033   0.03906878
1665.00   3.65401222   0.03913810
1666.00   3.65372396   0.03920749
1667.00   3.65343554   0.03927697
1668.00   3.65314696   0.03934653
1669.00   3.65285823   0.03941617
1670.00   3.65256935   0.03948589
1671.00   3.65228030   0.03955569
1672.00   3.65199110   0.03962556
1673.00   3.65170175   0.03969552
1674.00   3.65141224   0.03976556
1675.00   3.65112257   0.03983568
1676.00   3.65083275   0.03990588
1677.00   3.65054277   0.03997616
1678.00   3.65025264   0.04004652
1679.00   3.64996235   0.04011696
1680.00   3.64967191   0.04018748
1681.00   3.64938131   0.04025808
1682.00   3.64909055   0.04032877
1683.00   3.64879964   0.04039953
1684.00   3.64850857   0.04047037
1685.00   3.64821735   0.04054130
1686.00   3.64792598   0.04061230
1687.00   3.64763444   0.04068339
1688.00   3.64734276   0.04075455
1689.00   3.64705091   0.04082580
1690.00   3.64675891   0.04089713
1691.00   3.64646676   0.04096854
1692.00   3.64617445   0.04104003
1693.00   3.64588199   0.04111160
1694.00   3.64558937   0.04118325
1695.00   3.64529659   0.04125498
1696.00   3.64500366   0.04132679
1697.00   3.64471058   0.04139869
1698.00   3.64441734   0.04147067
1699.00   3.64412395   0.04154272
1700.00   3.64383040   0.04161486
1701.00   3.64353669   0.04168708
1702.00   3.64324283   0.04175938
1703.00   3.64294882   0.04183177
1704.00   3.64265465   0.04190423
1705.00   3.64236032   0.04197677
1706.00   3.64206584   0.04204940
1707.00   3.64177121   0.04212211
1708.00   3.64147642   0.04219490
1709.00   3.64118148   0.04226777
1710.00   3.64088638   0.04234072
1711.00   3.64059113   0.04241376
1712.00   3.64029572   0.04248688
1713.00   3.64000016   0.04256007
1714.00   3.63970444   0.04263335
1715.00   3.63940857   0.04270672
1716.00   3.63911255   0.04278016
1717.00   3.63881637   0.04285369
1718.00   3.63852003   0.04292729
1719.00   3.63822354   0.04300098
1720.00   3.63792690   0.04307476
1721.00   3.63763010   0.04314861
1722.00   3.63733315   0.04322255
1723.00   3.63703605   0.04329656
1724.00   3.63673878   0.04337066
1725.00   3.63644137   0.04344485
1726.00   3.63614380   0.04351911
1727.00   3.63584608   0.04359346
1728.00   3.63554820   0.04366789
1729.00   3.63525017   0.04374240
1730.00   3.63495198   0.04381700
1731.00   3.63465364   0.04389167
1732.00   3.63435515   0.04396643
1733.00   3.63405650   0.04404127
1734.00   3.63375770   0.04411620
1735.00   3.63345875   0.04419121
1736.00   3.63315964   0.04426630
1737.00   3.63286037   0.04434147
1738.00   3.63256096   0.04441672
1739.00   3.63226139   0.04449206
1740.00   3.63196166   0.04456748
1741.00   3.63166178   0.04464299
1742.00   3.63136175   0.04471857
1743.00   3.63106157   0.04479424
1744.00   3.63076123   0.04486999
1745.00   3.63046073   0.04494583
1746.00   3.63016009   0.04502175
1747.00   3.62985929   0.04509775
1748.00   3.62955833   0.04517384
1749.00   3.62925722   0.04525000
1750.00   3.62895596   0.04532626
1751.00   3.62865455   0.04540259
1752.00   3.62835298   0.04547901
1753.00   3.62805126   0.04555551
1754.00   3.62774939   0.04563209
1755.00   3.62744736   0.04570876
1756.00   3.62714518   0.04578551
1757.00   3.62684284   0.04586235
1758.00   3.62654035   0.04593927
1759.00   3.62623771   0.04601627
1760.00   3.62593492   0.04609335
1761.00   3.62563197   0.04617052
1762.00   3.62532887   0.04624778
1763.00   3.62502562   0.04632511
1764.00   3.62472221   0.04640253
1765.00   3.62441865   0.04648004
1766.00   3.62411494   0.04655762
1767.00   3.62381107   0.04663530
1768.00   3.62350706   0.04671305
1769.00   3.62320289   0.04679089
1770.00   3.62289856   0.04686882
1771.00   3.62259408   0.04694682
1772.00   3.62228945   0.04702492
1773.00   3.62198467   0.04710309
1774.00   3.62167974   0.04718135
1775.00   3.62137465   0.04725970
1776.00   3.62106941   0.04733812
1777.00   3.62076401   0.04741664
1778.00   3.62045847   0.04749523
1779.00   3.62015277   0.04757392
1780.00   3.61984692   0.04765268
1781.00   3.61954091   0.04773153
1782.00   3.61923476   0.04781047
1783.00   3.61892845   0.04788949
1784.00   3.61862199   0.04796859
1785.00   3.61831537   0.04804778
1786.00   3.61800861   0.04812705
1787.00   3.61770169   0.04820641
1788.00   3.61739462   0.04828585
1789.00   3.61708740   0.04836538
1790.00   3.61678002   0.04844499
1791.00   3.61647249   0.04852468
1792.00   3.61616481   0.04860447
1793.00   3.61585698   0.04868433
1794.00   3.61554900   0.04876428
1795.00   3.61524086   0.04884432
1796.00   3.61493257   0.04892444
1797.00   3.61462413   0.04900465
1798.00   3.61431554   0.04908494
1799.00   3.61400680   0.04916531
1800.00   3.61369790   0.04924577
1801.00   3.61338885   0.04932632
1802.00   3.61307965   0.04940695
1803.00   3.61277030   0.04948767
1804.00   3.61246080   0.04956847
1805.00   3.61215114   0.04964936
1806.00   3.61184133   0.04973033
1807.00   3.61153137   0.04981139
1808.00   3.61122126   0.04989254
1809.00   3.61091100   0.04997376
1810.00   3.61060059   0.05005508
1811.00   3.61029002   0.05013648
1812.00   3.60997931   0.05021797
1813.00   3.60966844   0.05029954
1814.00   3.60935742   0.05038119
1815.00   3.60904624   0.05046294
1816.00   3.60873492   0.05054477
1817.00   3.60842345   0.05062668
1818.00   3.60811182   0.05070868
1819.00   3.60780004   0.05079077
1820.00   3.60748811   0.05087294
1821.00   3.60717603   0.05095520
1822.00   3.60686380   0.05103754
1823.00   3.60655142   0.05111997
1824.00   3.60623889   0.05120249
1825.00   3.60592620   0.05128509
1826.00   3.60561337   0.05136778
1827.00   3.60530038   0.05145055
1828.00   3.60498724   0.05153342
1829.00   3.60467395   0.05161636
1830.00   3.60436051   0.05169940
1831.00   3.60404692   0.05178252
1832.00   3.60373318   0.05186572
1833.00   3.60341928   0.05194901
1834.00   3.60310524   0.05203239
1835.00   3.60279105   0.05211586
1836.00   3.60247670   0.05219941
1837.00   3.60216220   0.05228305
1838.00   3.60184756   0.05236677
1839.00   3.60153276   0.05245058
1840.00   3.60121781   0.05253448
1841.00   3.60090271   0.05261847
1842.00   3.60058746   0.05270254
1843.00   3.60027206   0.05278670
1844.00   3.59995651   0.05287094
1845.00   3.59964081   0.05295528
1846.00   3.59932495   0.05303969
1847.00   3.59900895   0.05312420
1848.00   3.59869280   0.05320879
1849.00   3.59837649   0.05329347
1850.00   3.59806004   0.05337824
1851.00   3.59774344   0.05346309
1852.00   3.59742668   0.05354804
1853.00   3.59710978   0.05363306
1854.00   3.59679272   0.05371818
1855.00   3.59647552   0.05380338
1856.00   3.59615816   0.05388867
1857.00   3.59584065   0.05397405
1858.00   3.59552300   0.05405951
1859.00   3.59520519   0.05414507
1860.00   3.59488724   0.05423071
1861.00   3.59456913   0.05431643
1862.00   3.59425087   0.05440225
1863.00   3.59393247   0.05448815
1864.00   3.59361391   0.05457414
1865.00   3.59329521   0.05466021
1866.00   3.59297635   0.05474638
1867.00   3.59265734   0.05483263
1868.00   3.59233819   0.05491897
1869.00   3.59201888   0.05500540
1870.00   3.59169943   0.05509192
1871.00   3.59137982   0.05517852
1872.00   3.59106007   0.05526521
1873.00   3.59074016   0.05535199
1874.00   3.59042011   0.05543886
1875.00   3.59009991   0.05552581
1876.00   3.58977955   0.05561285
1877.00   3.58945905   0.05569999
1878.00   3.58913840   0.05578720
1879.00   3.58881760   0.05587451
1880.00   3.58849665   0.05596191
1881.00   3.58817555   0.05604939
1882.00   3.58785430   0.05613696
1883.00   3.58753290   0.05622462
1884.00   3.58721135   0.05631237
1885.00   3.58688965   0.05640021
1886.00   3.58656781   0.05648813
1887.00   3.58624581   0.05657615
1888.00   3.58592366   0.05666425
1889.00   3.58560137   0.05675244
1890.00   3.58527893   0.05684072
1891.00   3.58495633   0.05692909
1892.00   3.58463359   0.05701754
1893.00   3.58431070   0.05710609
1894.00   3.58398766   0.05719472
1895.00   3.58366447   0.05728344
1896.00   3.58334114   0.05737225
1897.00   3.58301765   0.05746115
1898.00   3.58269401   0.05755014
1899.00   3.58237023   0.05763922
1900.00   3.58204630   0.05772839
1901.00   3.58172222   0.05781764
1902.00   3.58139799   0.05790699
1903.00   3.58107361   0.05799642
1904.00   3.58074908   0.05808594
1905.00   3.58042440   0.05817555
1906.00   3.58009958   0.05826525
1907.00   3.57977460   0.05835504
1908.00   3.57944948   0.05844492
1909.00   3.57912421   0.05853489
1910.00   3.57879879   0.05862495
1911.00   3.57847322   0.05871509
1912.00   3.57814751   0.05880533
1913.00   3.57782164   0.05889566
1914.00   3.57749563   0.05898607
1915.00   3.57716947   0.05907658
1916.00   3.57684316   0.05916717
1917.00   3.57651670   0.05925785
1918.00   3.57619010   0.05934862
1919.00   3.57586335   0.05943949
1920.00   3.57553644   0.05953044
1921.00   3.57520939   0.05962148
1922.00   3.57488219   0.05971261
1923.00   3.57455485   0.05980383
1924.00   3.57422735   0.05989514
1925.00   3.57389971   0.05998655
1926.00   3.57357192   0.06007804
1927.00   3.57324398   0.06016962
1928.00   3.57291590   0.06026129
1929.00   3.57258766   0.06035305
1930.00   3.57225928   0.06044490
1931.00   3.57193075   0.06053684
1932.00   3.57160208   0.06062887
1933.00   3.57127325   0.06072099
1934.00   3.57094428   0.06081320
1935.00   3.57061516   0.06090550
1936.00   3.57028589   0.06099789
1937.00   3.56995647   0.06109037
1938.00   3.56962691   0.06118294
1939.00   3.56929720   0.06127561
1940.00   3.56896734   0.06136836
1941.00   3.56863734   0.06146120
1942.00   3.56830718   0.06155413
1943.00   3.56797688   0.06164716
1944.00   3.56764644   0.06174027
1945.00   3.56731584   0.06183348
1946.00   3.56698510   0.06192677
1947.00   3.56665421   0.06202016
1948.00   3.56632317   0.06211363
1949.00   3.56599199   0.06220720
1950.00   3.56566066   0.06230086
1951.00   3.56532918   0.06239461
1952.00   3.56499755   0.06248845
1953.00   3.56466578   0.06258238
1954.00   3.56433386   0.06267640
1955.00   3.56400179   0.06277051
1956.00   3.56366958   0.06286471
1957.00   3.56333722   0.06295901
1958.00   3.56300471   0.06305339
1959.00   3.56267206   0.06314787
1960.00   3.56233926   0.06324243
1961.00   3.56200631   0.06333709
1962.00   3.56167321   0.06343184
1963.00   3.56133997   0.06352668
1964.00   3.56100658   0.06362161
1965.00   3.56067305   0.06371664
1966.00   3.56033937   0.06381175
1967.00   3.56000554   0.06390696
1968.00   3.55967156   0.06400225
1969.00   3.55933744   0.06409764
1970.00   3.55900317   0.06419312
1971.00   3.55866876   0.06428869
1972.00   3.55833420   0.06438436
1973.00   3.55799949   0.06448011
1974.00   3.55766464   0.06457596
1975.00   3.55732964   0.06467189
1976.00   3.55699449   0.06476792
1977.00   3.55665920   0.06486404
1978.00   3.55632376   0.06496026
1979.00   3.55598818   0.06505656
1980.00   3.55565244   0.06515296
1981.00   3.55531657   0.06524944
1982.00   3.55498054   0.06534602
1983.00   3.55464437   0.06544270
1984.00   3.55430806   0.06553946
1985.00   3.55397160   0.06563632
1986.00   3.55363499   0.06573326
1987.00   3.55329824   0.06583030
1988.00   3.55296134   0.06592743
1989.00   3.55262429   0.06602466
1990.00   3.55228710   0.06612197
1991.00   3.55194976   0.06621938
1992.00   3.55161228   0.06631688
1993.00   3.55127465   0.06641448
1994.00   3.55093688   0.06651216
1995.00   3.55059896   0.06660994
1996.00   3.55026089   0.06670781
1997.00   3.54992268   0.06680577
1998.00   3.54958432   0.06690382
1999.00   3.54924582   0.06700197
2000.00   3.54890717   0.06710021
