wavelength(nm)         real         imag
200.00   3.89069907   0.00017776
201.00   3.89060586   0.00018044
202.00   3.89051219   0.00018314
203.00   3.89041805   0.00018588
204.00   3.89032345   0.00018864
205.00   3.89022839   0.00019142
206.00   3.89013286   0.00019424
207.00   3.89003687   0.00019708
208.00   3.88994041   0.00019995
209.00   3.88984349   0.00020284
210.00   3.88974611   0.00020577
211.00   3.88964826   0.00020872
212.00   3.88954994   0.00021170
213.00   3.88945117   0.00021471
214.00   3.88935193   0.00021775
215.00   3.88925222   0.00022082
216.00   3.88915205   0.00022391
217.00   3.88905142   0.00022703
218.00   3.88895032   0.00023019
219.00   3.88884876   0.00023337
220.00   3.88874674   0.00023658
221.00   3.88864425   0.00023982
222.00   3.88854129   0.00024309
223.00   3.88843788   0.00024639
224.00   3.88833399   0.00024971
225.00   3.88822965   0.00025307
226.00   3.88812484   0.00025646
227.00   3.88801957   0.00025988
228.00   3.88791383   0.00026333
229.00   3.88780763   0.00026681
230.00   3.88770097   0.00027032
231.00   3.88759384   0.00027386
232.00   3.88748624   0.00027743
233.00   3.88737819   0.00028103
234.00   3.88726967   0.00028466
235.00   3.88716069   0.00028832
236.00   3.88705124   0.00029202
237.00   3.88694133   0.00029575
238.00   3.88683095   0.00029950
239.00   3.88672011   0.00030329
240.00   3.88660881   0.00030712
241.00   3.88649704   0.00031097
242.00   3.88638481   0.00031486
243.00   3.88627212   0.00031877
244.00   3.88615896   0.00032272
245.00   3.88604534   0.00032671
246.00   3.88593125   0.00033072
247.00   3.88581671   0.00033477
248.00   3.88570169   0.00033885
249.00   3.88558622   0.00034296
250.00   3.88547028   0.00034711
251.00   3.88535387   0.00035129
252.00   3.88523701   0.00035551
253.00   3.88511968   0.00035975
254.00   3.88500188   0.00036403
255.00   3.88488363   0.00036835
256.00   3.88476490   0.00037270
257.00   3.88464572   0.00037708
258.00   3.88452607   0.00038150
259.00   3.88440596   0.00038595
260.00   3.88428538   0.00039044
261.00   3.88416435   0.00039496
262.00   3.88404284   0.00039951
263.00   3.88392088   0.00040410
264.00   3.88379845   0.00040873
265.00   3.88367556   0.00041339
266.00   3.88355220   0.00041808
267.00   3.88342838   0.00042281
268.00   3.88330410   0.00042758
269.00   3.88317935   0.00043238
270.00   3.88305414   0.00043722
271.00   3.88292847   0.00044209
272.00   3.88280233   0.00044700
273.00   3.88267573   0.00045195
274.00   3.88254867   0.00045693
275.00   3.88242114   0.00046195
276.00   3.88229315   0.00046701
277.00   3.88216470   0.00047210
278.00   3.88203578   0.00047723
279.00   3.88190640   0.00048239
280.00   3.88177656   0.00048760
281.00   3.88164626   0.00049284
282.00   3.88151549   0.00049811
283.00   3.88138425   0.00050343
284.00   3.88125256   0.00050878
285.00   3.88112040   0.00051417
286.00   3.88098778   0.00051960
287.00   3.88085469   0.00052507
288.00   3.88072114   0.00053057
289.00   3.88058713   0.00053612
290.00   3.88045266   0.00054170
291.00   3.88031772   0.00054732
292.00   3.88018232   0.00055298
293.00   3.88004646   0.00055868
294.00   3.87991013   0.00056441
295.00   3.87977334   0.00057019
296.00   3.87963609   0.00057600
297.00   3.87949837   0.00058186
298.00   3.87936020   0.00058775
299.00   3.87922155   0.00059369
300.00   3.87908245   0.00059966
301.00   3.87894288   0.00060567
302.00   3.87880285   0.00061173
303.00   3.87866236   0.00061782
304.00   3.87852140   0.00062395
305.00   3.87837998   0.00063013
306.00   3.87823810   0.00063634
307.00   3.87809576   0.00064260
308.00   3.87795295   0.00064889
309.00   3.87780968   0.00065523
310.00   3.87766595   0.00066161
311.00   3.87752175   0.00066803
312.00   3.87737709   0.00067449
313.00   3.87723197   0.00068099
314.00   3.87708639   0.00068754
315.00   3.87694034   0.00069412
316.00   3.87679383   0.00070075
317.00   3.87664686   0.00070742
318.00   3.87649943   0.00071413
319.00   3.87635153   0.00072088
320.00   3.87620317   0.00072768
321.00   3.87605435   0.00073452
322.00   3.87590506   0.00074140
323.00   3.87575531   0.00074833
324.00   3.87560510   0.00075529
325.00   3.87545443   0.00076230
326.00   3.87530329   0.00076936
327.00   3.87515170   0.00077646
328.00   3.87499964   0.00078360
329.00   3.87484711   0.00079078
330.00   3.87469413   0.00079801
331.00   3.87454068   0.00080528
332.00   3.87438677   0.00081260
333.00   3.87423240   0.00081996
334.00   3.87407756   0.00082736
335.00   3.87392227   0.00083481
336.00   3.87376651   0.00084230
337.00   3.87361028   0.00084984
338.00   3.87345360   0.00085742
339.00   3.87329645   0.00086505
340.00   3.87313884   0.00087272
341.00   3.87298077   0.00088044
342.00   3.87282224   0.00088820
343.00   3.87266324   0.00089601
344.00   3.87250378   0.00090386
345.00   3.87234386   0.00091176
346.00   3.87218348   0.00091971
347.00   3.87202264   0.00092770
348.00   3.87186133   0.00093574
349.00   3.87169956   0.00094382
350.00   3.87153733   0.00095195
351.00   3.87137464   0.00096013
352.00   3.87121148   0.00096835
353.00   3.87104786   0.00097662
354.00   3.87088379   0.00098494
355.00   3.87071924   0.00099330
356.00   3.87055424   0.00100172
357.00   3.87038878   0.00101017
358.00   3.87022285   0.00101868
359.00   3.87005646   0.00102723
360.00   3.86988961   0.00103584
361.00   3.86972229   0.00104448
362.00   3.86955452   0.00105318
363.00   3.86938628   0.00106193
364.00   3.86921758   0.00107072
365.00   3.86904842   0.00107956
366.00   3.86887880   0.00108845
367.00   3.86870872   0.00109739
368.00   3.86853817   0.00110638
369.00   3.86836716   0.00111541
370.00   3.86819569   0.00112450
371.00   3.86802376   0.00113363
372.00   3.86785137   0.00114282
373.00   3.86767851   0.00115205
374.00   3.86750520   0.00116133
375.00   3.86733142   0.00117067
376.00   3.86715718   0.00118005
377.00   3.86698248   0.00118948
378.00   3.86680731   0.00119896
379.00   3.86663169   0.00120850
380.00   3.86645560   0.00121808
381.00   3.86627905   0.00122771
382.00   3.86610205   0.00123740
383.00   3.86592457   0.00124713
384.00   3.86574664   0.00125692
385.00   3.86556825   0.00126675
386.00   3.86538939   0.00127664
387.00   3.86521008   0.00128658
388.00   3.86503030   0.00129657
389.00   3.86485006   0.00130661
390.00   3.86466936   0.00131670
391.00   3.86448820   0.00132685
392.00   3.86430657   0.00133705
393.00   3.86412449   0.00134729
394.00   3.86394194   0.00135760
395.00   3.86375893   0.00136795
396.00   3.86357547   0.00137836
397.00   3.86339154   0.00138881
398.00   3.86320715   0.00139932
399.00   3.86302229   0.00140989
400.00   3.86283698   0.00142051
401.00   3.86265121   0.00143118
402.00   3.86246497   0.00144190
403.00   3.86227827   0.00145268
404.00   3.86209111   0.00146351
405.00   3.86190350   0.00147439
406.00   3.86171542   0.00148533
407.00   3.86152687   0.00149632
408.00   3.86133787   0.00150736
409.00   3.86114841   0.00151846
410.00   3.86095849   0.00152962
411.00   3.86076810   0.00154082
412.00   3.86057725   0.00155209
413.00   3.86038595   0.00156340
414.00   3.86019418   0.00157478
415.00   3.86000195   0.00158620
416.00   3.85980926   0.00159769
417.00   3.85961611   0.00160922
418.00   3.85942250   0.00162082
419.00   3.85922843   0.00163246
420.00   3.85903390   0.00164417
421.00   3.85883890   0.00165593
422.00   3.85864345   0.00166774
423.00   3.85844753   0.00167961
424.00   3.85825116   0.00169154
425.00   3.85805432   0.00170352
426.00   3.85785703   0.00171556
427.00   3.85765927   0.00172766
428.00   3.85746105   0.00173981
429.00   3.85726237   0.00175202
430.00   3.85706323   0.00176429
431.00   3.85686363   0.00177661
432.00   3.85666357   0.00178899
433.00   3.85646305   0.00180143
434.00   3.85626207   0.00181393
435.00   3.85606063   0.00182648
436.00   3.85585873   0.00183909
437.00   3.85565637   0.00185176
438.00   3.85545354   0.00186449
439.00   3.85525026   0.00187727
440.00   3.85504652   0.00189011
441.00   3.85484231   0.00190301
442.00   3.85463765   0.00191597
443.00   3.85443253   0.00192899
444.00   3.85422694   0.00194207
445.00   3.85402090   0.00195521
446.00   3.85381439   0.00196840
447.00   3.85360743   0.00198165
448.00   3.85340000   0.00199497
449.00   3.85319212   0.00200834
450.00   3.85298377   0.00202177
451.00   3.85277497   0.00203526
452.00   3.85256570   0.00204882
453.00   3.85235598   0.00206243
454.00   3.85214579   0.00207610
455.00   3.85193515   0.00208983
456.00   3.85172404   0.00210362
457.00   3.85151247   0.00211747
458.00   3.85130045   0.00213139
459.00   3.85108796   0.00214536
460.00   3.85087502   0.00215940
461.00   3.85066161   0.00217349
462.00   3.85044775   0.00218765
463.00   3.85023342   0.00220186
464.00   3.85001864   0.00221614
465.00   3.84980340   0.00223048
466.00   3.84958769   0.00224489
467.00   3.84937153   0.00225935
468.00   3.84915491   0.00227388
469.00   3.84893782   0.00228846
470.00   3.84872028   0.00230311
471.00   3.84850228   0.00231783
472.00   3.84828382   0.00233260
473.00   3.84806490   0.00234744
474.00   3.84784551   0.00236234
475.00   3.84762567   0.00237730
476.00   3.84740537   0.00239233
477.00   3.84718462   0.00240741
478.00   3.84696340   0.00242257
479.00   3.84674172   0.00243778
480.00   3.84651958   0.00245306
481.00   3.84629698   0.00246840
482.00   3.84607393   0.00248381
483.00   3.84585041   0.00249928
484.00   3.84562644   0.00251481
485.00   3.84540200   0.00253041
486.00   3.84517711   0.00254607
487.00   3.84495176   0.00256179
488.00   3.84472595   0.00257759
489.00   3.84449967   0.00259344
490.00   3.84427294   0.00260936
491.00   3.84404575   0.00262535
492.00   3.84381811   0.00264140
493.00   3.84359000   0.00265751
494.00   3.84336143   0.00267369
495.00   3.84313241   0.00268994
496.00   3.84290292   0.00270625
497.00   3.84267298   0.00272262
498.00   3.84244258   0.00273907
499.00   3.84221171   0.00275558
500.00   3.84198039   0.00277215
501.00   3.84174861   0.00278879
502.00   3.84151638   0.00280550
503.00   3.84128368   0.00282227
504.00   3.84105052   0.00283911
505.00   3.84081691   0.00285602
506.00   3.84058284   0.00287299
507.00   3.84034830   0.00289003
508.00   3.84011331   0.00290714
509.00   3.83987786   0.00292431
510.00   3.83964196   0.00294156
511.00   3.83940559   0.00295887
512.00   3.83916876   0.00297624
513.00   3.83893148   0.00299369
514.00   3.83869374   0.00301120
515.00   3.83845554   0.00302878
516.00   3.83821688   0.00304643
517.00   3.83797776   0.00306415
518.00   3.83773818   0.00308194
519.00   3.83749815   0.00309979
520.00   3.83725766   0.00311771
521.00   3.83701670   0.00313570
522.00   3.83677529   0.00315376
523.00   3.83653343   0.00317189
524.00   3.83629110   0.00319009
525.00   3.83604831   0.00320836
526.00   3.83580507   0.00322670
527.00   3.83556137   0.00324511
528.00   3.83531721   0.00326358
529.00   3.83507259   0.00328213
530.00   3.83482752   0.00330075
531.00   3.83458198   0.00331943
532.00   3.83433599   0.00333819
533.00   3.83408954   0.00335702
534.00   3.83384263   0.00337591
535.00   3.83359527   0.00339488
536.00   3.83334745   0.00341392
537.00   3.83309916   0.00343303
538.00   3.83285042   0.00345221
539.00   3.83260123   0.00347146
540.00   3.83235157   0.00349079
541.00   3.83210146   0.00351018
542.00   3.83185089   0.00352965
543.00   3.83159986   0.00354919
544.00   3.83134837   0.00356880
545.00   3.83109643   0.00358848
546.00   3.83084402   0.00360823
547.00   3.83059116   0.00362806
548.00   3.83033785   0.00364795
549.00   3.83008407   0.00366792
550.00   3.82982984   0.00368797
551.00   3.82957515   0.00370808
552.00   3.82932000   0.00372827
553.00   3.82906440   0.00374853
554.00   3.82880833   0.00376887
555.00   3.82855181   0.00378927
556.00   3.82829484   0.00380976
557.00   3.82803740   0.00383031
558.00   3.82777951   0.00385094
559.00   3.82752116   0.00387164
560.00   3.82726235   0.00389242
561.00   3.82700309   0.00391327
562.00   3.82674337   0.00393419
563.00   3.82648319   0.00395519
564.00   3.82622255   0.00397626
565.00   3.82596146   0.00399741
566.00   3.82569991   0.00401863
567.00   3.82543790   0.00403992
568.00   3.82517544   0.00406129
569.00   3.82491252   0.00408274
570.00   3.82464914   0.00410426
571.00   3.82438530   0.00412586
572.00   3.82412101   0.00414753
573.00   3.82385626   0.00416928
574.00   3.82359106   0.00419110
575.00   3.82332539   0.00421300
576.00   3.82305927   0.00423497
577.00   3.82279270   0.00425702
578.00   3.82252566   0.00427915
579.00   3.82225817   0.00430135
580.00   3.82199022   0.00432363
581.00   3.82172182   0.00434599
582.00   3.82145296   0.00436842
583.00   3.82118364   0.00439093
584.00   3.82091387   0.00441352
585.00   3.82064364   0.00443618
586.00   3.82037295   0.00445892
587.00   3.82010181   0.00448174
588.00   3.81983021   0.00450464
589.00   3.81955815   0.00452761
590.00   3.81928564   0.00455066
591.00   3.81901267   0.00457379
592.00   3.81873925   0.00459700
593.00   3.81846536   0.00462029
594.00   3.81819103   0.00464365
595.00   3.81791623   0.00466709
596.00   3.81764098   0.00469061
597.00   3.81736527   0.00471421
598.00   3.81708911   0.00473789
599.00   3.81681249   0.00476164
600.00   3.81653541   0.00478548
601.00   3.81625788   0.00480939
602.00   3.81597989   0.00483339
603.00   3.81570145   0.00485746
604.00   3.81542255   0.00488161
605.00   3.81514319   0.00490585
606.00   3.81486338   0.00493016
607.00   3.81458312   0.00495455
608.00   3.81430239   0.00497902
609.00   3.81402121   0.00500358
610.00   3.81373958   0.00502821
611.00   3.81345749   0.00505292
612.00   3.81317494   0.00507772
613.00   3.81289194   0.00510259
614.00   3.81260848   0.00512755
615.00   3.81232456   0.00515258
616.00   3.81204019   0.00517770
617.00   3.81175537   0.00520290
618.00   3.81147009   0.00522818
619.00   3.81118435   0.00525354
620.00   3.81089816   0.00527898
621.00   3.81061151   0.00530451
622.00   3.81032441   0.00533011
623.00   3.81003685   0.00535580
624.00   3.80974883   0.00538157
625.00   3.80946036   0.00540743
626.00   3.80917144   0.00543336
627.00   3.80888206   0.00545938
628.00   3.80859222   0.00548548
629.00   3.80830193   0.00551166
630.00   3.80801119   0.00553793
631.00   3.80771999   0.00556428
632.00   3.80742833   0.00559071
633.00   3.80713622   0.00561723
634.00   3.80684365   0.00564383
635.00   3.80655063   0.00567051
636.00   3.80625716   0.00569727
637.00   3.80596322   0.00572412
638.00   3.80566884   0.00575106
639.00   3.80537400   0.00577808
640.00   3.80507870   0.00580518
641.00   3.80478295   0.00583236
642.00   3.80448674   0.00585964
643.00   3.80419008   0.00588699
644.00   3.80389297   0.00591443
645.00   3.80359540   0.00594196
646.00   3.80329737   0.00596957
647.00   3.80299889   0.00599726
648.00   3.80269996   0.00602504
649.00   3.80240057   0.00605291
650.00   3.80210072   0.00608086
651.00   3.80180043   0.00610889
652.00   3.80149967   0.00613702
653.00   3.80119847   0.00616522
654.00   3.80089681   0.00619352
655.00   3.80059469   0.00622190
656.00   3.80029212   0.00625036
657.00   3.79998909   0.00627892
658.00   3.79968562   0.00630755
659.00   3.79938168   0.00633628
660.00   3.79907729   0.00636509
661.00   3.79877245   0.00639399
662.00   3.79846716   0.00642298
663.00   3.79816141   0.00645205
664.00   3.79785520   0.00648121
665.00   3.79754854   0.00651046
666.00   3.79724143   0.00653980
667.00   3.79693386   0.00656922
668.00   3.79662584   0.00659873
669.00   3.79631737   0.00662833
670.00   3.79600844   0.00665802
671.00   3.79569906   0.00668779
672.00   3.79538922   0.00671765
673.00   3.79507893   0.00674761
674.00   3.79476819   0.00677765
675.00   3.79445699   0.00680777
676.00   3.79414534   0.00683799
677.00   3.79383324   0.00686830
678.00   3.79352068   0.00689869
679.00   3.79320767   0.00692918
680.00   3.79289420   0.00695975
681.00   3.79258028   0.00699042
682.00   3.79226591   0.00702117
683.00   3.79195108   0.00705201
684.00   3.79163580   0.00708294
685.00   3.79132007   0.00711397
686.00   3.79100388   0.00714508
687.00   3.79068724   0.00717628
688.00   3.79037015   0.00720758
689.00   3.79005260   0.00723896
690.00   3.78973460   0.00727043
691.00   3.78941615   0.00730200
692.00   3.78909724   0.00733365
693.00   3.78877788   0.00736540
694.00   3.78845807   0.00739724
695.00   3.78813781   0.00742917
696.00   3.78781709   0.00746119
697.00   3.78749592   0.00749330
698.00   3.78717429   0.00752550
699.00   3.78685221   0.00755780
700.00   3.78652968   0.00759018
701.00   3.78620670   0.00762266
702.00   3.78588326   0.00765523
703.00   3.78555938   0.00768790
704.00   3.78523503   0.00772065
705.00   3.78491024   0.00775350
706.00   3.78458499   0.00778644
707.00   3.78425929   0.00781947
708.00   3.78393314   0.00785260
709.00   3.78360654   0.00788582
710.00   3.78327948   0.00791913
711.00   3.78295197   0.00795254
712.00   3.78262401   0.00798603
713.00   3.78229559   0.00801963
714.00   3.78196672   0.00805331
715.00   3.78163741   0.00808709
716.00   3.78130763   0.00812097
717.00   3.78097741   0.00815493
718.00   3.78064673   0.00818900
719.00   3.78031560   0.00822315
720.00   3.77998402   0.00825740
721.00   3.77965199   0.00829175
722.00   3.77931950   0.00832619
723.00   3.77898657   0.00836072
724.00   3.77865318   0.00839535
725.00   3.77831934   0.00843008
726.00   3.77798504   0.00846490
727.00   3.77765030   0.00849981
728.00   3.77731510   0.00853482
729.00   3.77697945   0.00856993
730.00   3.77664335   0.00860513
731.00   3.77630680   0.00864043
732.00   3.77596979   0.00867582
733.00   3.77563234   0.00871131
734.00   3.77529443   0.00874689
735.00   3.77495607   0.00878258
736.00   3.77461726   0.00881835
737.00   3.77427800   0.00885423
738.00   3.77393828   0.00889020
739.00   3.77359812   0.00892627
740.00   3.77325750   0.00896243
741.00   3.77291643   0.00899870
742.00   3.77257491   0.00903505
743.00   3.77223294   0.00907151
744.00   3.77189052   0.00910807
745.00   3.77154764   0.00914472
746.00   3.77120432   0.00918147
747.00   3.77086054   0.00921831
748.00   3.77051631   0.00925526
749.00   3.77017163   0.00929230
750.00   3.76982650   0.00932944
751.00   3.76948092   0.00936668
752.00   3.76913489   0.00940402
753.00   3.76878841   0.00944146
754.00   3.76844147   0.00947899
755.00   3.76809409   0.00951663
756.00   3.76774625   0.00955436
757.00   3.76739797   0.00959219
758.00   3.76704923   0.00963013
759.00   3.76670004   0.00966816
760.00   3.76635040   0.00970629
761.00   3.76600031   0.00974452
762.00   3.76564977   0.00978285
763.00   3.76529878   0.00982128
764.00   3.76494734   0.00985981
765.00   3.76459545   0.00989844
766.00   3.76424311   0.00993717
767.00   3.76389031   0.00997600
768.00   3.76353707   0.01001493
769.00   3.76318338   0.01005396
770.00   3.76282923   0.01009309
771.00   3.76247464   0.01013232
772.00   3.76211960   0.01017166
773.00   3.76176410   0.01021109
774.00   3.76140816   0.01025063
775.00   3.76105176   0.01029027
776.00   3.76069491   0.01033001
777.00   3.76033762   0.01036985
778.00   3.75997987   0.01040979
779.00   3.75962168   0.01044984
780.00   3.75926303   0.01048998
781.00   3.75890394   0.01053023
782.00   3.75854439   0.01057058
783.00   3.75818440   0.01061103
784.00   3.75782395   0.01065159
785.00   3.75746306   0.01069225
786.00   3.75710171   0.01073301
787.00   3.75673992   0.01077387
788.00   3.75637768   0.01081484
789.00   3.75601498   0.01085591
790.00   3.75565184   0.01089708
791.00   3.75528825   0.01093836
792.00   3.75492421   0.01097974
793.00   3.75455972   0.01102122
794.00   3.75419478   0.01106281
795.00   3.75382939   0.01110450
796.00   3.75346355   0.01114630
797.00   3.75309726   0.01118820
798.00   3.75273052   0.01123020
799.00   3.75236333   0.01127231
800.00   3.75199570   0.01131452
801.00   3.75162761   0.01135684
802.00   3.75125908   0.01139926
803.00   3.75089009   0.01144179
804.00   3.75052066   0.01148442
805.00   3.75015078   0.01152716
806.00   3.74978045   0.01157000
807.00   3.74940967   0.01161295
808.00   3.74903844   0.01165600
809.00   3.74866676   0.01169916
810.00   3.74829464   0.01174243
811.00   3.74792206   0.01178580
812.00   3.74754904   0.01182928
813.00   3.74717557   0.01187286
814.00   3.74680165   0.01191655
815.00   3.74642728   0.01196034
816.00   3.74605246   0.01200424
817.00   3.74567719   0.01204825
818.00   3.74530148   0.01209237
819.00   3.74492531   0.01213659
820.00   3.74454870   0.01218092
821.00   3.74417164   0.01222536
822.00   3.74379413   0.01226990
823.00   3.74341618   0.01231455
824.00   3.74303777   0.01235931
825.00   3.74265892   0.01240418
826.00   3.74227962   0.01244915
827.00   3.74189987   0.01249423
828.00   3.74151967   0.01253943
829.00   3.74113903   0.01258472
830.00   3.74075794   0.01263013
831.00   3.74037639   0.01267565
832.00   3.73999441   0.01272127
833.00   3.73961197   0.01276700
834.00   3.73922908   0.01281284
835.00   3.73884575   0.01285879
836.00   3.73846197   0.01290485
837.00   3.73807774   0.01295102
838.00   3.73769307   0.01299730
839.00   3.73730795   0.01304368
840.00   3.73692238   0.01309018
841.00   3.73653636   0.01313679
842.00   3.73614989   0.01318350
843.00   3.73576298   0.01323033
844.00   3.73537562   0.01327726
845.00   3.73498781   0.01332431
846.00   3.73459956   0.01337146
847.00   3.73421085   0.01341873
848.00   3.73382170   0.01346611
849.00   3.73343211   0.01351360
850.00   3.73304206   0.01356119
851.00   3.73265157   0.01360890
852.00   3.73226063   0.01365672
853.00   3.73186925   0.01370466
854.00   3.73147742   0.01375270
855.00   3.73108514   0.01380085
856.00   3.73069241   0.01384912
857.00   3.73029924   0.01389750
858.00   3.72990562   0.01394598
859.00   3.72951155   0.01399459
860.00   3.72911704   0.01404330
861.00   3.72872208   0.01409212
862.00   3.72832668   0.01414106
863.00   3.72793082   0.01419011
864.00   3.72753452   0.01423927
865.00   3.72713778   0.01428855
866.00   3.72674058   0.01433794
867.00   3.72634295   0.01438744
868.00   3.72594486   0.01443705
869.00   3.72554633   0.01448678
870.00   3.72514735   0.01453662
871.00   3.72474793   0.01458657
872.00   3.72434806   0.01463664
873.00   3.72394774   0.01468682
874.00   3.72354698   0.01473711
875.00   3.72314577   0.01478752
876.00   3.72274411   0.01483805
877.00   3.72234201   0.01488868
878.00   3.72193947   0.01493943
879.00   3.72153647   0.01499030
880.00   3.72113304   0.01504128
881.00   3.72072915   0.01509237
882.00   3.72032482   0.01514358
883.00   3.71992005   0.01519491
884.00   3.71951482   0.01524634
885.00   3.71910916   0.01529790
886.00   3.71870304   0.01534957
887.00   3.71829649   0.01540135
888.00   3.71788948   0.01545325
889.00   3.71748203   0.01550527
890.00   3.71707414   0.01555740
891.00   3.71666580   0.01560965
892.00   3.71625701   0.01566201
893.00   3.71584778   0.01571449
894.00   3.71543811   0.01576709
895.00   3.71502799   0.01581980
896.00   3.71461742   0.01587263
897.00   3.71420641   0.01592557
898.00   3.71379495   0.01597864
899.00   3.71338305   0.01603182
900.00   3.71297070   0.01608511
901.00   3.71255791   0.01613853
902.00   3.71214467   0.01619206
903.00   3.71173099   0.01624570
904.00   3.71131687   0.01629947
905.00   3.71090230   0.01635335
906.00   3.71048728   0.01640735
907.00   3.71007182   0.01646147
908.00   3.70965592   0.01651571
909.00   3.70923957   0.01657006
910.00   3.70882277   0.01662453
911.00   3.70840553   0.01667913
912.00   3.70798785   0.01673383
913.00   3.70756972   0.01678866
914.00   3.70715115   0.01684361
915.00   3.70673213   0.01689868
916.00   3.70631267   0.01695386
917.00   3.70589277   0.01700916
918.00   3.70547242   0.01706459
919.00   3.70505163   0.01712013
920.00   3.70463039   0.01717579
921.00   3.70420871   0.01723157
922.00   3.70378658   0.01728747
923.00   3.70336402   0.01734350
924.00   3.70294100   0.01739964
925.00   3.70251755   0.01745590
926.00   3.70209364   0.01751228
927.00   3.70166930   0.01756878
928.00   3.70124451   0.01762540
929.00   3.70081928   0.01768214
930.00   3.70039360   0.01773901
931.00   3.69996749   0.01779599
932.00   3.69954092   0.01785310
933.00   3.69911392   0.01791032
934.00   3.69868647   0.01796767
935.00   3.69825857   0.01802514
936.00   3.69783024   0.01808273
937.00   3.69740146   0.01814044
938.00   3.69697223   0.01819827
939.00   3.69654257   0.01825623
940.00   3.69611246   0.01831431
941.00   3.69568191   0.01837251
942.00   3.69525091   0.01843083
943.00   3.69481947   0.01848927
944.00   3.69438759   0.01854784
945.00   3.69395526   0.01860652
946.00   3.69352250   0.01866534
947.00   3.69308929   0.01872427
948.00   3.69265563   0.01878333
949.00   3.69222154   0.01884251
950.00   3.69178700   0.01890181
951.00   3.69135202   0.01896124
952.00   3.69091659   0.01902079
953.00   3.69048073   0.01908046
954.00   3.69004442   0.01914026
955.00   3.68960766   0.01920018
956.00   3.68917047   0.01926022
957.00   3.68873283   0.01932039
958.00   3.68829475   0.01938068
959.00   3.68785623   0.01944110
960.00   3.68741727   0.01950164
961.00   3.68697786   0.01956231
962.00   3.68653802   0.01962310
963.00   3.68609773   0.01968401
964.00   3.68565699   0.01974505
965.00   3.68521582   0.01980622
966.00   3.68477420   0.01986751
967.00   3.68433215   0.01992892
968.00   3.68388965   0.01999046
969.00   3.68344670   0.02005213
970.00   3.68300332   0.02011392
971.00   3.68255949   0.02017584
972.00   3.68211523   0.02023788
973.00   3.68167052   0.02030005
974.00   3.68122537   0.02036235
975.00   3.68077978   0.02042477
976.00   3.68033374   0.02048732
977.00   3.67988727   0.02054999
978.00   3.67944035   0.02061279
979.00   3.67899300   0.02067572
980.00   3.67854520   0.02073878
981.00   3.67809696   0.02080196
982.00   3.67764828   0.02086527
983.00   3.67719915   0.02092870
984.00   3.67674959   0.02099226
985.00   3.67629958   0.02105596
986.00   3.67584914   0.02111977
987.00   3.67539825   0.02118372
988.00   3.67494692   0.02124779
989.00   3.67449516   0.02131199
990.00   3.67404295   0.02137632
991.00   3.67359030   0.02144078
992.00   3.67313721   0.02150537
993.00   3.67268367   0.02157008
994.00   3.67222970   0.02163493
995.00   3.67177529   0.02169990
996.00   3.67132044   0.02176500
997.00   3.67086514   0.02183023
998.00   3.67040941   0.02189559
999.00   3.66995323   0.02196107
1000.00   3.66949662   0.02202669
1001.00   3.66903956   0.02209244
1002.00   3.66858207   0.02215831
1003.00   3.66812413   0.02222432
1004.00   3.66766576   0.02229045
1005.00   3.66720694   0.02235672
1006.00   3.66674768   0.02242311
1007.00   3.66628799   0.02248964
1008.00   3.66582785   0.02255629
1009.00   3.66536728   0.02262308
1010.00   3.66490626   0.02268999
1011.00   3.66444480   0.02275704
1012.00   3.66398291   0.02282422
1013.00   3.66352057   0.02289153
1014.00   3.66305780   0.02295897
1015.00   3.66259458   0.02302654
1016.00   3.66213093   0.02309424
1017.00   3.66166684   0.02316207
1018.00   3.66120230   0.02323003
1019.00   3.66073733   0.02329813
1020.00   3.66027192   0.02336636
1021.00   3.65980607   0.02343472
1022.00   3.65933978   0.02350321
1023.00   3.65887305   0.02357183
1024.00   3.65840588   0.02364059
1025.00   3.65793827   0.02370947
1026.00   3.65747023   0.02377849
1027.00   3.65700174   0.02384765
1028.00   3.65653282   0.02391693
1029.00   3.65606345   0.02398635
1030.00   3.65559365   0.02405590
1031.00   3.65512341   0.02412559
1032.00   3.65465273   0.02419540
1033.00   3.65418161   0.02426535
1034.00   3.65371005   0.02433544
1035.00   3.65323805   0.02440566
1036.00   3.65276562   0.02447601
1037.00   3.65229275   0.02454649
1038.00   3.65181943   0.02461711
1039.00   3.65134568   0.02468786
1040.00   3.65087150   0.02475875
1041.00   3.65039687   0.02482977
1042.00   3.64992180   0.02490092
1043.00   3.64944630   0.02497221
1044.00   3.64897036   0.02504364
1045.00   3.64849398   0.02511520
1046.00   3.64801716   0.02518689
1047.00   3.64753991   0.02525872
1048.00   3.64706221   0.02533068
1049.00   3.64658408   0.02540278
1050.00   3.64610551   0.02547502
1051.00   3.64562650   0.02554739
1052.00   3.64514706   0.02561989
1053.00   3.64466718   0.02569253
1054.00   3.64418686   0.02576531
1055.00   3.64370610   0.02583822
1056.00   3.64322490   0.02591127
1057.00   3.64274327   0.02598446
1058.00   3.64226120   0.02605778
1059.00   3.64177869   0.02613124
1060.00   3.64129575   0.02620483
1061.00   3.64081236   0.02627856
1062.00   3.64032854   0.02635243
1063.00   3.63984429   0.02642643
1064.00   3.63935959   0.02650058
1065.00   3.63887446   0.02657485
1066.00   3.63838889   0.02664927
1067.00   3.63790289   0.02672382
1068.00   3.63741645   0.02679851
1069.00   3.63692957   0.02687334
1070.00   3.63644225   0.02694831
1071.00   3.63595450   0.02702341
1072.00   3.63546631   0.02709865
1073.00   3.63497768   0.02717403
1074.00   3.63448862   0.02724955
1075.00   3.63399912   0.02732521
1076.00   3.63350919   0.02740100
1077.00   3.63301881   0.02747694
1078.00   3.63252800   0.02755301
1079.00   3.63203676   0.02762922
1080.00   3.63154508   0.02770557
1081.00   3.63105296   0.02778206
1082.00   3.63056041   0.02785868
1083.00   3.63006742   0.02793545
1084.00   3.62957399   0.02801236
1085.00   3.62908013   0.02808940
1086.00   3.62858583   0.02816659
1087.00   3.62809110   0.02824392
1088.00   3.62759593   0.02832138
1089.00   3.62710032   0.02839899
1090.00   3.62660428   0.02847673
1091.00   3.62610780   0.02855462
1092.00   3.62561089   0.02863264
1093.00   3.62511354   0.02871081
1094.00   3.62461576   0.02878912
1095.00   3.62411754   0.02886756
1096.00   3.62361888   0.02894615
1097.00   3.62311979   0.02902488
1098.00   3.62262026   0.02910375
1099.00   3.62212030   0.02918277
1100.00   3.62161991   0.02926192
1101.00   3.62111907   0.02934121
1102.00   3.62061781   0.02942065
1103.00   3.62011610   0.02950023
1104.00   3.61961397   0.02957995
1105.00   3.61911139   0.02965981
1106.00   3.61860839   0.02973981
1107.00   3.61810495   0.02981996
1108.00   3.61760107   0.02990024
1109.00   3.61709676   0.02998067
1110.00   3.61659201   0.03006125
1111.00   3.61608683   0.03014196
1112.00   3.61558121   0.03022282
1113.00   3.61507516   0.03030382
1114.00   3.61456868   0.03038497
1115.00   3.61406176   0.03046625
1116.00   3.61355441   0.03054768
1117.00   3.61304662   0.03062926
1118.00   3.61253840   0.03071097
1119.00   3.61202974   0.03079283
1120.00   3.61152065   0.03087484
1121.00   3.61101112   0.03095699
1122.00   3.61050117   0.03103928
1123.00   3.60999077   0.03112171
1124.00   3.60947995   0.03120429
1125.00   3.60896868   0.03128702
1126.00   3.60845699   0.03136989
1127.00   3.60794486   0.03145290
1128.00   3.60743230   0.03153606
1129.00   3.60691930   0.03161936
1130.00   3.60640587   0.03170281
1131.00   3.60589201   0.03178640
1132.00   3.60537771   0.03187014
1133.00   3.60486298   0.03195402
1134.00   3.60434782   0.03203805
1135.00   3.60383222   0.03212222
1136.00   3.60331619   0.03220654
1137.00   3.60279973   0.03229101
1138.00   3.60228283   0.03237562
1139.00   3.60176550   0.03246038
1140.00   3.60124774   0.03254528
1141.00   3.60072954   0.03263033
1142.00   3.60021091   0.03271552
1143.00   3.59969185   0.03280086
1144.00   3.59917236   0.03288635
1145.00   3.59865243   0.03297199
1146.00   3.59813207   0.03305777
1147.00   3.59761127   0.03314370
1148.00   3.59709005   0.03322977
1149.00   3.59656839   0.03331599
1150.00   3.59604630   0.03340236
1151.00   3.59552377   0.03348888
1152.00   3.59500082   0.03357555
1153.00   3.59447743   0.03366236
1154.00   3.59395361   0.03374932
1155.00   3.59342935   0.03383643
1156.00   3.59290467   0.03392368
1157.00   3.59237955   0.03401109
1158.00   3.59185400   0.03409864
1159.00   3.59132802   0.03418634
1160.00   3.59080161   0.03427419
1161.00   3.59027476   0.03436218
1162.00   3.58974748   0.03445033
1163.00   3.58921977   0.03453862
1164.00   3.58869163   0.03462707
1165.00   3.58816306   0.03471566
1166.00   3.58763405   0.03480440
1167.00   3.58710462   0.03489329
1168.00   3.58657475   0.03498233
1169.00   3.58604445   0.03507152
1170.00   3.58551372   0.03516086
1171.00   3.58498256   0.03525035
1172.00   3.58445096   0.03533999
1173.00   3.58391894   0.03542978
1174.00   3.58338648   0.03551972
1175.00   3.58285360   0.03560980
1176.00   3.58232028   0.03570004
1177.00   3.58178653   0.03579043
1178.00   3.58125235   0.03588097
1179.00   3.58071774   0.03597166
1180.00   3.58018270   0.03606251
1181.00   3.57964722   0.03615350
1182.00   3.57911132   0.03624464
1183.00   3.57857498   0.03633594
1184.00   3.57803822   0.03642738
1185.00   3.57750102   0.03651898
1186.00   3.57696340   0.03661073
1187.00   3.57642534   0.03670263
1188.00   3.57588685   0.03679468
1189.00   3.57534794   0.03688688
1190.00   3.57480859   0.03697924
1191.00   3.57426881   0.03707175
1192.00   3.57372860   0.03716441
1193.00   3.57318796   0.03725722
1194.00   3.57264689   0.03735018
1195.00   3.57210540   0.03744330
1196.00   3.57156347   0.03753657
1197.00   3.57102111   0.03762999
1198.00   3.57047832   0.03772357
1199.00   3.56993510   0.03781729
1200.00   3.56939145   0.03791118
1201.00   3.56884738   0.03800521
1202.00   3.56830287   0.03809940
1203.00   3.56775793   0.03819374
1204.00   3.56721257   0.03828823
1205.00   3.56666677   0.03838288
1206.00   3.56612055   0.03847769
1207.00   3.56557389   0.03857264
1208.00   3.56502681   0.03866775
1209.00   3.56447929   0.03876302
1210.00   3.56393135   0.03885843
1211.00   3.56338298   0.03895401
1212.00   3.56283418   0.03904974
1213.00   3.56228495   0.03914562
1214.00   3.56173529   0.03924165
1215.00   3.56118520   0.03933785
1216.00   3.56063469   0.03943419
1217.00   3.56008374   0.03953069
1218.00   3.55953237   0.03962735
1219.00   3.55898057   0.03972416
1220.00   3.55842834   0.03982113
1221.00   3.55787568   0.03991825
1222.00   3.55732259   0.04001553
1223.00   3.55676907   0.04011297
1224.00   3.55621513   0.04021056
1225.00   3.55566076   0.04030831
1226.00   3.55510596   0.04040621
1227.00   3.55455073   0.04050427
1228.00   3.55399507   0.04060248
1229.00   3.55343898   0.04070085
1230.00   3.55288247   0.04079938
1231.00   3.55232553   0.04089807
1232.00   3.55176816   0.04099691
1233.00   3.55121036   0.04109591
1234.00   3.55065214   0.04119506
1235.00   3.55009348   0.04129438
1236.00   3.54953440   0.04139385
1237.00   3.54897490   0.04149348
1238.00   3.54841496   0.04159326
1239.00   3.54785460   0.04169320
1240.00   3.54729381   0.04179330
1241.00   3.54673259   0.04189356
1242.00   3.54617094   0.04199398
1243.00   3.54560887   0.04209455
1244.00   3.54504637   0.04219529
1245.00   3.54448345   0.04229618
1246.00   3.54392009   0.04239723
1247.00   3.54335631   0.04249843
1248.00   3.54279210   0.04259980
1249.00   3.54222747   0.04270133
1250.00   3.54166241   0.04280301
1251.00   3.54109692   0.04290485
1252.00   3.54053100   0.04300686
1253.00   3.53996466   0.04310902
1254.00   3.53939789   0.04321134
1255.00   3.53883070   0.04331382
1256.00   3.53826308   0.04341646
1257.00   3.53769503   0.04351926
1258.00   3.53712656   0.04362222
1259.00   3.53655766   0.04372534
1260.00   3.53598833   0.04382862
1261.00   3.53541858   0.04393206
1262.00   3.53484840   0.04403566
1263.00   3.53427779   0.04413942
1264.00   3.53370676   0.04424334
1265.00   3.53313531   0.04434742
1266.00   3.53256342   0.04445166
1267.00   3.53199112   0.04455607
1268.00   3.53141838   0.04466063
1269.00   3.53084522   0.04476536
1270.00   3.53027164   0.04487024
1271.00   3.52969763   0.04497529
1272.00   3.52912319   0.04508050
1273.00   3.52854833   0.04518587
1274.00   3.52797304   0.04529140
1275.00   3.52739733   0.04539710
1276.00   3.52682119   0.04550295
1277.00   3.52624462   0.04560897
1278.00   3.52566764   0.04571515
1279.00   3.52509022   0.04582149
1280.00   3.52451238   0.04592800
1281.00   3.52393412   0.04603467
1282.00   3.52335543   0.04614150
1283.00   3.52277632   0.04624849
1284.00   3.52219678   0.04635564
1285.00   3.52161682   0.04646296
1286.00   3.52103643   0.04657044
1287.00   3.52045562   0.04667809
1288.00   3.51987438   0.04678589
1289.00   3.51929272   0.04689387
1290.00   3.51871063   0.04700200
1291.00   3.51812812   0.04711030
1292.00   3.51754519   0.04721876
1293.00   3.51696183   0.04732739
1294.00   3.51637805   0.04743617
1295.00   3.51579384   0.04754513
1296.00   3.51520921   0.04765425
1297.00   3.51462416   0.04776353
1298.00   3.51403868   0.04787297
1299.00   3.51345277   0.04798259
1300.00   3.51286645   0.04809236
1301.00   3.51227970   0.04820230
1302.00   3.51169252   0.04831241
1303.00   3.51110493   0.04842268
1304.00   3.51051690   0.04853311
1305.00   3.50992846   0.04864371
1306.00   3.50933959   0.04875448
1307.00   3.50875030   0.04886541
1308.00   3.50816059   0.04897651
1309.00   3.50757045   0.04908777
1310.00   3.50697989   0.04919920
1311.00   3.50638890   0.04931079
1312.00   3.50579749   0.04942255
1313.00   3.50520566   0.04953448
1314.00   3.50461341   0.04964657
1315.00   3.50402073   0.04975883
1316.00   3.50342763   0.04987125
1317.00   3.50283411   0.04998384
1318.00   3.50224017   0.05009660
1319.00   3.50164580   0.05020953
1320.00   3.50105101   0.05032262
1321.00   3.50045580   0.05043588
1322.00   3.49986016   0.05054930
1323.00   3.49926411   0.05066290
1324.00   3.49866763   0.05077666
1325.00   3.49807072   0.05089059
1326.00   3.49747340   0.05100468
1327.00   3.49687565   0.05111895
1328.00   3.49627748   0.05123338
1329.00   3.49567889   0.05134798
1330.00   3.49507988   0.05146274
1331.00   3.49448045   0.05157768
1332.00   3.49388059   0.05169278
1333.00   3.49328031   0.05180805
1334.00   3.49267961   0.05192349
1335.00   3.49207849   0.05203910
1336.00   3.49147695   0.05215488
1337.00   3.49087499   0.05227083
1338.00   3.49027260   0.05238694
1339.00   3.48966979   0.05250323
1340.00   3.48906656   0.05261968
1341.00   3.48846291   0.05273630
1342.00   3.48785884   0.05285310
1343.00   3.48725435   0.05297006
1344.00   3.48664944   0.05308719
1345.00   3.48604410   0.05320449
1346.00   3.48543835   0.05332196
1347.00   3.48483217   0.05343960
1348.00   3.48422558   0.05355741
1349.00   3.48361856   0.05367539
1350.00   3.48301112   0.05379355
1351.00   3.48240326   0.05391187
1352.00   3.48179498   0.05403036
1353.00   3.48118628   0.05414902
1354.00   3.48057716   0.05426786
1355.00   3.47996762   0.05438686
1356.00   3.47935766   0.05450604
1357.00   3.47874728   0.05462538
1358.00   3.47813648   0.05474490
1359.00   3.47752525   0.05486459
1360.00   3.47691361   0.05498445
1361.00   3.47630155   0.05510448
1362.00   3.47568907   0.05522469
1363.00   3.47507617   0.05534506
1364.00   3.47446285   0.05546561
1365.00   3.47384910   0.05558633
1366.00   3.47323494   0.05570722
1367.00   3.47262036   0.05582828
1368.00   3.47200536   0.05594952
1369.00   3.47138994   0.05607093
1370.00   3.47077410   0.05619251
1371.00   3.47015785   0.05631426
1372.00   3.46954117   0.05643619
1373.00   3.46892407   0.05655829
1374.00   3.46830655   0.05668056
1375.00   3.46768862   0.05680300
1376.00   3.46707027   0.05692562
1377.00   3.46645149   0.05704841
1378.00   3.46583230   0.05717138
1379.00   3.46521269   0.05729452
1380.00   3.46459266   0.05741783
1381.00   3.46397221   0.05754131
1382.00   3.46335134   0.05766497
1383.00   3.46273006   0.05778881
1384.00   3.46210835   0.05791282
1385.00   3.46148623   0.05803700
1386.00   3.46086369   0.05816135
1387.00   3.46024073   0.05828589
1388.00   3.45961735   0.05841059
1389.00   3.45899356   0.05853547
1390.00   3.45836934   0.05866053
1391.00   3.45774471   0.05878575
1392.00   3.45711966   0.05891116
1393.00   3.45649419   0.05903674
1394.00   3.45586831   0.05916249
1395.00   3.45524200   0.05928842
1396.00   3.45461528   0.05941453
1397.00   3.45398814   0.05954081
1398.00   3.45336059   0.05966727
1399.00   3.45273261   0.05979390
1400.00   3.45210422   0.05992071
1401.00   3.45147541   0.06004769
1402.00   3.45084618   0.06017485
1403.00   3.45021654   0.06030219
1404.00   3.44958648   0.06042970
1405.00   3.44895600   0.06055739
1406.00   3.44832511   0.06068526
1407.00   3.44769379   0.06081330
1408.00   3.44706206   0.06094152
1409.00   3.44642992   0.06106992
1410.00   3.44579735   0.06119849
1411.00   3.44516437   0.06132724
1412.00   3.44453098   0.06145617
1413.00   3.44389716   0.06158527
1414.00   3.44326293   0.06171455
1415.00   3.44262829   0.06184401
1416.00   3.44199323   0.06197365
1417.00   3.44135775   0.06210347
1418.00   3.44072185   0.06223346
1419.00   3.44008554   0.06236363
1420.00   3.43944881   0.06249398
1421.00   3.43881167   0.06262451
1422.00   3.43817411   0.06275521
1423.00   3.43753613   0.06288610
1424.00   3.43689774   0.06301716
1425.00   3.43625893   0.06314840
1426.00   3.43561971   0.06327982
1427.00   3.43498007   0.06341142
1428.00   3.43434002   0.06354320
1429.00   3.43369954   0.06367515
1430.00   3.43305866   0.06380729
1431.00   3.43241736   0.06393960
1432.00   3.43177564   0.06407210
1433.00   3.43113351   0.06420477
1434.00   3.43049096   0.06433763
1435.00   3.42984800   0.06447066
1436.00   3.42920462   0.06460387
1437.00   3.42856083   0.06473727
1438.00   3.42791662   0.06487084
1439.00   3.42727200   0.06500459
1440.00   3.42662696   0.06513853
1441.00   3.42598151   0.06527264
1442.00   3.42533564   0.06540694
1443.00   3.42468936   0.06554141
1444.00   3.42404267   0.06567607
1445.00   3.42339555   0.06581091
1446.00   3.42274803   0.06594592
1447.00   3.42210009   0.06608112
1448.00   3.42145174   0.06621650
1449.00   3.42080297   0.06635206
1450.00   3.42015379   0.06648781
1451.00   3.41950419   0.06662373
1452.00   3.41885418   0.06675984
1453.00   3.41820376   0.06689612
1454.00   3.41755292   0.06703259
1455.00   3.41690167   0.06716925
1456.00   3.41625000   0.06730608
1457.00   3.41559792   0.06744309
1458.00   3.41494543   0.06758029
1459.00   3.41429252   0.06771767
1460.00   3.41363920   0.06785523
1461.00   3.41298547   0.06799298
1462.00   3.41233132   0.06813091
1463.00   3.41167676   0.06826902
1464.00   3.41102179   0.06840731
1465.00   3.41036640   0.06854579
1466.00   3.40971060   0.06868445
1467.00   3.40905439   0.06882329
1468.00   3.40839776   0.06896232
1469.00   3.40774072   0.06910153
1470.00   3.40708327   0.06924092
1471.00   3.40642541   0.06938050
1472.00   3.40576713   0.06952026
1473.00   3.40510844   0.06966020
1474.00   3.40444934   0.06980033
1475.00   3.40378982   0.06994064
1476.00   3.40312990   0.07008114
1477.00   3.40246956   0.07022182
1478.00   3.40180881   0.07036269
1479.00   3.40114764   0.07050374
1480.00   3.40048607   0.07064497
1481.00   3.39982408   0.07078639
1482.00   3.39916168   0.07092800
1483.00   3.39849887   0.07106979
1484.00   3.39783564   0.07121176
1485.00   3.39717201   0.07135392
1486.00   3.39650796   0.07149626
1487.00   3.39584350   0.07163880
1488.00   3.39517863   0.07178151
1489.00   3.39451335   0.07192441
1490.00   3.39384765   0.07206750
1491.00   3.39318155   0.07221077
1492.00   3.39251503   0.07235423
1493.00   3.39184810   0.07249788
1494.00   3.39118076   0.07264171
1495.00   3.39051301   0.07278573
1496.00   3.38984485   0.07292993
1497.00   3.38917628   0.07307432
1498.00   3.38850730   0.07321890
1499.00   3.38783790   0.07336366
1500.00   3.38716810   0.07350861
1501.00   3.38649789   0.07365375
1502.00   3.38582726   0.07379907
1503.00   3.38515622   0.07394459
1504.00   3.38448478   0.07409028
1505.00   3.38381292   0.07423617
1506.00   3.38314065   0.07438224
1507.00   3.38246797   0.07452851
1508.00   3.38179488   0.07467496
1509.00   3.38112139   0.07482159
1510.00   3.38044748   0.07496842
1511.00   3.37977316   0.07511543
1512.00   3.37909843   0.07526263
1513.00   3.37842329   0.07541002
1514.00   3.37774774   0.07555760
1515.00   3.37707179   0.07570536
1516.00   3.37639542   0.07585332
1517.00   3.37571864   0.07600146
1518.00   3.37504146   0.07614979
1519.00   3.37436386   0.07629831
1520.00   3.37368585   0.07644702
1521.00   3.37300744   0.07659592
1522.00   3.37232862   0.07674501
1523.00   3.37164938   0.07689428
1524.00   3.37096974   0.07704375
1525.00   3.37028969   0.07719341
1526.00   3.36960923   0.07734325
1527.00   3.36892836   0.07749329
1528.00   3.36824708   0.07764351
1529.00   3.36756540   0.07779393
1530.00   3.36688330   0.07794453
1531.00   3.36620080   0.07809533
1532.00   3.36551788   0.07824631
1533.00   3.36483456   0.07839749
1534.00   3.36415083   0.07854885
1535.00   3.36346669   0.07870041
1536.00   3.36278215   0.07885216
1537.00   3.36209719   0.07900410
1538.00   3.36141183   0.07915623
1539.00   3.36072606   0.07930855
1540.00   3.36003988   0.07946106
1541.00   3.35935330   0.07961376
1542.00   3.35866630   0.07976665
1543.00   3.35797890   0.07991974
1544.00   3.35729109   0.08007301
1545.00   3.35660287   0.08022648
1546.00   3.35591425   0.08038014
1547.00   3.35522522   0.08053400
1548.00   3.35453578   0.08068804
1549.00   3.35384593   0.08084227
1550.00   3.35315568   0.08099670
1551.00   3.35246501   0.08115132
1552.00   3.35177395   0.08130614
1553.00   3.35108247   0.08146114
1554.00   3.35039059   0.08161634
1555.00   3.34969830   0.08177173
1556.00   3.34900560   0.08192731
1557.00   3.34831250   0.08208309
1558.00   3.34761899   0.08223906
1559.00   3.34692507   0.08239522
1560.00   3.34623075   0.08255158
1561.00   3.34553602   0.08270813
1562.00   3.34484088   0.08286487
1563.00   3.34414534   0.08302180
1564.00   3.34344939   0.08317893
1565.00   3.34275304   0.08333626
1566.00   3.34205627   0.08349377
1567.00   3.34135911   0.08365148
1568.00   3.34066153   0.08380939
1569.00   3.33996356   0.08396749
1570.00   3.33926517   0.08412578
1571.00   3.33856638   0.08428427
1572.00   3.33786718   0.08444295
1573.00   3.33716758   0.08460183
1574.00   3.33646757   0.08476090
1575.00   3.33576716   0.08492017
1576.00   3.33506634   0.08507963
1577.00   3.33436512   0.08523929
1578.00   3.33366349   0.08539914
1579.00   3.33296145   0.08555919
1580.00   3.33225901   0.08571943
1581.00   3.33155617   0.08587987
1582.00   3.33085292   0.08604050
1583.00   3.33014927   0.08620133
1584.00   3.32944521   0.08636235
1585.00   3.32874074   0.08652357
1586.00   3.32803587   0.08668499
1587.00   3.32733060   0.08684660
1588.00   3.32662492   0.08700841
1589.00   3.32591884   0.08717042
1590.00   3.32521235   0.08733262
1591.00   3.32450546   0.08749502
1592.00   3.32379817   0.08765761
1593.00   3.32309047   0.08782040
1594.00   3.32238236   0.08798339
1595.00   3.32167385   0.08814658
1596.00   3.32096494   0.08830996
1597.00   3.32025563   0.08847354
1598.00   3.31954591   0.08863731
1599.00   3.31883578   0.08880129
1600.00   3.31812526   0.08896546
1601.00   3.31741433   0.08912983
1602.00   3.31670299   0.08929439
1603.00   3.31599125   0.08945916
1604.00   3.31527911   0.08962412
1605.00   3.31456657   0.08978928
1606.00   3.31385362   0.08995464
1607.00   3.31314027   0.09012019
1608.00   3.31242652   0.09028595
1609.00   3.31171236   0.09045190
1610.00   3.31099780   0.09061805
1611.00   3.31028284   0.09078440
1612.00   3.30956747   0.09095095
1613.00   3.30885170   0.09111770
1614.00   3.30813553   0.09128465
1615.00   3.30741896   0.09145179
1616.00   3.30670198   0.09161914
1617.00   3.30598460   0.09178668
1618.00   3.30526682   0.09195442
1619.00   3.30454864   0.09212236
1620.00   3.30383005   0.09229051
1621.00   3.30311106   0.09245885
1622.00   3.30239167   0.09262739
1623.00   3.30167188   0.09279613
1624.00   3.30095169   0.09296507
1625.00   3.30023109   0.09313421
1626.00   3.29951010   0.09330355
1627.00   3.29878870   0.09347310
1628.00   3.29806690   0.09364284
1629.00   3.29734469   0.09381278
1630.00   3.29662209   0.09398292
1631.00   3.29589908   0.09415327
1632.00   3.29517568   0.09432381
1633.00   3.29445187   0.09449456
1634.00   3.29372766   0.09466550
1635.00   3.29300305   0.09483665
1636.00   3.29227804   0.09500800
1637.00   3.29155263   0.09517955
1638.00   3.29082681   0.09535130
1639.00   3.29010060   0.09552325
1640.00   3.28937398   0.09569541
1641.00   3.28864697   0.09586776
1642.00   3.28791955   0.09604032
1643.00   3.28719174   0.09621308
1644.00   3.28646352   0.09638604
1645.00   3.28573490   0.09655920
1646.00   3.28500588   0.09673257
1647.00   3.28427647   0.09690614
1648.00   3.28354665   0.09707991
1649.00   3.28281643   0.09725388
1650.00   3.28208581   0.09742806
1651.00   3.28135479   0.09760244
1652.00   3.28062337   0.09777702
1653.00   3.27989156   0.09795180
1654.00   3.27915934   0.09812679
1655.00   3.27842672   0.09830198
1656.00   3.27769370   0.09847737
1657.00   3.27696029   0.09865297
1658.00   3.27622647   0.09882877
1659.00   3.27549226   0.09900478
1660.00   3.27475764   0.09918098
1661.00   3.27402263   0.09935740
1662.00   3.27328722   0.09953401
1663.00   3.27255141   0.09971083
1664.00   3.27181519   0.09988785
1665.00   3.27107858   0.10006508
1666.00   3.27034158   0.10024251
1667.00   3.26960417   0.10042015
1668.00   3.26886636   0.10059799
1669.00   3.26812816   0.10077604
1670.00   3.26738956   0.10095429
1671.00   3.26665055   0.10113274
1672.00   3.26591115   0.10131140
1673.00   3.26517136   0.10149027
1674.00   3.26443116   0.10166934
1675.00   3.26369057   0.10184861
1676.00   3.26294957   0.10202809
1677.00   3.26220818   0.10220778
1678.00   3.26146639   0.10238767
1679.00   3.26072421   0.10256776
1680.00   3.25998162   0.10274807
1681.00   3.25923864   0.10292858
1682.00   3.25849526   0.10310929
1683.00   3.25775148   0.10329021
1684.00   3.25700731   0.10347134
1685.00   3.25626274   0.10365267
1686.00   3.25551777   0.10383421
1687.00   3.25477240   0.10401595
1688.00   3.25402664   0.10419790
1689.00   3.25328048   0.10438006
1690.00   3.25253392   0.10456243
1691.00   3.25178697   0.10474500
1692.00   3.25103961   0.10492778
1693.00   3.25029187   0.10511076
1694.00   3.24954372   0.10529396
1695.00   3.24879518   0.10547736
1696.00   3.24804624   0.10566097
1697.00   3.24729691   0.10584478
1698.00   3.24654718   0.10602880
1699.00   3.24579705   0.10621303
1700.00   3.24504652   0.10639747
1701.00   3.24429560   0.10658212
1702.00   3.24354429   0.10676697
1703.00   3.24279258   0.10695203
1704.00   3.24204047   0.10713730
1705.00   3.24128796   0.10732278
1706.00   3.24053506   0.10750847
1707.00   3.23978177   0.10769436
1708.00   3.23902808   0.10788047
1709.00   3.23827399   0.10806678
1710.00   3.23751951   0.10825330
1711.00   3.23676463   0.10844003
1712.00   3.23600936   0.10862697
1713.00   3.23525369   0.10881411
1714.00   3.23449763   0.10900147
1715.00   3.23374117   0.10918904
1716.00   3.23298431   0.10937681
1717.00   3.23222707   0.10956480
1718.00   3.23146942   0.10975299
1719.00   3.23071138   0.10994140
1720.00   3.22995295   0.11013001
1721.00   3.22919412   0.11031883
1722.00   3.22843490   0.11050787
1723.00   3.22767529   0.11069711
1724.00   3.22691527   0.11088657
1725.00   3.22615487   0.11107623
1726.00   3.22539407   0.11126610
1727.00   3.22463288   0.11145619
1728.00   3.22387129   0.11164648
1729.00   3.22310931   0.11183699
1730.00   3.22234693   0.11202771
1731.00   3.22158416   0.11221863
1732.00   3.22082100   0.11240977
1733.00   3.22005744   0.11260112
1734.00   3.21929349   0.11279268
1735.00   3.21852914   0.11298446
1736.00   3.21776440   0.11317644
1737.00   3.21699927   0.11336864
1738.00   3.21623375   0.11356104
1739.00   3.21546783   0.11375366
1740.00   3.21470152   0.11394649
1741.00   3.21393481   0.11413953
1742.00   3.21316772   0.11433279
1743.00   3.21240022   0.11452625
1744.00   3.21163234   0.11471993
1745.00   3.21086406   0.11491382
1746.00   3.21009540   0.11510792
1747.00   3.20932633   0.11530224
1748.00   3.20855688   0.11549677
1749.00   3.20778703   0.11569151
1750.00   3.20701679   0.11588646
1751.00   3.20624616   0.11608162
1752.00   3.20547514   0.11627700
1753.00   3.20470372   0.11647260
1754.00   3.20393191   0.11666840
1755.00   3.20315971   0.11686442
1756.00   3.20238712   0.11706065
1757.00   3.20161414   0.11725710
1758.00   3.20084076   0.11745375
1759.00   3.20006700   0.11765063
1760.00   3.19929284   0.11784771
1761.00   3.19851829   0.11804501
1762.00   3.19774334   0.11824253
1763.00   3.19696801   0.11844025
1764.00   3.19619229   0.11863820
1765.00   3.19541617   0.11883635
1766.00   3.19463966   0.11903472
1767.00   3.19386276   0.11923331
1768.00   3.19308547   0.11943211
1769.00   3.19230779   0.11963112
1770.00   3.19152972   0.11983035
1771.00   3.19075126   0.12002980
1772.00   3.18997241   0.12022945
1773.00   3.18919317   0.12042933
1774.00   3.18841353   0.12062942
1775.00   3.18763351   0.12082972
1776.00   3.18685309   0.12103024
1777.00   3.18607229   0.12123098
1778.00   3.18529109   0.12143193
1779.00   3.18450951   0.12163309
1780.00   3.18372753   0.12183447
1781.00   3.18294517   0.12203607
1782.00   3.18216241   0.12223789
1783.00   3.18137927   0.12243992
1784.00   3.18059573   0.12264216
1785.00   3.17981181   0.12284462
1786.00   3.17902749   0.12304730
1787.00   3.17824279   0.12325020
1788.00   3.17745769   0.12345331
1789.00   3.17667221   0.12365664
1790.00   3.17588634   0.12386018
1791.00   3.17510008   0.12406394
1792.00   3.17431343   0.12426792
1793.00   3.17352639   0.12447211
1794.00   3.17273896   0.12467653
1795.00   3.17195114   0.12488116
1796.00   3.17116294   0.12508600
1797.00   3.17037434   0.12529107
1798.00   3.16958536   0.12549635
1799.00   3.16879599   0.12570185
1800.00   3.16800623   0.12590757
1801.00   3.16721608   0.12611350
1802.00   3.16642554   0.12631965
1803.00   3.16563462   0.12652602
1804.00   3.16484330   0.12673261
1805.00   3.16405160   0.12693942
1806.00   3.16325951   0.12714644
1807.00   3.16246703   0.12735369
1808.00   3.16167417   0.12756115
1809.00   3.16088091   0.12776883
1810.00   3.16008727   0.12797673
1811.00   3.15929324   0.12818485
1812.00   3.15849883   0.12839318
1813.00   3.15770402   0.12860174
1814.00   3.15690883   0.12881051
1815.00   3.15611325   0.12901951
1816.00   3.15531729   0.12922872
1817.00   3.15452094   0.12943815
1818.00   3.15372420   0.12964781
1819.00   3.15292707   0.12985768
1820.00   3.15212956   0.13006777
1821.00   3.15133165   0.13027808
1822.00   3.15053337   0.13048861
1823.00   3.14973469   0.13069936
1824.00   3.14893563   0.13091033
1825.00   3.14813619   0.13112152
1826.00   3.14733635   0.13133293
1827.00   3.14653613   0.13154457
1828.00   3.14573553   0.13175642
1829.00   3.14493453   0.13196849
1830.00   3.14413316   0.13218078
1831.00   3.14333139   0.13239330
1832.00   3.14252924   0.13260603
1833.00   3.14172670   0.13281899
1834.00   3.14092378   0.13303216
1835.00   3.14012047   0.13324556
1836.00   3.13931678   0.13345918
1837.00   3.13851270   0.13367302
1838.00   3.13770824   0.13388708
1839.00   3.13690339   0.13410136
1840.00   3.13609815   0.13431587
1841.00   3.13529253   0.13453059
1842.00   3.13448653   0.13474554
1843.00   3.13368014   0.13496071
1844.00   3.13287336   0.13517610
1845.00   3.13206620   0.13539171
1846.00   3.13125866   0.13560755
1847.00   3.13045073   0.13582361
1848.00   3.12964241   0.13603989
1849.00   3.12883371   0.13625639
1850.00   3.12802463   0.13647312
1851.00   3.12721516   0.13669006
1852.00   3.12640531   0.13690723
1853.00   3.12559507   0.13712463
1854.00   3.12478445   0.13734224
1855.00   3.12397345   0.13756008
1856.00   3.12316206   0.13777815
1857.00   3.12235028   0.13799643
1858.00   3.12153813   0.13821494
1859.00   3.12072559   0.13843367
1860.00   3.11991266   0.13865263
1861.00   3.11909935   0.13887181
1862.00   3.11828566   0.13909121
1863.00   3.11747159   0.13931084
1864.00   3.11665713   0.13953069
1865.00   3.11584229   0.13975076
1866.00   3.11502706   0.13997106
1867.00   3.11421146   0.14019158
1868.00   3.11339546   0.14041233
1869.00   3.11257909   0.14063330
1870.00   3.11176233   0.14085450
1871.00   3.11094519   0.14107592
1872.00   3.11012767   0.14129756
1873.00   3.10930977   0.14151943
1874.00   3.10849148   0.14174153
1875.00   3.10767281   0.14196385
1876.00   3.10685376   0.14218639
1877.00   3.10603432   0.14240916
1878.00   3.10521451   0.14263216
1879.00   3.10439431   0.14285538
1880.00   3.10357373   0.14307882
1881.00   3.10275276   0.14330249
1882.00   3.10193142   0.14352639
1883.00   3.10110969   0.14375051
1884.00   3.10028758   0.14397486
1885.00   3.09946509   0.14419944
1886.00   3.09864222   0.14442424
1887.00   3.09781897   0.14464926
1888.00   3.09699533   0.14487451
1889.00   3.09617132   0.14509999
1890.00   3.09534692   0.14532570
1891.00   3.09452214   0.14555163
1892.00   3.09369698   0.14577779
1893.00   3.09287144   0.14600417
1894.00   3.09204552   0.14623078
1895.00   3.09121922   0.14645762
1896.00   3.09039254   0.14668468
1897.00   3.08956547   0.14691198
1898.00   3.08873803   0.14713949
1899.00   3.08791021   0.14736724
1900.00   3.08708200   0.14759521
1901.00   3.08625341   0.14782341
1902.00   3.08542445   0.14805184
1903.00   3.08459510   0.14828050
1904.00   3.08376538   0.14850938
1905.00   3.08293527   0.14873849
1906.00   3.08210479   0.14896783
1907.00   3.08127392   0.14919740
1908.00   3.08044267   0.14942719
1909.00   3.07961105   0.14965722
1910.00   3.07877904   0.14988747
1911.00   3.07794666   0.15011795
1912.00   3.07711390   0.15034866
1913.00   3.07628075   0.15057959
1914.00   3.07544723   0.15081076
1915.00   3.07461333   0.15104215
1916.00   3.07377905   0.15127377
1917.00   3.07294439   0.15150563
1918.00   3.07210935   0.15173771
1919.00   3.07127393   0.15197002
1920.00   3.07043814   0.15220255
1921.00   3.06960196   0.15243532
1922.00   3.06876541   0.15266832
1923.00   3.06792848   0.15290155
1924.00   3.06709117   0.15313500
1925.00   3.06625348   0.15336869
1926.00   3.06541541   0.15360260
1927.00   3.06457696   0.15383675
1928.00   3.06373814   0.15407112
1929.00   3.06289894   0.15430573
1930.00   3.06205936   0.15454057
1931.00   3.06121940   0.15477563
1932.00   3.06037907   0.15501093
1933.00   3.05953836   0.15524645
1934.00   3.05869727   0.15548221
1935.00   3.05785580   0.15571820
1936.00   3.05701395   0.15595441
1937.00   3.05617173   0.15619086
1938.00   3.05532913   0.15642754
1939.00   3.05448615   0.15666445
1940.00   3.05364280   0.15690159
1941.00   3.05279907   0.15713897
1942.00   3.05195496   0.15737657
1943.00   3.05111047   0.15761441
1944.00   3.05026561   0.15785247
1945.00   3.04942037   0.15809077
1946.00   3.04857476   0.15832930
1947.00   3.04772877   0.15856806
1948.00   3.04688240   0.15880705
1949.00   3.04603565   0.15904628
1950.00   3.04518853   0.15928574
1951.00   3.04434104   0.15952542
1952.00   3.04349316   0.15976534
1953.00   3.04264491   0.16000550
1954.00   3.04179629   0.16024588
1955.00   3.04094729   0.16048650
1956.00   3.04009791   0.16072735
1957.00   3.03924816   0.16096843
1958.00   3.03839803   0.16120975
1959.00   3.03754753   0.16145130
1960.00   3.03669665   0.16169308
1961.00   3.03584539   0.16193509
1962.00   3.03499376   0.16217734
1963.00   3.03414176   0.16241982
1964.00   3.03328938   0.16266253
1965.00   3.03243662   0.16290548
1966.00   3.03158350   0.16314866
1967.00   3.03072999   0.16339208
1968.00   3.02987611   0.16363572
1969.00   3.02902186   0.16387960
1970.00   3.02816723   0.16412372
1971.00   3.02731223   0.16436807
1972.00   3.02645685   0.16461265
1973.00   3.02560110   0.16485747
1974.00   3.02474497   0.16510252
1975.00   3.02388847   0.16534780
1976.00   3.02303159   0.16559332
1977.00   3.02217435   0.16583908
1978.00   3.02131672   0.16608507
1979.00   3.02045873   0.16633129
1980.00   3.01960036   0.16657775
1981.00   3.01874161   0.16682444
1982.00   3.01788250   0.16707137
1983.00   3.01702301   0.16731853
1984.00   3.01616314   0.16756593
1985.00   3.01530290   0.16781356
1986.00   3.01444229   0.16806143
1987.00   3.01358131   0.16830953
1988.00   3.01271995   0.16855787
1989.00   3.01185822   0.16880644
1990.00   3.01099612   0.16905525
1991.00   3.01013364   0.16930430
1992.00   3.00927080   0.16955358
1993.00   3.00840757   0.16980310
1994.00   3.00754398   0.17005285
1995.00   3.00668001   0.17030284
1996.00   3.00581568   0.17055306
1997.00   3.00495097   0.17080352
1998.00   3.00408588   0.17105422
1999.00   3.00322043   0.17130516
2000.00   3.00235460   0.17155633
