wavelength(nm)         real         imag
200.00   3.62453375   0.00526466
201.00   3.62177322   0.00534401
202.00   3.61899894   0.00542414
203.00   3.61621092   0.00550508
204.00   3.61340914   0.00558682
205.00   3.61059362   0.00566936
206.00   3.60776436   0.00575271
207.00   3.60492134   0.00583687
208.00   3.60206458   0.00592185
209.00   3.59919408   0.00600765
210.00   3.59630983   0.00609427
211.00   3.59341183   0.00618173
212.00   3.59050009   0.00627001
213.00   3.58757461   0.00635913
214.00   3.58463538   0.00644909
215.00   3.58168241   0.00653990
216.00   3.57871569   0.00663155
217.00   3.57573523   0.00672406
218.00   3.57274103   0.00681742
219.00   3.56973308   0.00691164
220.00   3.56671140   0.00700673
221.00   3.56367597   0.00710268
222.00   3.56062680   0.00719950
223.00   3.55756389   0.00729720
224.00   3.55448723   0.00739578
225.00   3.55139684   0.00749524
226.00   3.54829271   0.00759559
227.00   3.54517483   0.00769684
228.00   3.54204322   0.00779897
229.00   3.53889787   0.00790201
230.00   3.53573878   0.00800595
231.00   3.53256595   0.00811079
232.00   3.52937939   0.00821655
233.00   3.52617908   0.00832322
234.00   3.52296504   0.00843081
235.00   3.51973726   0.00853933
236.00   3.51649574   0.00864877
237.00   3.51324049   0.00875914
238.00   3.50997150   0.00887044
239.00   3.50668878   0.00898269
240.00   3.50339232   0.00909587
241.00   3.50008213   0.00921000
242.00   3.49675820   0.00932509
243.00   3.49342054   0.00944112
244.00   3.49006914   0.00955812
245.00   3.48670401   0.00967607
246.00   3.48332515   0.00979500
247.00   3.47993255   0.00991489
248.00   3.47652622   0.01003576
249.00   3.47310616   0.01015760
250.00   3.46967237   0.01028043
251.00   3.46622485   0.01040424
252.00   3.46276359   0.01052904
253.00   3.45928861   0.01065484
254.00   3.45579990   0.01078163
255.00   3.45229745   0.01090942
256.00   3.44878128   0.01103822
257.00   3.44525138   0.01116803
258.00   3.44170774   0.01129885
259.00   3.43815039   0.01143069
260.00   3.43457930   0.01156354
261.00   3.43099448   0.01169743
262.00   3.42739594   0.01183234
263.00   3.42378368   0.01196829
264.00   3.42015768   0.01210527
265.00   3.41651796   0.01224329
266.00   3.41286452   0.01238236
267.00   3.40919735   0.01252247
268.00   3.40551645   0.01266364
269.00   3.40182183   0.01280586
270.00   3.39811349   0.01294915
271.00   3.39439142   0.01309350
272.00   3.39065563   0.01323891
273.00   3.38690612   0.01338540
274.00   3.38314289   0.01353297
275.00   3.37936593   0.01368161
276.00   3.37557525   0.01383134
277.00   3.37177086   0.01398215
278.00   3.36795274   0.01413406
279.00   3.36412090   0.01428706
280.00   3.36027534   0.01444116
281.00   3.35641606   0.01459637
282.00   3.35254307   0.01475268
283.00   3.34865635   0.01491011
284.00   3.34475592   0.01506865
285.00   3.34084177   0.01522830
286.00   3.33691390   0.01538908
287.00   3.33297232   0.01555099
288.00   3.32901702   0.01571403
289.00   3.32504800   0.01587820
290.00   3.32106527   0.01604352
291.00   3.31706882   0.01620997
292.00   3.31305866   0.01637757
293.00   3.30903478   0.01654632
294.00   3.30499719   0.01671623
295.00   3.30094589   0.01688729
296.00   3.29688088   0.01705952
297.00   3.29280215   0.01723291
298.00   3.28870971   0.01740747
299.00   3.28460356   0.01758321
300.00   3.28048370   0.01776012
301.00   3.27635012   0.01793822
302.00   3.27220284   0.01811750
303.00   3.26804185   0.01829797
304.00   3.26386715   0.01847963
305.00   3.25967874   0.01866249
306.00   3.25547662   0.01884656
307.00   3.25126079   0.01903183
308.00   3.24703126   0.01921830
309.00   3.24278802   0.01940599
310.00   3.23853107   0.01959490
311.00   3.23426042   0.01978503
312.00   3.22997606   0.01997638
313.00   3.22567800   0.02016896
314.00   3.22136623   0.02036278
315.00   3.21704076   0.02055783
316.00   3.21270158   0.02075412
317.00   3.20834871   0.02095166
318.00   3.20398212   0.02115044
319.00   3.19960184   0.02135048
320.00   3.19520786   0.02155177
321.00   3.19080017   0.02175432
322.00   3.18637878   0.02195814
323.00   3.18194369   0.02216323
324.00   3.17749491   0.02236958
325.00   3.17303242   0.02257721
326.00   3.16855624   0.02278613
327.00   3.16406635   0.02299632
328.00   3.15956277   0.02320780
329.00   3.15504549   0.02342058
330.00   3.15051452   0.02363465
331.00   3.14596985   0.02385001
332.00   3.14141148   0.02406669
333.00   3.13683941   0.02428466
334.00   3.13225366   0.02450395
335.00   3.12765420   0.02472456
336.00   3.12304106   0.02494648
337.00   3.11841422   0.02516973
338.00   3.11377369   0.02539430
339.00   3.10911946   0.02562020
340.00   3.10445155   0.02584744
341.00   3.09976994   0.02607601
342.00   3.09507464   0.02630593
343.00   3.09036565   0.02653719
344.00   3.08564297   0.02676981
345.00   3.08090660   0.02700377
346.00   3.07615655   0.02723910
347.00   3.07139280   0.02747578
348.00   3.06661537   0.02771384
349.00   3.06182425   0.02795326
350.00   3.05701945   0.02819405
351.00   3.05220095   0.02843623
352.00   3.04736878   0.02867978
353.00   3.04252291   0.02892472
354.00   3.03766336   0.02917105
355.00   3.03279013   0.02941877
356.00   3.02790322   0.02966789
357.00   3.02300262   0.02991841
358.00   3.01808834   0.03017033
359.00   3.01316038   0.03042366
360.00   3.00821873   0.03067841
361.00   3.00326341   0.03093457
362.00   2.99829440   0.03119215
363.00   2.99331172   0.03145115
364.00   2.98831536   0.03171159
365.00   2.98330531   0.03197345
366.00   2.97828159   0.03223675
367.00   2.97324420   0.03250149
368.00   2.96819312   0.03276768
369.00   2.96312837   0.03303531
370.00   2.95804994   0.03330439
371.00   2.95295784   0.03357493
372.00   2.94785206   0.03384693
373.00   2.94273261   0.03412039
374.00   2.93759949   0.03439532
375.00   2.93245269   0.03467172
376.00   2.92729222   0.03494960
377.00   2.92211808   0.03522895
378.00   2.91693026   0.03550979
379.00   2.91172878   0.03579211
380.00   2.90651362   0.03607592
381.00   2.90128480   0.03636123
382.00   2.89604230   0.03664804
383.00   2.89078614   0.03693634
384.00   2.88551631   0.03722616
385.00   2.88023281   0.03751748
386.00   2.87493565   0.03781032
387.00   2.86962482   0.03810468
388.00   2.86430032   0.03840055
389.00   2.85896216   0.03869796
390.00   2.85361033   0.03899689
391.00   2.84824484   0.03929736
392.00   2.84286569   0.03959936
393.00   2.83747287   0.03990290
394.00   2.83206640   0.04020799
395.00   2.82664626   0.04051463
396.00   2.82121246   0.04082282
397.00   2.81576499   0.04113257
398.00   2.81030387   0.04144388
399.00   2.80482909   0.04175675
400.00   2.79934065   0.04207120
401.00   2.79383856   0.04238721
402.00   2.78832280   0.04270480
403.00   2.78279339   0.04302397
404.00   2.77725033   0.04334472
405.00   2.77169360   0.04366707
406.00   2.76612322   0.04399100
407.00   2.76053919   0.04431653
408.00   2.75494151   0.04464366
409.00   2.74933017   0.04497239
410.00   2.74370518   0.04530273
411.00   2.73806653   0.04563468
412.00   2.73241424   0.04596825
413.00   2.72674829   0.04630343
414.00   2.72106870   0.04664024
415.00   2.71537545   0.04697867
416.00   2.70966856   0.04731874
417.00   2.70394802   0.04766044
418.00   2.69821383   0.04800378
419.00   2.69246599   0.04834876
420.00   2.68670451   0.04869539
421.00   2.68092938   0.04904366
422.00   2.67514060   0.04939359
423.00   2.66933819   0.04974518
424.00   2.66352212   0.05009843
425.00   2.65769242   0.05045335
426.00   2.65184907   0.05080993
427.00   2.64599208   0.05116819
428.00   2.64012145   0.05152813
429.00   2.63423718   0.05188975
430.00   2.62833927   0.05225305
431.00   2.62242772   0.05261804
432.00   2.61650253   0.05298473
433.00   2.61056370   0.05335311
434.00   2.60461123   0.05372319
435.00   2.59864513   0.05409498
436.00   2.59266539   0.05446847
437.00   2.58667202   0.05484368
438.00   2.58066501   0.05522060
439.00   2.57464437   0.05559924
440.00   2.56861009   0.05597961
441.00   2.56256218   0.05636170
442.00   2.55650064   0.05674553
443.00   2.55042547   0.05713109
444.00   2.54433667   0.05751839
445.00   2.53823423   0.05790744
446.00   2.53211817   0.05829823
447.00   2.52598848   0.05869077
448.00   2.51984516   0.05908507
449.00   2.51368821   0.05948113
450.00   2.50751764   0.05987895
451.00   2.50133344   0.06027853
452.00   2.49513561   0.06067989
453.00   2.48892416   0.06108302
454.00   2.48269908   0.06148793
455.00   2.47646038   0.06189462
456.00   2.47020806   0.06230309
457.00   2.46394212   0.06271336
458.00   2.45766255   0.06312542
459.00   2.45136937   0.06353928
460.00   2.44506256   0.06395494
461.00   2.43874214   0.06437240
462.00   2.43240809   0.06479168
463.00   2.42606043   0.06521276
464.00   2.41969915   0.06563567
465.00   2.41332426   0.06606039
466.00   2.40693575   0.06648694
467.00   2.40053362   0.06691532
468.00   2.39411788   0.06734553
469.00   2.38768852   0.06777757
470.00   2.38124555   0.06821146
471.00   2.37478897   0.06864719
472.00   2.36831878   0.06908477
473.00   2.36183498   0.06952420
474.00   2.35533756   0.06996549
475.00   2.34882654   0.07040863
476.00   2.34230191   0.07085364
477.00   2.33576367   0.07130052
478.00   2.32921182   0.07174926
479.00   2.32264636   0.07219989
480.00   2.31606730   0.07265239
481.00   2.30947464   0.07310677
482.00   2.30286837   0.07356304
483.00   2.29624849   0.07402120
484.00   2.28961501   0.07448126
485.00   2.28296793   0.07494321
486.00   2.27630725   0.07540707
487.00   2.26963297   0.07587283
488.00   2.26294509   0.07634050
489.00   2.25624360   0.07681009
490.00   2.24952852   0.07728159
491.00   2.24279984   0.07775501
492.00   2.23605757   0.07823036
493.00   2.22930169   0.07870764
494.00   2.22253222   0.07918685
495.00   2.21574916   0.07966800
496.00   2.20895250   0.08015109
497.00   2.20214225   0.08063612
498.00   2.19531840   0.08112310
499.00   2.18848096   0.08161204
500.00   2.18162993   0.08210293
501.00   2.17476531   0.08259578
502.00   2.16788710   0.08309059
503.00   2.16099531   0.08358737
504.00   2.15408992   0.08408613
505.00   2.14717094   0.08458685
506.00   2.14023838   0.08508956
507.00   2.13329223   0.08559425
508.00   2.12633250   0.08610093
509.00   2.11935918   0.08660960
510.00   2.11237228   0.08712027
511.00   2.10537179   0.08763293
512.00   2.09835773   0.08814759
513.00   2.09133008   0.08866426
514.00   2.08428885   0.08918295
515.00   2.07723404   0.08970364
516.00   2.07016565   0.09022635
517.00   2.06308368   0.09075109
518.00   2.05598813   0.09127785
519.00   2.04887901   0.09180664
520.00   2.04175631   0.09233746
521.00   2.03462003   0.09287032
522.00   2.02747018   0.09340523
523.00   2.02030676   0.09394217
524.00   2.01312976   0.09448117
525.00   2.00593920   0.09502222
526.00   1.99873505   0.09556532
527.00   1.99151734   0.09611048
528.00   1.98428606   0.09665771
529.00   1.97704121   0.09720701
530.00   1.96978279   0.09775838
531.00   1.96251081   0.09831182
532.00   1.95522525   0.09886735
533.00   1.94792613   0.09942495
534.00   1.94061345   0.09998465
535.00   1.93328720   0.10054643
536.00   1.92594739   0.10111031
537.00   1.91859401   0.10167629
538.00   1.91122707   0.10224437
539.00   1.90384657   0.10281456
540.00   1.89645251   0.10338686
541.00   1.88904489   0.10396127
542.00   1.88162372   0.10453780
543.00   1.87418898   0.10511645
544.00   1.86674069   0.10569723
545.00   1.85927884   0.10628014
546.00   1.85180343   0.10686518
547.00   1.84431447   0.10745236
548.00   1.83681196   0.10804167
549.00   1.82929589   0.10863314
550.00   1.82176627   0.10922675
551.00   1.81422310   0.10982252
552.00   1.80666637   0.11042044
553.00   1.79909610   0.11102052
554.00   1.79151228   0.11162276
555.00   1.78391491   0.11222718
556.00   1.77630399   0.11283376
557.00   1.76867953   0.11344253
558.00   1.76104152   0.11405347
559.00   1.75338997   0.11466659
560.00   1.74572487   0.11528190
561.00   1.73804623   0.11589940
562.00   1.73035404   0.11651910
563.00   1.72264832   0.11714100
564.00   1.71492905   0.11776509
565.00   1.70719624   0.11839140
566.00   1.69944990   0.11901991
567.00   1.69169002   0.11965064
568.00   1.68391659   0.12028359
569.00   1.67612964   0.12091876
570.00   1.66832914   0.12155615
571.00   1.66051511   0.12219577
572.00   1.65268755   0.12283763
573.00   1.64484646   0.12348172
574.00   1.63699183   0.12412805
575.00   1.62912367   0.12477663
576.00   1.62124198   0.12542746
577.00   1.61334676   0.12608054
578.00   1.60543801   0.12673587
579.00   1.59751573   0.12739347
580.00   1.58957993   0.12805333
581.00   1.58163060   0.12871546
582.00   1.57366774   0.12937986
583.00   1.56569136   0.13004653
584.00   1.55770146   0.13071548
585.00   1.54969803   0.13138672
586.00   1.54168108   0.13206024
587.00   1.53365061   0.13273605
588.00   1.52560662   0.13341416
589.00   1.51754911   0.13409457
590.00   1.50947808   0.13477728
591.00   1.50139354   0.13546229
592.00   1.49329547   0.13614961
593.00   1.48518389   0.13683925
594.00   1.47705880   0.13753121
595.00   1.46892019   0.13822548
596.00   1.46076807   0.13892208
597.00   1.45260244   0.13962101
598.00   1.44442329   0.14032228
599.00   1.43623064   0.14102588
600.00   1.42802447   0.14173182
601.00   1.41980480   0.14244010
602.00   1.41157162   0.14315073
603.00   1.40332493   0.14386372
604.00   1.39506473   0.14457905
605.00   1.38679103   0.14529675
606.00   1.37850383   0.14601681
607.00   1.37020312   0.14673924
608.00   1.36188891   0.14746404
609.00   1.35356120   0.14819122
610.00   1.34521999   0.14892077
611.00   1.33686527   0.14965271
612.00   1.32849706   0.15038703
613.00   1.32011535   0.15112374
614.00   1.31172015   0.15186285
615.00   1.30331144   0.15260435
616.00   1.29488924   0.15334825
617.00   1.28645355   0.15409456
618.00   1.27800437   0.15484328
619.00   1.26954169   0.15559442
620.00   1.26106552   0.15634796
621.00   1.25257586   0.15710393
622.00   1.24407271   0.15786233
623.00   1.23555607   0.15862315
624.00   1.22702594   0.15938640
625.00   1.21848233   0.16015209
626.00   1.20992523   0.16092022
627.00   1.20135464   0.16169079
628.00   1.19277057   0.16246381
629.00   1.18417302   0.16323928
630.00   1.17556198   0.16401721
631.00   1.16693747   0.16479759
632.00   1.15829947   0.16558044
633.00   1.14964799   0.16636575
634.00   1.14098304   0.16715353
635.00   1.13230460   0.16794379
636.00   1.12361269   0.16873652
637.00   1.11490731   0.16953174
638.00   1.10618845   0.17032944
639.00   1.09745611   0.17112963
640.00   1.08871031   0.17193231
641.00   1.07995103   0.17273749
642.00   1.07117828   0.17354517
643.00   1.06239206   0.17435536
644.00   1.05359237   0.17516805
645.00   1.04477921   0.17598325
646.00   1.03595259   0.17680097
647.00   1.02711249   0.17762121
648.00   1.01825894   0.17844398
649.00   1.00939192   0.17926927
650.00   1.00051143   0.18009709
651.00   0.99161749   0.18092744
652.00   0.98271008   0.18176034
653.00   0.97378921   0.18259577
654.00   0.96485488   0.18343376
655.00   0.95590709   0.18427429
656.00   0.94694585   0.18511738
657.00   0.93797115   0.18596302
658.00   0.92898299   0.18681122
659.00   0.91998138   0.18766199
660.00   0.91096631   0.18851533
661.00   0.90193780   0.18937124
662.00   0.89289583   0.19022973
663.00   0.88384040   0.19109080
664.00   0.87477153   0.19195445
665.00   0.86568921   0.19282069
666.00   0.85659345   0.19368953
667.00   0.84748423   0.19456095
668.00   0.83836157   0.19543498
669.00   0.82922547   0.19631161
670.00   0.82007592   0.19719084
671.00   0.81091293   0.19807269
672.00   0.80173649   0.19895715
673.00   0.79254662   0.19984423
674.00   0.78334331   0.20073393
675.00   0.77412655   0.20162626
676.00   0.76489636   0.20252122
677.00   0.75565273   0.20341881
678.00   0.74639567   0.20431904
679.00   0.73712517   0.20522190
680.00   0.72784124   0.20612742
681.00   0.71854387   0.20703558
682.00   0.70923307   0.20794639
683.00   0.69990884   0.20885986
684.00   0.69057119   0.20977599
685.00   0.68122010   0.21069478
686.00   0.67185558   0.21161625
687.00   0.66247764   0.21254038
688.00   0.65308627   0.21346718
689.00   0.64368148   0.21439667
690.00   0.63426326   0.21532884
691.00   0.62483162   0.21626369
692.00   0.61538656   0.21720124
693.00   0.60592808   0.21814148
694.00   0.59645618   0.21908441
695.00   0.58697086   0.22003005
696.00   0.57747212   0.22097839
697.00   0.56795996   0.22192944
698.00   0.55843439   0.22288321
699.00   0.54889541   0.22383969
700.00   0.53934301   0.22479889
701.00   0.52977720   0.22576082
702.00   0.52019797   0.22672547
703.00   0.51060534   0.22769285
704.00   0.50099930   0.22866297
705.00   0.49137985   0.22963583
706.00   0.48174699   0.23061144
707.00   0.47210072   0.23158979
708.00   0.46244105   0.23257089
709.00   0.45276798   0.23355474
710.00   0.44308150   0.23454135
711.00   0.43338162   0.23553073
712.00   0.42366834   0.23652287
713.00   0.41394166   0.23751777
714.00   0.40420158   0.23851546
715.00   0.39444810   0.23951592
716.00   0.38468123   0.24051916
717.00   0.37490095   0.24152518
718.00   0.36510729   0.24253399
719.00   0.35530023   0.24354560
720.00   0.34547978   0.24456000
721.00   0.33564594   0.24557720
722.00   0.32579870   0.24659720
723.00   0.31593808   0.24762001
724.00   0.30606407   0.24864563
725.00   0.29617667   0.24967407
726.00   0.28627588   0.25070532
727.00   0.27636171   0.25173940
728.00   0.26643416   0.25277630
729.00   0.25649322   0.25381603
730.00   0.24653890   0.25485859
731.00   0.23657120   0.25590400
732.00   0.22659012   0.25695224
733.00   0.21659566   0.25800333
734.00   0.20658782   0.25905726
735.00   0.19656661   0.26011405
736.00   0.18653202   0.26117369
737.00   0.17648406   0.26223620
738.00   0.16642272   0.26330157
739.00   0.15634801   0.26436980
740.00   0.14625993   0.26544091
741.00   0.13615848   0.26651489
742.00   0.12604366   0.26759174
743.00   0.11591548   0.26867149
744.00   0.10577392   0.26975411
745.00   0.09561900   0.27083963
746.00   0.08545072   0.27192804
747.00   0.07526907   0.27301935
748.00   0.06507406   0.27411356
749.00   0.05486569   0.27521067
750.00   0.04464396   0.27631069
751.00   0.03440887   0.27741362
752.00   0.02416042   0.27851948
753.00   0.01389861   0.27962824
754.00   0.00362345   0.28073994
755.00  -0.00666506   0.28185456
756.00  -0.01696693   0.28297211
757.00  -0.02728216   0.28409260
758.00  -0.03761073   0.28521602
759.00  -0.04795265   0.28634239
760.00  -0.05830793   0.28747170
761.00  -0.06867655   0.28860397
762.00  -0.07905851   0.28973918
763.00  -0.08945383   0.29087736
764.00  -0.09986249   0.29201849
765.00  -0.11028449   0.29316259
766.00  -0.12071983   0.29430966
767.00  -0.13116852   0.29545970
768.00  -0.14163054   0.29661272
769.00  -0.15210591   0.29776871
770.00  -0.16259461   0.29892769
771.00  -0.17309665   0.30008966
772.00  -0.18361202   0.30125461
773.00  -0.19414073   0.30242257
774.00  -0.20468277   0.30359352
775.00  -0.21523815   0.30476747
776.00  -0.22580686   0.30594443
777.00  -0.23638889   0.30712440
778.00  -0.24698426   0.30830738
779.00  -0.25759295   0.30949338
780.00  -0.26821497   0.31068240
781.00  -0.27885031   0.31187444
782.00  -0.28949898   0.31306951
783.00  -0.30016097   0.31426762
784.00  -0.31083628   0.31546876
785.00  -0.32152492   0.31667294
786.00  -0.33222687   0.31788016
787.00  -0.34294215   0.31909043
788.00  -0.35367073   0.32030375
789.00  -0.36441264   0.32152012
790.00  -0.37516786   0.32273956
791.00  -0.38593640   0.32396205
792.00  -0.39671824   0.32518761
793.00  -0.40751340   0.32641624
794.00  -0.41832187   0.32764794
795.00  -0.42914365   0.32888272
796.00  -0.43997874   0.33012058
797.00  -0.45082713   0.33136153
798.00  -0.46168883   0.33260556
799.00  -0.47256383   0.33385268
800.00  -0.48345214   0.33510290
801.00  -0.49435375   0.33635622
802.00  -0.50526866   0.33761264
803.00  -0.51619687   0.33887217
804.00  -0.52713838   0.34013481
805.00  -0.53809318   0.34140056
806.00  -0.54906129   0.34266943
807.00  -0.56004268   0.34394142
808.00  -0.57103737   0.34521654
809.00  -0.58204536   0.34649479
810.00  -0.59306663   0.34777616
811.00  -0.60410120   0.34906068
812.00  -0.61514906   0.35034833
813.00  -0.62621020   0.35163913
814.00  -0.63728463   0.35293308
815.00  -0.64837235   0.35423017
816.00  -0.65947335   0.35553043
817.00  -0.67058763   0.35683384
818.00  -0.68171519   0.35814041
819.00  -0.69285604   0.35945015
820.00  -0.70401017   0.36076306
821.00  -0.71517757   0.36207914
822.00  -0.72635825   0.36339840
823.00  -0.73755221   0.36472084
824.00  -0.74875944   0.36604647
825.00  -0.75997995   0.36737528
826.00  -0.77121373   0.36870729
827.00  -0.78246078   0.37004249
828.00  -0.79372110   0.37138089
829.00  -0.80499469   0.37272249
830.00  -0.81628154   0.37406730
831.00  -0.82758167   0.37541533
832.00  -0.83889505   0.37676656
833.00  -0.85022171   0.37812102
834.00  -0.86156162   0.37947869
835.00  -0.87291480   0.38083959
836.00  -0.88428123   0.38220372
837.00  -0.89566093   0.38357109
838.00  -0.90705388   0.38494168
839.00  -0.91846009   0.38631552
840.00  -0.92987956   0.38769261
841.00  -0.94131228   0.38907294
842.00  -0.95275825   0.39045652
843.00  -0.96421747   0.39184336
844.00  -0.97568995   0.39323346
845.00  -0.98717567   0.39462682
846.00  -0.99867464   0.39602344
847.00  -1.01018686   0.39742334
848.00  -1.02171232   0.39882650
849.00  -1.03325103   0.40023295
850.00  -1.04480298   0.40164268
851.00  -1.05636818   0.40305569
852.00  -1.06794661   0.40447199
853.00  -1.07953828   0.40589158
854.00  -1.09114320   0.40731447
855.00  -1.10276134   0.40874065
856.00  -1.11439273   0.41017014
857.00  -1.12603734   0.41160294
858.00  -1.13769520   0.41303905
859.00  -1.14936628   0.41447847
860.00  -1.16105059   0.41592121
861.00  -1.17274813   0.41736727
862.00  -1.18445891   0.41881665
863.00  -1.19618290   0.42026937
864.00  -1.20792013   0.42172541
865.00  -1.21967057   0.42318480
866.00  -1.23143424   0.42464752
867.00  -1.24321114   0.42611359
868.00  -1.25500125   0.42758300
869.00  -1.26680458   0.42905577
870.00  -1.27862113   0.43053189
871.00  -1.29045090   0.43201137
872.00  -1.30229388   0.43349421
873.00  -1.31415008   0.43498042
874.00  -1.32601949   0.43646999
875.00  -1.33790211   0.43796294
876.00  -1.34979794   0.43945927
877.00  -1.36170698   0.44095897
878.00  -1.37362923   0.44246207
879.00  -1.38556468   0.44396854
880.00  -1.39751334   0.44547841
881.00  -1.40947520   0.44699168
882.00  -1.42145027   0.44850834
883.00  -1.43343854   0.45002841
884.00  -1.44544000   0.45155188
885.00  -1.45745467   0.45307877
886.00  -1.46948254   0.45460906
887.00  -1.48152360   0.45614278
888.00  -1.49357785   0.45767991
889.00  -1.50564530   0.45922047
890.00  -1.51772594   0.46076446
891.00  -1.52981977   0.46231188
892.00  -1.54192680   0.46386273
893.00  -1.55404701   0.46541703
894.00  -1.56618040   0.46697477
895.00  -1.57832699   0.46853595
896.00  -1.59048675   0.47010059
897.00  -1.60265971   0.47166867
898.00  -1.61484584   0.47324022
899.00  -1.62704515   0.47481523
900.00  -1.63925765   0.47639370
901.00  -1.65148332   0.47797564
902.00  -1.66372217   0.47956105
903.00  -1.67597419   0.48114994
904.00  -1.68823939   0.48274231
905.00  -1.70051776   0.48433816
906.00  -1.71280930   0.48593750
907.00  -1.72511401   0.48754033
908.00  -1.73743189   0.48914666
909.00  -1.74976294   0.49075648
910.00  -1.76210715   0.49236980
911.00  -1.77446453   0.49398663
912.00  -1.78683508   0.49560697
913.00  -1.79921878   0.49723082
914.00  -1.81161565   0.49885819
915.00  -1.82402567   0.50048907
916.00  -1.83644885   0.50212348
917.00  -1.84888520   0.50376142
918.00  -1.86133469   0.50540289
919.00  -1.87379734   0.50704789
920.00  -1.88627314   0.50869643
921.00  -1.89876210   0.51034852
922.00  -1.91126420   0.51200414
923.00  -1.92377946   0.51366332
924.00  -1.93630786   0.51532605
925.00  -1.94884941   0.51699234
926.00  -1.96140410   0.51866218
927.00  -1.97397194   0.52033559
928.00  -1.98655291   0.52201257
929.00  -1.99914703   0.52369312
930.00  -2.01175429   0.52537724
931.00  -2.02437469   0.52706495
932.00  -2.03700822   0.52875623
933.00  -2.04965489   0.53045110
934.00  -2.06231469   0.53214956
935.00  -2.07498763   0.53385161
936.00  -2.08767370   0.53555726
937.00  -2.10037289   0.53726650
938.00  -2.11308522   0.53897936
939.00  -2.12581067   0.54069582
940.00  -2.13854925   0.54241589
941.00  -2.15130095   0.54413957
942.00  -2.16406578   0.54586687
943.00  -2.17684373   0.54759780
944.00  -2.18963480   0.54933235
945.00  -2.20243899   0.55107053
946.00  -2.21525629   0.55281235
947.00  -2.22808671   0.55455780
948.00  -2.24093025   0.55630689
949.00  -2.25378690   0.55805962
950.00  -2.26665666   0.55981600
951.00  -2.27953954   0.56157603
952.00  -2.29243552   0.56333972
953.00  -2.30534461   0.56510707
954.00  -2.31826681   0.56687808
955.00  -2.33120211   0.56865275
956.00  -2.34415052   0.57043109
957.00  -2.35711203   0.57221311
958.00  -2.37008664   0.57399880
959.00  -2.38307435   0.57578817
960.00  -2.39607516   0.57758123
961.00  -2.40908907   0.57937797
962.00  -2.42211607   0.58117841
963.00  -2.43515617   0.58298254
964.00  -2.44820936   0.58479037
965.00  -2.46127564   0.58660189
966.00  -2.47435501   0.58841713
967.00  -2.48744747   0.59023607
968.00  -2.50055302   0.59205873
969.00  -2.51367165   0.59388511
970.00  -2.52680337   0.59571520
971.00  -2.53994817   0.59754902
972.00  -2.55310605   0.59938656
973.00  -2.56627701   0.60122784
974.00  -2.57946105   0.60307285
975.00  -2.59265817   0.60492159
976.00  -2.60586836   0.60677408
977.00  -2.61909163   0.60863032
978.00  -2.63232797   0.61049030
979.00  -2.64557739   0.61235404
980.00  -2.65883987   0.61422153
981.00  -2.67211543   0.61609279
982.00  -2.68540405   0.61796780
983.00  -2.69870573   0.61984659
984.00  -2.71202049   0.62172914
985.00  -2.72534830   0.62361547
986.00  -2.73868918   0.62550557
987.00  -2.75204312   0.62739946
988.00  -2.76541011   0.62929713
989.00  -2.77879017   0.63119860
990.00  -2.79218328   0.63310385
991.00  -2.80558944   0.63501290
992.00  -2.81900866   0.63692575
993.00  -2.83244093   0.63884240
994.00  -2.84588625   0.64076286
995.00  -2.85934462   0.64268713
996.00  -2.87281604   0.64461521
997.00  -2.88630050   0.64654712
998.00  -2.89979801   0.64848284
999.00  -2.91330856   0.65042239
1000.00  -2.92683215   0.65236576
1001.00  -2.94036879   0.65431297
1002.00  -2.95391846   0.65626401
1003.00  -2.96748117   0.65821889
1004.00  -2.98105692   0.66017762
1005.00  -2.99464570   0.66214019
1006.00  -3.00824751   0.66410661
1007.00  -3.02186236   0.66607689
1008.00  -3.03549023   0.66805102
1009.00  -3.04913114   0.67002901
1010.00  -3.06278507   0.67201087
1011.00  -3.07645202   0.67399659
1012.00  -3.09013201   0.67598619
1013.00  -3.10382501   0.67797966
1014.00  -3.11753104   0.67997701
1015.00  -3.13125009   0.68197825
1016.00  -3.14498215   0.68398336
1017.00  -3.15872723   0.68599237
1018.00  -3.17248533   0.68800527
1019.00  -3.18625644   0.69002207
1020.00  -3.20004057   0.69204277
1021.00  -3.21383771   0.69406737
1022.00  -3.22764785   0.69609588
1023.00  -3.24147101   0.69812830
1024.00  -3.25530717   0.70016464
1025.00  -3.26915633   0.70220489
1026.00  -3.28301850   0.70424907
1027.00  -3.29689368   0.70629717
1028.00  -3.31078185   0.70834920
1029.00  -3.32468303   0.71040516
1030.00  -3.33859720   0.71246506
1031.00  -3.35252436   0.71452889
1032.00  -3.36646453   0.71659668
1033.00  -3.38041768   0.71866840
1034.00  -3.39438383   0.72074408
1035.00  -3.40836297   0.72282371
1036.00  -3.42235510   0.72490730
1037.00  -3.43636022   0.72699485
1038.00  -3.45037832   0.72908637
1039.00  -3.46440941   0.73118185
1040.00  -3.47845348   0.73328131
1041.00  -3.49251053   0.73538474
1042.00  -3.50658056   0.73749215
1043.00  -3.52066357   0.73960355
1044.00  -3.53475956   0.74171893
1045.00  -3.54886852   0.74383829
1046.00  -3.56299046   0.74596166
1047.00  -3.57712537   0.74808902
1048.00  -3.59127325   0.75022038
1049.00  -3.60543410   0.75235574
1050.00  -3.61960792   0.75449511
1051.00  -3.63379470   0.75663849
1052.00  -3.64799445   0.75878589
1053.00  -3.66220717   0.76093730
1054.00  -3.67643284   0.76309274
1055.00  -3.69067148   0.76525220
1056.00  -3.70492307   0.76741570
1057.00  -3.71918763   0.76958322
1058.00  -3.73346514   0.77175478
1059.00  -3.74775560   0.77393038
1060.00  -3.76205902   0.77611002
1061.00  -3.77637539   0.77829371
1062.00  -3.79070470   0.78048145
1063.00  -3.80504697   0.78267325
1064.00  -3.81940218   0.78486910
1065.00  -3.83377034   0.78706901
1066.00  -3.84815145   0.78927299
1067.00  -3.86254549   0.79148103
1068.00  -3.87695248   0.79369315
1069.00  -3.89137240   0.79590934
1070.00  -3.90580527   0.79812961
1071.00  -3.92025106   0.80035396
1072.00  -3.93470980   0.80258240
1073.00  -3.94918147   0.80481493
1074.00  -3.96366606   0.80705155
1075.00  -3.97816359   0.80929227
1076.00  -3.99267405   0.81153709
1077.00  -4.00719743   0.81378601
1078.00  -4.02173374   0.81603904
1079.00  -4.03628298   0.81829618
1080.00  -4.05084513   0.82055743
1081.00  -4.06542021   0.82282280
1082.00  -4.08000821   0.82509230
1083.00  -4.09460912   0.82736591
1084.00  -4.10922295   0.82964366
1085.00  -4.12384969   0.83192554
1086.00  -4.13848935   0.83421155
1087.00  -4.15314192   0.83650171
1088.00  -4.16780740   0.83879600
1089.00  -4.18248579   0.84109444
1090.00  -4.19717708   0.84339703
1091.00  -4.21188128   0.84570378
1092.00  -4.22659838   0.84801468
1093.00  -4.24132839   0.85032974
1094.00  -4.25607130   0.85264897
1095.00  -4.27082710   0.85497236
1096.00  -4.28559580   0.85729992
1097.00  -4.30037740   0.85963166
1098.00  -4.31517190   0.86196757
1099.00  -4.32997928   0.86430767
1100.00  -4.34479956   0.86665195
1101.00  -4.35963272   0.86900043
1102.00  -4.37447878   0.87135309
1103.00  -4.38933772   0.87370995
1104.00  -4.40420955   0.87607100
1105.00  -4.41909425   0.87843626
1106.00  -4.43399185   0.88080573
1107.00  -4.44890232   0.88317941
1108.00  -4.46382567   0.88555730
1109.00  -4.47876189   0.88793940
1110.00  -4.49371099   0.89032573
1111.00  -4.50867297   0.89271628
1112.00  -4.52364782   0.89511106
1113.00  -4.53863554   0.89751007
1114.00  -4.55363613   0.89991331
1115.00  -4.56864958   0.90232079
1116.00  -4.58367590   0.90473251
1117.00  -4.59871509   0.90714848
1118.00  -4.61376714   0.90956870
1119.00  -4.62883205   0.91199316
1120.00  -4.64390982   0.91442189
1121.00  -4.65900044   0.91685487
1122.00  -4.67410393   0.91929211
1123.00  -4.68922026   0.92173362
1124.00  -4.70434946   0.92417940
1125.00  -4.71949150   0.92662946
1126.00  -4.73464639   0.92908379
1127.00  -4.74981413   0.93154240
1128.00  -4.76499472   0.93400529
1129.00  -4.78018815   0.93647247
1130.00  -4.79539443   0.93894394
1131.00  -4.81061355   0.94141971
1132.00  -4.82584551   0.94389977
1133.00  -4.84109030   0.94638413
1134.00  -4.85634794   0.94887280
1135.00  -4.87161841   0.95136578
1136.00  -4.88690171   0.95386307
1137.00  -4.90219785   0.95636467
1138.00  -4.91750681   0.95887059
1139.00  -4.93282861   0.96138084
1140.00  -4.94816323   0.96389541
1141.00  -4.96351068   0.96641431
1142.00  -4.97887095   0.96893754
1143.00  -4.99424405   0.97146511
1144.00  -5.00962997   0.97399701
1145.00  -5.02502870   0.97653327
1146.00  -5.04044025   0.97907386
1147.00  -5.05586462   0.98161881
1148.00  -5.07130181   0.98416811
1149.00  -5.08675180   0.98672177
1150.00  -5.10221461   0.98927979
1151.00  -5.11769023   0.99184217
1152.00  -5.13317865   0.99440892
1153.00  -5.14867988   0.99698004
1154.00  -5.16419392   0.99955554
1155.00  -5.17972075   1.00213541
1156.00  -5.19526039   1.00471967
1157.00  -5.21081283   1.00730831
1158.00  -5.22637807   1.00990134
1159.00  -5.24195610   1.01249876
1160.00  -5.25754693   1.01510058
1161.00  -5.27315055   1.01770680
1162.00  -5.28876696   1.02031742
1163.00  -5.30439617   1.02293244
1164.00  -5.32003816   1.02555187
1165.00  -5.33569293   1.02817572
1166.00  -5.35136049   1.03080398
1167.00  -5.36704084   1.03343667
1168.00  -5.38273397   1.03607377
1169.00  -5.39843987   1.03871531
1170.00  -5.41415856   1.04136127
1171.00  -5.42989002   1.04401167
1172.00  -5.44563425   1.04666650
1173.00  -5.46139126   1.04932578
1174.00  -5.47716104   1.05198950
1175.00  -5.49294359   1.05465767
1176.00  -5.50873891   1.05733029
1177.00  -5.52454699   1.06000736
1178.00  -5.54036784   1.06268889
1179.00  -5.55620146   1.06537489
1180.00  -5.57204783   1.06806534
1181.00  -5.58790696   1.07076027
1182.00  -5.60377886   1.07345967
1183.00  -5.61966351   1.07616354
1184.00  -5.63556091   1.07887190
1185.00  -5.65147107   1.08158473
1186.00  -5.66739397   1.08430206
1187.00  -5.68332963   1.08702387
1188.00  -5.69927804   1.08975017
1189.00  -5.71523919   1.09248097
1190.00  -5.73121309   1.09521627
1191.00  -5.74719973   1.09795607
1192.00  -5.76319911   1.10070038
1193.00  -5.77921123   1.10344920
1194.00  -5.79523609   1.10620254
1195.00  -5.81127369   1.10896039
1196.00  -5.82732402   1.11172276
1197.00  -5.84338708   1.11448965
1198.00  -5.85946288   1.11726107
1199.00  -5.87555140   1.12003703
1200.00  -5.89165265   1.12281752
1201.00  -5.90776663   1.12560254
1202.00  -5.92389333   1.12839211
1203.00  -5.94003276   1.13118622
1204.00  -5.95618490   1.13398488
1205.00  -5.97234977   1.13678809
1206.00  -5.98852735   1.13959585
1207.00  -6.00471765   1.14240818
1208.00  -6.02092067   1.14522507
1209.00  -6.03713639   1.14804652
1210.00  -6.05336483   1.15087254
1211.00  -6.06960598   1.15370313
1212.00  -6.08585983   1.15653830
1213.00  -6.10212639   1.15937805
1214.00  -6.11840565   1.16222238
1215.00  -6.13469762   1.16507129
1216.00  -6.15100228   1.16792480
1217.00  -6.16731965   1.17078290
1218.00  -6.18364971   1.17364559
1219.00  -6.19999247   1.17651289
1220.00  -6.21634792   1.17938479
1221.00  -6.23271606   1.18226129
1222.00  -6.24909690   1.18514241
1223.00  -6.26549042   1.18802814
1224.00  -6.28189663   1.19091848
1225.00  -6.29831552   1.19381345
1226.00  -6.31474710   1.19671304
1227.00  -6.33119136   1.19961726
1228.00  -6.34764830   1.20252610
1229.00  -6.36411791   1.20543959
1230.00  -6.38060021   1.20835771
1231.00  -6.39709518   1.21128047
1232.00  -6.41360282   1.21420787
1233.00  -6.43012313   1.21713992
1234.00  -6.44665611   1.22007663
1235.00  -6.46320176   1.22301799
1236.00  -6.47976008   1.22596401
1237.00  -6.49633105   1.22891469
1238.00  -6.51291470   1.23187003
1239.00  -6.52951100   1.23483004
1240.00  -6.54611996   1.23779473
1241.00  -6.56274158   1.24076409
1242.00  -6.57937586   1.24373812
1243.00  -6.59602279   1.24671684
1244.00  -6.61268237   1.24970025
1245.00  -6.62935460   1.25268835
1246.00  -6.64603948   1.25568113
1247.00  -6.66273700   1.25867862
1248.00  -6.67944718   1.26168080
1249.00  -6.69616999   1.26468768
1250.00  -6.71290545   1.26769927
1251.00  -6.72965354   1.27071558
1252.00  -6.74641428   1.27373659
1253.00  -6.76318765   1.27676232
1254.00  -6.77997365   1.27979277
1255.00  -6.79677229   1.28282794
1256.00  -6.81358356   1.28586784
1257.00  -6.83040746   1.28891247
1258.00  -6.84724398   1.29196183
1259.00  -6.86409313   1.29501593
1260.00  -6.88095491   1.29807477
1261.00  -6.89782931   1.30113835
1262.00  -6.91471632   1.30420668
1263.00  -6.93161596   1.30727976
1264.00  -6.94852821   1.31035760
1265.00  -6.96545308   1.31344019
1266.00  -6.98239056   1.31652754
1267.00  -6.99934065   1.31961965
1268.00  -7.01630336   1.32271654
1269.00  -7.03327867   1.32581819
1270.00  -7.05026658   1.32892462
1271.00  -7.06726711   1.33203582
1272.00  -7.08428023   1.33515181
1273.00  -7.10130595   1.33827258
1274.00  -7.11834428   1.34139814
1275.00  -7.13539520   1.34452849
1276.00  -7.15245871   1.34766363
1277.00  -7.16953482   1.35080358
1278.00  -7.18662352   1.35394832
1279.00  -7.20372482   1.35709787
1280.00  -7.22083870   1.36025223
1281.00  -7.23796516   1.36341139
1282.00  -7.25510421   1.36657538
1283.00  -7.27225585   1.36974418
1284.00  -7.28942006   1.37291780
1285.00  -7.30659686   1.37609625
1286.00  -7.32378623   1.37927952
1287.00  -7.34098818   1.38246763
1288.00  -7.35820270   1.38566058
1289.00  -7.37542980   1.38885836
1290.00  -7.39266946   1.39206098
1291.00  -7.40992169   1.39526845
1292.00  -7.42718649   1.39848077
1293.00  -7.44446386   1.40169794
1294.00  -7.46175378   1.40491996
1295.00  -7.47905627   1.40814685
1296.00  -7.49637132   1.41137859
1297.00  -7.51369893   1.41461521
1298.00  -7.53103909   1.41785669
1299.00  -7.54839180   1.42110304
1300.00  -7.56575707   1.42435427
1301.00  -7.58313489   1.42761038
1302.00  -7.60052526   1.43087137
1303.00  -7.61792817   1.43413725
1304.00  -7.63534363   1.43740801
1305.00  -7.65277163   1.44068367
1306.00  -7.67021217   1.44396423
1307.00  -7.68766526   1.44724968
1308.00  -7.70513088   1.45054004
1309.00  -7.72260903   1.45383530
1310.00  -7.74009972   1.45713547
1311.00  -7.75760294   1.46044056
1312.00  -7.77511870   1.46375056
1313.00  -7.79264698   1.46706548
1314.00  -7.81018779   1.47038532
1315.00  -7.82774112   1.47371009
1316.00  -7.84530697   1.47703979
1317.00  -7.86288535   1.48037442
1318.00  -7.88047625   1.48371399
1319.00  -7.89807966   1.48705850
1320.00  -7.91569559   1.49040795
1321.00  -7.93332403   1.49376235
1322.00  -7.95096499   1.49712170
1323.00  -7.96861845   1.50048600
1324.00  -7.98628442   1.50385525
1325.00  -8.00396290   1.50722947
1326.00  -8.02165389   1.51060865
1327.00  -8.03935737   1.51399280
1328.00  -8.05707336   1.51738191
1329.00  -8.07480185   1.52077600
1330.00  -8.09254283   1.52417507
1331.00  -8.11029631   1.52757911
1332.00  -8.12806228   1.53098814
1333.00  -8.14584075   1.53440216
1334.00  -8.16363170   1.53782116
1335.00  -8.18143515   1.54124516
1336.00  -8.19925107   1.54467416
1337.00  -8.21707949   1.54810815
1338.00  -8.23492038   1.55154715
1339.00  -8.25277376   1.55499116
1340.00  -8.27063961   1.55844017
1341.00  -8.28851794   1.56189420
1342.00  -8.30640874   1.56535325
1343.00  -8.32431202   1.56881731
1344.00  -8.34222777   1.57228640
1345.00  -8.36015599   1.57576052
1346.00  -8.37809668   1.57923966
1347.00  -8.39604983   1.58272384
1348.00  -8.41401544   1.58621306
1349.00  -8.43199352   1.58970731
1350.00  -8.44998406   1.59320661
1351.00  -8.46798705   1.59671095
1352.00  -8.48600251   1.60022035
1353.00  -8.50403041   1.60373480
1354.00  -8.52207077   1.60725430
1355.00  -8.54012358   1.61077887
1356.00  -8.55818883   1.61430850
1357.00  -8.57626654   1.61784319
1358.00  -8.59435669   1.62138296
1359.00  -8.61245928   1.62492780
1360.00  -8.63057431   1.62847771
1361.00  -8.64870178   1.63203271
1362.00  -8.66684169   1.63559278
1363.00  -8.68499404   1.63915795
1364.00  -8.70315882   1.64272820
1365.00  -8.72133603   1.64630355
1366.00  -8.73952567   1.64988399
1367.00  -8.75772773   1.65346954
1368.00  -8.77594223   1.65706018
1369.00  -8.79416915   1.66065594
1370.00  -8.81240849   1.66425680
1371.00  -8.83066025   1.66786278
1372.00  -8.84892443   1.67147387
1373.00  -8.86720102   1.67509008
1374.00  -8.88549003   1.67871142
1375.00  -8.90379145   1.68233788
1376.00  -8.92210529   1.68596947
1377.00  -8.94043153   1.68960620
1378.00  -8.95877018   1.69324806
1379.00  -8.97712123   1.69689506
1380.00  -8.99548469   1.70054720
1381.00  -9.01386055   1.70420449
1382.00  -9.03224880   1.70786693
1383.00  -9.05064946   1.71153452
1384.00  -9.06906251   1.71520726
1385.00  -9.08748795   1.71888517
1386.00  -9.10592579   1.72256824
1387.00  -9.12437601   1.72625648
1388.00  -9.14283863   1.72994988
1389.00  -9.16131363   1.73364846
1390.00  -9.17980101   1.73735221
1391.00  -9.19830078   1.74106114
1392.00  -9.21681292   1.74477526
1393.00  -9.23533745   1.74849456
1394.00  -9.25387435   1.75221905
1395.00  -9.27242362   1.75594873
1396.00  -9.29098527   1.75968360
1397.00  -9.30955928   1.76342368
1398.00  -9.32814567   1.76716896
1399.00  -9.34674442   1.77091944
1400.00  -9.36535554   1.77467513
1401.00  -9.38397902   1.77843604
1402.00  -9.40261486   1.78220216
1403.00  -9.42126306   1.78597350
1404.00  -9.43992362   1.78975006
1405.00  -9.45859653   1.79353184
1406.00  -9.47728179   1.79731885
1407.00  -9.49597941   1.80111110
1408.00  -9.51468938   1.80490858
1409.00  -9.53341169   1.80871130
1410.00  -9.55214635   1.81251926
1411.00  -9.57089335   1.81633246
1412.00  -9.58965269   1.82015092
1413.00  -9.60842437   1.82397462
1414.00  -9.62720839   1.82780358
1415.00  -9.64600475   1.83163780
1416.00  -9.66481344   1.83547728
1417.00  -9.68363446   1.83932202
1418.00  -9.70246781   1.84317203
1419.00  -9.72131349   1.84702731
1420.00  -9.74017149   1.85088787
1421.00  -9.75904182   1.85475370
1422.00  -9.77792447   1.85862482
1423.00  -9.79681944   1.86250121
1424.00  -9.81572673   1.86638290
1425.00  -9.83464633   1.87026988
1426.00  -9.85357825   1.87416215
1427.00  -9.87252248   1.87805971
1428.00  -9.89147902   1.88196258
1429.00  -9.91044787   1.88587075
1430.00  -9.92942902   1.88978423
1431.00  -9.94842248   1.89370302
1432.00  -9.96742824   1.89762712
1433.00  -9.98644631   1.90155654
1434.00 -10.00547667   1.90549128
1435.00 -10.02451932   1.90943134
1436.00 -10.04357427   1.91337673
1437.00 -10.06264152   1.91732745
1438.00 -10.08172105   1.92128350
1439.00 -10.10081287   1.92524489
1440.00 -10.11991698   1.92921161
1441.00 -10.13903337   1.93318368
1442.00 -10.15816205   1.93716110
1443.00 -10.17730301   1.94114386
1444.00 -10.19645624   1.94513198
1445.00 -10.21562175   1.94912545
1446.00 -10.23479954   1.95312429
1447.00 -10.25398960   1.95712848
1448.00 -10.27319193   1.96113804
1449.00 -10.29240653   1.96515297
1450.00 -10.31163339   1.96917327
1451.00 -10.33087252   1.97319894
1452.00 -10.35012391   1.97723000
1453.00 -10.36938757   1.98126643
1454.00 -10.38866348   1.98530825
1455.00 -10.40795165   1.98935546
1456.00 -10.42725207   1.99340806
1457.00 -10.44656474   1.99746606
1458.00 -10.46588967   2.00152945
1459.00 -10.48522685   2.00559824
1460.00 -10.50457627   2.00967244
1461.00 -10.52393794   2.01375205
1462.00 -10.54331184   2.01783706
1463.00 -10.56269800   2.02192749
1464.00 -10.58209638   2.02602334
1465.00 -10.60150701   2.03012461
1466.00 -10.62092987   2.03423130
1467.00 -10.64036496   2.03834342
1468.00 -10.65981229   2.04246097
1469.00 -10.67927184   2.04658395
1470.00 -10.69874362   2.05071237
1471.00 -10.71822762   2.05484622
1472.00 -10.73772385   2.05898552
1473.00 -10.75723230   2.06313027
1474.00 -10.77675296   2.06728047
1475.00 -10.79628584   2.07143612
1476.00 -10.81583094   2.07559722
1477.00 -10.83538825   2.07976379
1478.00 -10.85495777   2.08393582
1479.00 -10.87453950   2.08811331
1480.00 -10.89413344   2.09229627
1481.00 -10.91373958   2.09648470
1482.00 -10.93335792   2.10067861
1483.00 -10.95298846   2.10487800
1484.00 -10.97263120   2.10908287
1485.00 -10.99228614   2.11329322
1486.00 -11.01195327   2.11750906
1487.00 -11.03163259   2.12173039
1488.00 -11.05132411   2.12595722
1489.00 -11.07102781   2.13018954
1490.00 -11.09074370   2.13442737
1491.00 -11.11047177   2.13867070
1492.00 -11.13021203   2.14291954
1493.00 -11.14996446   2.14717388
1494.00 -11.16972908   2.15143374
1495.00 -11.18950587   2.15569912
1496.00 -11.20929483   2.15997002
1497.00 -11.22909597   2.16424644
1498.00 -11.24890927   2.16852839
1499.00 -11.26873475   2.17281586
1500.00 -11.28857239   2.17710887
1501.00 -11.30842219   2.18140742
1502.00 -11.32828415   2.18571151
1503.00 -11.34815828   2.19002113
1504.00 -11.36804456   2.19433631
1505.00 -11.38794300   2.19865703
1506.00 -11.40785359   2.20298330
1507.00 -11.42777633   2.20731513
1508.00 -11.44771123   2.21165252
1509.00 -11.46765827   2.21599547
1510.00 -11.48761745   2.22034398
1511.00 -11.50758878   2.22469806
1512.00 -11.52757225   2.22905772
1513.00 -11.54756786   2.23342294
1514.00 -11.56757560   2.23779375
1515.00 -11.58759549   2.24217013
1516.00 -11.60762750   2.24655210
1517.00 -11.62767165   2.25093966
1518.00 -11.64772792   2.25533281
1519.00 -11.66779632   2.25973155
1520.00 -11.68787685   2.26413588
1521.00 -11.70796949   2.26854582
1522.00 -11.72807426   2.27296136
1523.00 -11.74819115   2.27738250
1524.00 -11.76832016   2.28180926
1525.00 -11.78846127   2.28624162
1526.00 -11.80861450   2.29067961
1527.00 -11.82877985   2.29512321
1528.00 -11.84895730   2.29957243
1529.00 -11.86914685   2.30402728
1530.00 -11.88934851   2.30848776
1531.00 -11.90956227   2.31295386
1532.00 -11.92978813   2.31742561
1533.00 -11.95002609   2.32190299
1534.00 -11.97027615   2.32638601
1535.00 -11.99053830   2.33087467
1536.00 -12.01081254   2.33536899
1537.00 -12.03109887   2.33986895
1538.00 -12.05139728   2.34437457
1539.00 -12.07170779   2.34888584
1540.00 -12.09203037   2.35340277
1541.00 -12.11236504   2.35792537
1542.00 -12.13271179   2.36245363
1543.00 -12.15307061   2.36698756
1544.00 -12.17344151   2.37152717
1545.00 -12.19382448   2.37607245
1546.00 -12.21421952   2.38062340
1547.00 -12.23462663   2.38518005
1548.00 -12.25504580   2.38974237
1549.00 -12.27547705   2.39431039
1550.00 -12.29592035   2.39888409
1551.00 -12.31637571   2.40346349
1552.00 -12.33684313   2.40804859
1553.00 -12.35732261   2.41263939
1554.00 -12.37781414   2.41723589
1555.00 -12.39831773   2.42183810
1556.00 -12.41883336   2.42644602
1557.00 -12.43936104   2.43105965
1558.00 -12.45990077   2.43567900
1559.00 -12.48045254   2.44030407
1560.00 -12.50101635   2.44493486
1561.00 -12.52159220   2.44957138
1562.00 -12.54218008   2.45421363
1563.00 -12.56278001   2.45886161
1564.00 -12.58339196   2.46351533
1565.00 -12.60401595   2.46817478
1566.00 -12.62465196   2.47283998
1567.00 -12.64530000   2.47751092
1568.00 -12.66596007   2.48218760
1569.00 -12.68663215   2.48687004
1570.00 -12.70731626   2.49155824
1571.00 -12.72801239   2.49625219
1572.00 -12.74872053   2.50095190
1573.00 -12.76944068   2.50565737
1574.00 -12.79017285   2.51036861
1575.00 -12.81091703   2.51508562
1576.00 -12.83167321   2.51980841
1577.00 -12.85244140   2.52453697
1578.00 -12.87322159   2.52927131
1579.00 -12.89401379   2.53401143
1580.00 -12.91481798   2.53875734
1581.00 -12.93563417   2.54350903
1582.00 -12.95646235   2.54826652
1583.00 -12.97730253   2.55302980
1584.00 -12.99815470   2.55779888
1585.00 -13.01901885   2.56257376
1586.00 -13.03989499   2.56735444
1587.00 -13.06078312   2.57214094
1588.00 -13.08168323   2.57693324
1589.00 -13.10259531   2.58173135
1590.00 -13.12351938   2.58653529
1591.00 -13.14445542   2.59134504
1592.00 -13.16540343   2.59616061
1593.00 -13.18636341   2.60098201
1594.00 -13.20733537   2.60580924
1595.00 -13.22831929   2.61064230
1596.00 -13.24931517   2.61548120
1597.00 -13.27032302   2.62032594
1598.00 -13.29134283   2.62517651
1599.00 -13.31237459   2.63003293
1600.00 -13.33341832   2.63489520
1601.00 -13.35447399   2.63976332
1602.00 -13.37554162   2.64463729
1603.00 -13.39662120   2.64951712
1604.00 -13.41771272   2.65440281
1605.00 -13.43881620   2.65929437
1606.00 -13.45993161   2.66419178
1607.00 -13.48105896   2.66909507
1608.00 -13.50219826   2.67400423
1609.00 -13.52334949   2.67891927
1610.00 -13.54451265   2.68384018
1611.00 -13.56568775   2.68876698
1612.00 -13.58687478   2.69369966
1613.00 -13.60807373   2.69863823
1614.00 -13.62928462   2.70358269
1615.00 -13.65050742   2.70853304
1616.00 -13.67174215   2.71348929
1617.00 -13.69298880   2.71845144
1618.00 -13.71424736   2.72341950
1619.00 -13.73551784   2.72839346
1620.00 -13.75680023   2.73337332
1621.00 -13.77809453   2.73835911
1622.00 -13.79940075   2.74335080
1623.00 -13.82071886   2.74834842
1624.00 -13.84204889   2.75335196
1625.00 -13.86339081   2.75836142
1626.00 -13.88474463   2.76337681
1627.00 -13.90611035   2.76839813
1628.00 -13.92748797   2.77342539
1629.00 -13.94887748   2.77845858
1630.00 -13.97027888   2.78349771
1631.00 -13.99169217   2.78854279
1632.00 -14.01311735   2.79359381
1633.00 -14.03455441   2.79865078
1634.00 -14.05600336   2.80371370
1635.00 -14.07746418   2.80878258
1636.00 -14.09893689   2.81385742
1637.00 -14.12042146   2.81893822
1638.00 -14.14191792   2.82402498
1639.00 -14.16342624   2.82911771
1640.00 -14.18494643   2.83421641
1641.00 -14.20647849   2.83932109
1642.00 -14.22802242   2.84443174
1643.00 -14.24957821   2.84954837
1644.00 -14.27114586   2.85467099
1645.00 -14.29272536   2.85979959
1646.00 -14.31431673   2.86493418
1647.00 -14.33591994   2.87007476
1648.00 -14.35753501   2.87522134
1649.00 -14.37916193   2.88037392
1650.00 -14.40080070   2.88553250
1651.00 -14.42245131   2.89069708
1652.00 -14.44411376   2.89586767
1653.00 -14.46578806   2.90104427
1654.00 -14.48747419   2.90622688
1655.00 -14.50917216   2.91141551
1656.00 -14.53088196   2.91661016
1657.00 -14.55260360   2.92181083
1658.00 -14.57433706   2.92701753
1659.00 -14.59608235   2.93223025
1660.00 -14.61783947   2.93744901
1661.00 -14.63960841   2.94267380
1662.00 -14.66138918   2.94790463
1663.00 -14.68318176   2.95314151
1664.00 -14.70498615   2.95838442
1665.00 -14.72680236   2.96363338
1666.00 -14.74863039   2.96888840
1667.00 -14.77047022   2.97414946
1668.00 -14.79232186   2.97941658
1669.00 -14.81418531   2.98468976
1670.00 -14.83606056   2.98996901
1671.00 -14.85794761   2.99525431
1672.00 -14.87984645   3.00054569
1673.00 -14.90175710   3.00584314
1674.00 -14.92367954   3.01114666
1675.00 -14.94561377   3.01645625
1676.00 -14.96755979   3.02177193
1677.00 -14.98951760   3.02709369
1678.00 -15.01148719   3.03242154
1679.00 -15.03346857   3.03775548
1680.00 -15.05546173   3.04309551
1681.00 -15.07746667   3.04844164
1682.00 -15.09948338   3.05379386
1683.00 -15.12151187   3.05915218
1684.00 -15.14355213   3.06451661
1685.00 -15.16560415   3.06988715
1686.00 -15.18766795   3.07526380
1687.00 -15.20974351   3.08064656
1688.00 -15.23183084   3.08603543
1689.00 -15.25392992   3.09143043
1690.00 -15.27604077   3.09683155
1691.00 -15.29816337   3.10223879
1692.00 -15.32029772   3.10765217
1693.00 -15.34244383   3.11307167
1694.00 -15.36460168   3.11849731
1695.00 -15.38677128   3.12392909
1696.00 -15.40895263   3.12936700
1697.00 -15.43114572   3.13481106
1698.00 -15.45335055   3.14026127
1699.00 -15.47556712   3.14571763
1700.00 -15.49779543   3.15118014
1701.00 -15.52003547   3.15664880
1702.00 -15.54228724   3.16212362
1703.00 -15.56455074   3.16760461
1704.00 -15.58682597   3.17309176
1705.00 -15.60911292   3.17858507
1706.00 -15.63141159   3.18408456
1707.00 -15.65372199   3.18959022
1708.00 -15.67604410   3.19510206
1709.00 -15.69837793   3.20062007
1710.00 -15.72072347   3.20614427
1711.00 -15.74308073   3.21167466
1712.00 -15.76544969   3.21721123
1713.00 -15.78783036   3.22275399
1714.00 -15.81022273   3.22830295
1715.00 -15.83262681   3.23385811
1716.00 -15.85504258   3.23941947
1717.00 -15.87747006   3.24498702
1718.00 -15.89990922   3.25056079
1719.00 -15.92236009   3.25614077
1720.00 -15.94482264   3.26172695
1721.00 -15.96729688   3.26731936
1722.00 -15.98978281   3.27291798
1723.00 -16.01228042   3.27852282
1724.00 -16.03478971   3.28413389
1725.00 -16.05731068   3.28975118
1726.00 -16.07984333   3.29537470
1727.00 -16.10238766   3.30100446
1728.00 -16.12494366   3.30664045
1729.00 -16.14751133   3.31228269
1730.00 -16.17009066   3.31793116
1731.00 -16.19268166   3.32358588
1732.00 -16.21528433   3.32924685
1733.00 -16.23789866   3.33491407
1734.00 -16.26052464   3.34058754
1735.00 -16.28316228   3.34626727
1736.00 -16.30581158   3.35195326
1737.00 -16.32847253   3.35764551
1738.00 -16.35114513   3.36334402
1739.00 -16.37382937   3.36904881
1740.00 -16.39652526   3.37475987
1741.00 -16.41923280   3.38047720
1742.00 -16.44195197   3.38620081
1743.00 -16.46468279   3.39193070
1744.00 -16.48742524   3.39766687
1745.00 -16.51017932   3.40340933
1746.00 -16.53294504   3.40915808
1747.00 -16.55572238   3.41491312
1748.00 -16.57851135   3.42067446
1749.00 -16.60131195   3.42644210
1750.00 -16.62412416   3.43221603
1751.00 -16.64694800   3.43799627
1752.00 -16.66978346   3.44378282
1753.00 -16.69263053   3.44957568
1754.00 -16.71548921   3.45537485
1755.00 -16.73835951   3.46118034
1756.00 -16.76124141   3.46699214
1757.00 -16.78413492   3.47281027
1758.00 -16.80704003   3.47863472
1759.00 -16.82995675   3.48446550
1760.00 -16.85288506   3.49030261
1761.00 -16.87582497   3.49614606
1762.00 -16.89877648   3.50199584
1763.00 -16.92173958   3.50785196
1764.00 -16.94471427   3.51371442
1765.00 -16.96770054   3.51958323
1766.00 -16.99069840   3.52545838
1767.00 -17.01370785   3.53133989
1768.00 -17.03672887   3.53722775
1769.00 -17.05976148   3.54312197
1770.00 -17.08280566   3.54902255
1771.00 -17.10586141   3.55492949
1772.00 -17.12892873   3.56084279
1773.00 -17.15200763   3.56676247
1774.00 -17.17509809   3.57268852
1775.00 -17.19820012   3.57862094
1776.00 -17.22131370   3.58455974
1777.00 -17.24443885   3.59050492
1778.00 -17.26757556   3.59645648
1779.00 -17.29072382   3.60241443
1780.00 -17.31388363   3.60837876
1781.00 -17.33705499   3.61434949
1782.00 -17.36023791   3.62032662
1783.00 -17.38343236   3.62631014
1784.00 -17.40663837   3.63230007
1785.00 -17.42985591   3.63829639
1786.00 -17.45308499   3.64429913
1787.00 -17.47632561   3.65030827
1788.00 -17.49957776   3.65632383
1789.00 -17.52284145   3.66234580
1790.00 -17.54611666   3.66837419
1791.00 -17.56940340   3.67440900
1792.00 -17.59270167   3.68045023
1793.00 -17.61601146   3.68649790
1794.00 -17.63933277   3.69255199
1795.00 -17.66266560   3.69861251
1796.00 -17.68600994   3.70467947
1797.00 -17.70936579   3.71075287
1798.00 -17.73273316   3.71683271
1799.00 -17.75611204   3.72291899
1800.00 -17.77950242   3.72901173
1801.00 -17.80290430   3.73511091
1802.00 -17.82631769   3.74121654
1803.00 -17.84974258   3.74732863
1804.00 -17.87317896   3.75344718
1805.00 -17.89662684   3.75957220
1806.00 -17.92008621   3.76570367
1807.00 -17.94355706   3.77184162
1808.00 -17.96703941   3.77798603
1809.00 -17.99053324   3.78413692
1810.00 -18.01403856   3.79029428
1811.00 -18.03755535   3.79645812
1812.00 -18.06108362   3.80262845
1813.00 -18.08462337   3.80880526
1814.00 -18.10817459   3.81498855
1815.00 -18.13173728   3.82117834
1816.00 -18.15531144   3.82737462
1817.00 -18.17889707   3.83357740
1818.00 -18.20249416   3.83978668
1819.00 -18.22610271   3.84600245
1820.00 -18.24972272   3.85222474
1821.00 -18.27335419   3.85845353
1822.00 -18.29699711   3.86468883
1823.00 -18.32065149   3.87093065
1824.00 -18.34431731   3.87717898
1825.00 -18.36799458   3.88343383
1826.00 -18.39168330   3.88969520
1827.00 -18.41538346   3.89596310
1828.00 -18.43909506   3.90223753
1829.00 -18.46281809   3.90851849
1830.00 -18.48655256   3.91480598
1831.00 -18.51029847   3.92110000
1832.00 -18.53405580   3.92740057
1833.00 -18.55782457   3.93370768
1834.00 -18.58160475   3.94002133
1835.00 -18.60539637   3.94634154
1836.00 -18.62919940   3.95266829
1837.00 -18.65301385   3.95900160
1838.00 -18.67683972   3.96534146
1839.00 -18.70067701   3.97168788
1840.00 -18.72452570   3.97804087
1841.00 -18.74838580   3.98440042
1842.00 -18.77225732   3.99076653
1843.00 -18.79614023   3.99713922
1844.00 -18.82003455   4.00351848
1845.00 -18.84394026   4.00990432
1846.00 -18.86785738   4.01629674
1847.00 -18.89178589   4.02269574
1848.00 -18.91572579   4.02910133
1849.00 -18.93967708   4.03551350
1850.00 -18.96363976   4.04193226
1851.00 -18.98761382   4.04835762
1852.00 -19.01159927   4.05478957
1853.00 -19.03559610   4.06122813
1854.00 -19.05960431   4.06767328
1855.00 -19.08362389   4.07412504
1856.00 -19.10765484   4.08058341
1857.00 -19.13169717   4.08704839
1858.00 -19.15575087   4.09351998
1859.00 -19.17981593   4.09999818
1860.00 -19.20389235   4.10648301
1861.00 -19.22798014   4.11297446
1862.00 -19.25207928   4.11947253
1863.00 -19.27618978   4.12597723
1864.00 -19.30031164   4.13248856
1865.00 -19.32444485   4.13900653
1866.00 -19.34858941   4.14553113
1867.00 -19.37274531   4.15206237
1868.00 -19.39691256   4.15860025
1869.00 -19.42109115   4.16514478
1870.00 -19.44528108   4.17169595
1871.00 -19.46948235   4.17825377
1872.00 -19.49369495   4.18481825
1873.00 -19.51791888   4.19138938
1874.00 -19.54215415   4.19796717
1875.00 -19.56640074   4.20455162
1876.00 -19.59065866   4.21114274
1877.00 -19.61492790   4.21774052
1878.00 -19.63920846   4.22434497
1879.00 -19.66350034   4.23095610
1880.00 -19.68780354   4.23757390
1881.00 -19.71211805   4.24419838
1882.00 -19.73644386   4.25082954
1883.00 -19.76078099   4.25746738
1884.00 -19.78512942   4.26411191
1885.00 -19.80948916   4.27076313
1886.00 -19.83386020   4.27742105
1887.00 -19.85824253   4.28408566
1888.00 -19.88263617   4.29075696
1889.00 -19.90704109   4.29743497
1890.00 -19.93145731   4.30411968
1891.00 -19.95588482   4.31081109
1892.00 -19.98032361   4.31750922
1893.00 -20.00477369   4.32421406
1894.00 -20.02923505   4.33092561
1895.00 -20.05370768   4.33764388
1896.00 -20.07819160   4.34436887
1897.00 -20.10268679   4.35110058
1898.00 -20.12719325   4.35783902
1899.00 -20.15171098   4.36458419
1900.00 -20.17623998   4.37133609
1901.00 -20.20078024   4.37809472
1902.00 -20.22533176   4.38486009
1903.00 -20.24989455   4.39163220
1904.00 -20.27446859   4.39841105
1905.00 -20.29905388   4.40519665
1906.00 -20.32365043   4.41198900
1907.00 -20.34825823   4.41878809
1908.00 -20.37287728   4.42559395
1909.00 -20.39750757   4.43240655
1910.00 -20.42214910   4.43922592
1911.00 -20.44680188   4.44605205
1912.00 -20.47146589   4.45288494
1913.00 -20.49614113   4.45972460
1914.00 -20.52082761   4.46657103
1915.00 -20.54552532   4.47342424
1916.00 -20.57023426   4.48028422
1917.00 -20.59495443   4.48715098
1918.00 -20.61968581   4.49402452
1919.00 -20.64442842   4.50090484
1920.00 -20.66918225   4.50779196
1921.00 -20.69394729   4.51468586
1922.00 -20.71872354   4.52158655
1923.00 -20.74351101   4.52849404
1924.00 -20.76830968   4.53540833
1925.00 -20.79311956   4.54232942
1926.00 -20.81794064   4.54925731
1927.00 -20.84277293   4.55619201
1928.00 -20.86761641   4.56313352
1929.00 -20.89247109   4.57008184
1930.00 -20.91733696   4.57703697
1931.00 -20.94221402   4.58399892
1932.00 -20.96710228   4.59096769
1933.00 -20.99200171   4.59794329
1934.00 -21.01691234   4.60492571
1935.00 -21.04183414   4.61191495
1936.00 -21.06676712   4.61891103
1937.00 -21.09171128   4.62591395
1938.00 -21.11666661   4.63292370
1939.00 -21.14163311   4.63994028
1940.00 -21.16661079   4.64696372
1941.00 -21.19159962   4.65399399
1942.00 -21.21659963   4.66103112
1943.00 -21.24161079   4.66807509
1944.00 -21.26663311   4.67512592
1945.00 -21.29166659   4.68218360
1946.00 -21.31671123   4.68924814
1947.00 -21.34176701   4.69631954
1948.00 -21.36683395   4.70339781
1949.00 -21.39191203   4.71048294
1950.00 -21.41700126   4.71757495
1951.00 -21.44210162   4.72467382
1952.00 -21.46721313   4.73177957
1953.00 -21.49233577   4.73889220
1954.00 -21.51746955   4.74601171
1955.00 -21.54261446   4.75313810
1956.00 -21.56777050   4.76027138
1957.00 -21.59293766   4.76741154
1958.00 -21.61811595   4.77455860
1959.00 -21.64330536   4.78171255
1960.00 -21.66850590   4.78887340
1961.00 -21.69371754   4.79604114
1962.00 -21.71894031   4.80321579
1963.00 -21.74417418   4.81039735
1964.00 -21.76941916   4.81758581
1965.00 -21.79467525   4.82478118
1966.00 -21.81994245   4.83198347
1967.00 -21.84522075   4.83919267
1968.00 -21.87051014   4.84640879
1969.00 -21.89581063   4.85363183
1970.00 -21.92112222   4.86086180
1971.00 -21.94644490   4.86809869
1972.00 -21.97177867   4.87534251
1973.00 -21.99712353   4.88259326
1974.00 -22.02247947   4.88985095
1975.00 -22.04784649   4.89711557
1976.00 -22.07322459   4.90438714
1977.00 -22.09861377   4.91166565
1978.00 -22.12401402   4.91895110
1979.00 -22.14942535   4.92624350
1980.00 -22.17484774   4.93354286
1981.00 -22.20028121   4.94084916
1982.00 -22.22572573   4.94816243
1983.00 -22.25118132   4.95548265
1984.00 -22.27664797   4.96280983
1985.00 -22.30212567   4.97014398
1986.00 -22.32761443   4.97748510
1987.00 -22.35311424   4.98483318
1988.00 -22.37862510   4.99218824
1989.00 -22.40414701   4.99955028
1990.00 -22.42967996   5.00691929
1991.00 -22.45522395   5.01429528
1992.00 -22.48077899   5.02167825
1993.00 -22.50634506   5.02906821
1994.00 -22.53192216   5.03646516
1995.00 -22.55751029   5.04386911
1996.00 -22.58310946   5.05128004
1997.00 -22.60871965   5.05869797
1998.00 -22.63434087   5.06612290
1999.00 -22.65997311   5.07355484
2000.00 -22.68561636   5.08099378
