wavelength(nm)         real         imag
200.00   3.59055520   0.00591405
201.00   3.58745416   0.00600318
202.00   3.58433768   0.00609321
203.00   3.58120575   0.00618413
204.00   3.57805838   0.00627595
205.00   3.57489557   0.00636867
206.00   3.57171731   0.00646230
207.00   3.56852362   0.00655684
208.00   3.56531448   0.00665231
209.00   3.56208990   0.00674869
210.00   3.55884988   0.00684600
211.00   3.55559442   0.00694424
212.00   3.55232351   0.00704341
213.00   3.54903717   0.00714353
214.00   3.54573539   0.00724458
215.00   3.54241817   0.00734659
216.00   3.53908552   0.00744955
217.00   3.53573742   0.00755347
218.00   3.53237388   0.00765834
219.00   3.52899491   0.00776419
220.00   3.52560050   0.00787100
221.00   3.52219065   0.00797879
222.00   3.51876537   0.00808756
223.00   3.51532465   0.00819731
224.00   3.51186850   0.00830805
225.00   3.50839691   0.00841978
226.00   3.50490988   0.00853250
227.00   3.50140742   0.00864623
228.00   3.49788953   0.00876097
229.00   3.49435620   0.00887671
230.00   3.49080744   0.00899347
231.00   3.48724324   0.00911125
232.00   3.48366362   0.00923005
233.00   3.48006856   0.00934988
234.00   3.47645806   0.00947075
235.00   3.47283214   0.00959264
236.00   3.46919079   0.00971558
237.00   3.46553400   0.00983957
238.00   3.46186179   0.00996460
239.00   3.45817414   0.01009069
240.00   3.45447107   0.01021784
241.00   3.45075256   0.01034605
242.00   3.44701863   0.01047533
243.00   3.44326927   0.01060568
244.00   3.43950448   0.01073710
245.00   3.43572427   0.01086961
246.00   3.43192862   0.01100320
247.00   3.42811755   0.01113788
248.00   3.42429106   0.01127366
249.00   3.42044913   0.01141053
250.00   3.41659179   0.01154851
251.00   3.41271901   0.01168759
252.00   3.40883082   0.01182779
253.00   3.40492720   0.01196910
254.00   3.40100815   0.01211153
255.00   3.39707368   0.01225509
256.00   3.39312379   0.01239977
257.00   3.38915848   0.01254559
258.00   3.38517775   0.01269255
259.00   3.38118159   0.01284065
260.00   3.37717001   0.01298990
261.00   3.37314301   0.01314030
262.00   3.36910059   0.01329185
263.00   3.36504276   0.01344456
264.00   3.36096950   0.01359844
265.00   3.35688082   0.01375349
266.00   3.35277673   0.01390971
267.00   3.34865721   0.01406711
268.00   3.34452228   0.01422569
269.00   3.34037194   0.01438546
270.00   3.33620617   0.01454642
271.00   3.33202499   0.01470857
272.00   3.32782840   0.01487192
273.00   3.32361638   0.01503648
274.00   3.31938896   0.01520225
275.00   3.31514612   0.01536923
276.00   3.31088786   0.01553742
277.00   3.30661420   0.01570684
278.00   3.30232511   0.01587749
279.00   3.29802062   0.01604936
280.00   3.29370072   0.01622247
281.00   3.28936540   0.01639682
282.00   3.28501467   0.01657241
283.00   3.28064853   0.01674926
284.00   3.27626699   0.01692735
285.00   3.27187003   0.01710670
286.00   3.26745766   0.01728732
287.00   3.26302988   0.01746919
288.00   3.25858670   0.01765234
289.00   3.25412811   0.01783677
290.00   3.24965411   0.01802247
291.00   3.24516470   0.01820946
292.00   3.24065989   0.01839773
293.00   3.23613968   0.01858730
294.00   3.23160405   0.01877816
295.00   3.22705303   0.01897033
296.00   3.22248659   0.01916380
297.00   3.21790476   0.01935858
298.00   3.21330752   0.01955467
299.00   3.20869488   0.01975208
300.00   3.20406683   0.01995082
301.00   3.19942339   0.02015088
302.00   3.19476454   0.02035228
303.00   3.19009029   0.02055501
304.00   3.18540065   0.02075908
305.00   3.18069560   0.02096450
306.00   3.17597515   0.02117127
307.00   3.17123931   0.02137939
308.00   3.16648807   0.02158887
309.00   3.16172142   0.02179971
310.00   3.15693939   0.02201192
311.00   3.15214195   0.02222550
312.00   3.14732912   0.02244045
313.00   3.14250090   0.02265679
314.00   3.13765727   0.02287451
315.00   3.13279826   0.02309362
316.00   3.12792385   0.02331413
317.00   3.12303405   0.02353603
318.00   3.11812885   0.02375933
319.00   3.11320826   0.02398404
320.00   3.10827228   0.02421017
321.00   3.10332091   0.02443770
322.00   3.09835415   0.02466666
323.00   3.09337200   0.02489704
324.00   3.08837446   0.02512885
325.00   3.08336153   0.02536210
326.00   3.07833321   0.02559678
327.00   3.07328950   0.02583290
328.00   3.06823041   0.02607047
329.00   3.06315592   0.02630949
330.00   3.05806606   0.02654996
331.00   3.05296080   0.02679190
332.00   3.04784016   0.02703529
333.00   3.04270414   0.02728016
334.00   3.03755273   0.02752650
335.00   3.03238594   0.02777431
336.00   3.02720377   0.02802361
337.00   3.02200621   0.02827439
338.00   3.01679327   0.02852667
339.00   3.01156495   0.02878043
340.00   3.00632125   0.02903570
341.00   3.00106217   0.02929247
342.00   2.99578771   0.02955075
343.00   2.99049787   0.02981054
344.00   2.98519266   0.03007184
345.00   2.97987206   0.03033467
346.00   2.97453609   0.03059902
347.00   2.96918474   0.03086490
348.00   2.96381801   0.03113232
349.00   2.95843591   0.03140127
350.00   2.95303844   0.03167177
351.00   2.94762559   0.03194381
352.00   2.94219737   0.03221741
353.00   2.93675377   0.03249256
354.00   2.93129480   0.03276927
355.00   2.92582046   0.03304755
356.00   2.92033075   0.03332740
357.00   2.91482566   0.03360882
358.00   2.90930521   0.03389182
359.00   2.90376939   0.03417640
360.00   2.89821820   0.03446256
361.00   2.89265164   0.03475032
362.00   2.88706971   0.03503967
363.00   2.88147241   0.03533063
364.00   2.87585975   0.03562319
365.00   2.87023173   0.03591735
366.00   2.86458833   0.03621313
367.00   2.85892958   0.03651053
368.00   2.85325546   0.03680955
369.00   2.84756597   0.03711019
370.00   2.84186112   0.03741247
371.00   2.83614092   0.03771638
372.00   2.83040534   0.03802192
373.00   2.82465441   0.03832912
374.00   2.81888812   0.03863796
375.00   2.81310647   0.03894845
376.00   2.80730946   0.03926060
377.00   2.80149709   0.03957441
378.00   2.79566936   0.03988989
379.00   2.78982628   0.04020704
380.00   2.78396784   0.04052586
381.00   2.77809404   0.04084636
382.00   2.77220489   0.04116854
383.00   2.76630038   0.04149241
384.00   2.76038052   0.04181798
385.00   2.75444531   0.04214524
386.00   2.74849475   0.04247420
387.00   2.74252883   0.04280486
388.00   2.73654756   0.04313723
389.00   2.73055094   0.04347132
390.00   2.72453897   0.04380713
391.00   2.71851165   0.04414466
392.00   2.71246898   0.04448391
393.00   2.70641097   0.04482490
394.00   2.70033760   0.04516762
395.00   2.69424889   0.04551208
396.00   2.68814484   0.04585829
397.00   2.68202544   0.04620624
398.00   2.67589069   0.04655595
399.00   2.66974060   0.04690742
400.00   2.66357517   0.04726065
401.00   2.65739439   0.04761564
402.00   2.65119827   0.04797240
403.00   2.64498681   0.04833094
404.00   2.63876001   0.04869126
405.00   2.63251787   0.04905336
406.00   2.62626039   0.04941726
407.00   2.61998757   0.04978294
408.00   2.61369942   0.05015042
409.00   2.60739592   0.05051970
410.00   2.60107709   0.05089079
411.00   2.59474293   0.05126368
412.00   2.58839343   0.05163839
413.00   2.58202859   0.05201492
414.00   2.57564842   0.05239328
415.00   2.56925292   0.05277346
416.00   2.56284208   0.05315547
417.00   2.55641592   0.05353932
418.00   2.54997442   0.05392501
419.00   2.54351759   0.05431254
420.00   2.53704544   0.05470192
421.00   2.53055795   0.05509316
422.00   2.52405513   0.05548626
423.00   2.51753699   0.05588121
424.00   2.51100352   0.05627804
425.00   2.50445473   0.05667673
426.00   2.49789061   0.05707730
427.00   2.49131116   0.05747975
428.00   2.48471639   0.05788409
429.00   2.47810630   0.05829031
430.00   2.47148089   0.05869842
431.00   2.46484015   0.05910844
432.00   2.45818409   0.05952035
433.00   2.45151272   0.05993417
434.00   2.44482602   0.06034990
435.00   2.43812400   0.06076755
436.00   2.43140667   0.06118711
437.00   2.42467402   0.06160860
438.00   2.41792605   0.06203202
439.00   2.41116276   0.06245737
440.00   2.40438417   0.06288465
441.00   2.39759025   0.06331388
442.00   2.39078102   0.06374505
443.00   2.38395648   0.06417817
444.00   2.37711663   0.06461324
445.00   2.37026147   0.06505028
446.00   2.36339099   0.06548927
447.00   2.35650521   0.06593024
448.00   2.34960411   0.06637317
449.00   2.34268771   0.06681808
450.00   2.33575600   0.06726497
451.00   2.32880898   0.06771384
452.00   2.32184666   0.06816471
453.00   2.31486903   0.06861756
454.00   2.30787610   0.06907242
455.00   2.30086786   0.06952927
456.00   2.29384432   0.06998813
457.00   2.28680548   0.07044901
458.00   2.27975133   0.07091189
459.00   2.27268189   0.07137680
460.00   2.26559714   0.07184373
461.00   2.25849710   0.07231269
462.00   2.25138176   0.07278368
463.00   2.24425111   0.07325671
464.00   2.23710518   0.07373178
465.00   2.22994394   0.07420889
466.00   2.22276741   0.07468805
467.00   2.21557559   0.07516927
468.00   2.20836847   0.07565255
469.00   2.20114606   0.07613789
470.00   2.19390836   0.07662529
471.00   2.18665536   0.07711477
472.00   2.17938707   0.07760632
473.00   2.17210350   0.07809996
474.00   2.16480463   0.07859568
475.00   2.15749048   0.07909348
476.00   2.15016104   0.07959338
477.00   2.14281631   0.08009538
478.00   2.13545630   0.08059948
479.00   2.12808100   0.08110569
480.00   2.12069042   0.08161400
481.00   2.11328455   0.08212444
482.00   2.10586340   0.08263699
483.00   2.09842697   0.08315166
484.00   2.09097526   0.08366847
485.00   2.08350827   0.08418740
486.00   2.07602599   0.08470847
487.00   2.06852844   0.08523168
488.00   2.06101562   0.08575704
489.00   2.05348751   0.08628455
490.00   2.04594413   0.08681421
491.00   2.03838547   0.08734603
492.00   2.03081154   0.08788002
493.00   2.02322233   0.08841617
494.00   2.01561786   0.08895449
495.00   2.00799811   0.08949499
496.00   2.00036308   0.09003766
497.00   1.99271279   0.09058252
498.00   1.98504723   0.09112957
499.00   1.97736640   0.09167882
500.00   1.96967030   0.09223026
501.00   1.96195894   0.09278390
502.00   1.95423230   0.09333975
503.00   1.94649041   0.09389781
504.00   1.93873325   0.09445809
505.00   1.93096082   0.09502058
506.00   1.92317313   0.09558530
507.00   1.91537018   0.09615224
508.00   1.90755197   0.09672142
509.00   1.89971850   0.09729283
510.00   1.89186977   0.09786648
511.00   1.88400578   0.09844238
512.00   1.87612653   0.09902053
513.00   1.86823202   0.09960093
514.00   1.86032226   0.10018359
515.00   1.85239725   0.10076852
516.00   1.84445698   0.10135571
517.00   1.83650145   0.10194517
518.00   1.82853068   0.10253690
519.00   1.82054465   0.10313092
520.00   1.81254337   0.10372722
521.00   1.80452684   0.10432581
522.00   1.79649506   0.10492669
523.00   1.78844804   0.10552987
524.00   1.78038576   0.10613535
525.00   1.77230824   0.10674313
526.00   1.76421548   0.10735323
527.00   1.75610747   0.10796564
528.00   1.74798421   0.10858037
529.00   1.73984572   0.10919742
530.00   1.73169198   0.10981680
531.00   1.72352300   0.11043851
532.00   1.71533878   0.11106256
533.00   1.70713931   0.11168894
534.00   1.69892462   0.11231768
535.00   1.69069468   0.11294876
536.00   1.68244951   0.11358219
537.00   1.67418910   0.11421798
538.00   1.66591345   0.11485614
539.00   1.65762257   0.11549666
540.00   1.64931646   0.11613955
541.00   1.64099512   0.11678481
542.00   1.63265855   0.11743246
543.00   1.62430674   0.11808249
544.00   1.61593971   0.11873490
545.00   1.60755744   0.11938971
546.00   1.59915995   0.12004692
547.00   1.59074723   0.12070652
548.00   1.58231929   0.12136853
549.00   1.57387612   0.12203295
550.00   1.56541773   0.12269979
551.00   1.55694411   0.12336904
552.00   1.54845527   0.12404071
553.00   1.53995121   0.12471481
554.00   1.53143193   0.12539135
555.00   1.52289743   0.12607031
556.00   1.51434772   0.12675172
557.00   1.50578278   0.12743557
558.00   1.49720263   0.12812187
559.00   1.48860726   0.12881063
560.00   1.47999668   0.12950184
561.00   1.47137088   0.13019551
562.00   1.46272987   0.13089164
563.00   1.45407365   0.13159025
564.00   1.44540222   0.13229133
565.00   1.43671558   0.13299489
566.00   1.42801373   0.13370093
567.00   1.41929667   0.13440946
568.00   1.41056440   0.13512048
569.00   1.40181693   0.13583399
570.00   1.39305425   0.13655001
571.00   1.38427637   0.13726853
572.00   1.37548328   0.13798955
573.00   1.36667499   0.13871310
574.00   1.35785150   0.13943916
575.00   1.34901281   0.14016774
576.00   1.34015892   0.14089884
577.00   1.33128983   0.14163248
578.00   1.32240554   0.14236865
579.00   1.31350606   0.14310736
580.00   1.30459138   0.14384861
581.00   1.29566151   0.14459241
582.00   1.28671644   0.14533876
583.00   1.27775618   0.14608767
584.00   1.26878072   0.14683914
585.00   1.25979008   0.14759317
586.00   1.25078425   0.14834977
587.00   1.24176322   0.14910894
588.00   1.23272701   0.14987070
589.00   1.22367562   0.15063503
590.00   1.21460903   0.15140195
591.00   1.20552726   0.15217146
592.00   1.19643031   0.15294357
593.00   1.18731817   0.15371827
594.00   1.17819086   0.15449558
595.00   1.16904836   0.15527549
596.00   1.15989068   0.15605802
597.00   1.15071782   0.15684316
598.00   1.14152979   0.15763092
599.00   1.13232657   0.15842131
600.00   1.12310818   0.15921433
601.00   1.11387462   0.16000998
602.00   1.10462588   0.16080826
603.00   1.09536197   0.16160919
604.00   1.08608288   0.16241277
605.00   1.07678863   0.16321900
606.00   1.06747920   0.16402788
607.00   1.05815461   0.16483942
608.00   1.04881485   0.16565362
609.00   1.03945992   0.16647049
610.00   1.03008983   0.16729004
611.00   1.02070457   0.16811225
612.00   1.01130414   0.16893715
613.00   1.00188855   0.16976474
614.00   0.99245781   0.17059501
615.00   0.98301190   0.17142798
616.00   0.97355083   0.17226364
617.00   0.96407460   0.17310201
618.00   0.95458321   0.17394308
619.00   0.94507667   0.17478687
620.00   0.93555497   0.17563337
621.00   0.92601811   0.17648258
622.00   0.91646611   0.17733452
623.00   0.90689895   0.17818919
624.00   0.89731664   0.17904659
625.00   0.88771917   0.17990673
626.00   0.87810656   0.18076961
627.00   0.86847880   0.18163523
628.00   0.85883589   0.18250360
629.00   0.84917784   0.18337472
630.00   0.83950464   0.18424861
631.00   0.82981629   0.18512525
632.00   0.82011281   0.18600466
633.00   0.81039418   0.18688684
634.00   0.80066041   0.18777179
635.00   0.79091149   0.18865953
636.00   0.78114744   0.18955005
637.00   0.77136826   0.19044335
638.00   0.76157393   0.19133945
639.00   0.75176447   0.19223834
640.00   0.74193987   0.19314003
641.00   0.73210014   0.19404453
642.00   0.72224528   0.19495184
643.00   0.71237529   0.19586196
644.00   0.70249016   0.19677490
645.00   0.69258991   0.19769065
646.00   0.68267453   0.19860924
647.00   0.67274402   0.19953066
648.00   0.66279838   0.20045491
649.00   0.65283762   0.20138199
650.00   0.64286174   0.20231193
651.00   0.63287073   0.20324471
652.00   0.62286460   0.20418034
653.00   0.61284335   0.20511882
654.00   0.60280697   0.20606017
655.00   0.59275548   0.20700438
656.00   0.58268888   0.20795146
657.00   0.57260715   0.20890142
658.00   0.56251031   0.20985425
659.00   0.55239836   0.21080996
660.00   0.54227129   0.21176855
661.00   0.53212912   0.21273004
662.00   0.52197183   0.21369442
663.00   0.51179943   0.21466170
664.00   0.50161192   0.21563189
665.00   0.49140930   0.21660498
666.00   0.48119158   0.21758098
667.00   0.47095875   0.21855990
668.00   0.46071082   0.21954173
669.00   0.45044778   0.22052650
670.00   0.44016964   0.22151418
671.00   0.42987640   0.22250481
672.00   0.41956806   0.22349837
673.00   0.40924462   0.22449487
674.00   0.39890609   0.22549431
675.00   0.38855245   0.22649671
676.00   0.37818373   0.22750206
677.00   0.36779990   0.22851036
678.00   0.35740099   0.22952163
679.00   0.34698698   0.23053587
680.00   0.33655788   0.23155308
681.00   0.32611369   0.23257326
682.00   0.31565441   0.23359642
683.00   0.30518005   0.23462257
684.00   0.29469060   0.23565170
685.00   0.28418606   0.23668383
686.00   0.27366644   0.23771895
687.00   0.26313173   0.23875707
688.00   0.25258195   0.23979820
689.00   0.24201708   0.24084233
690.00   0.23143713   0.24188949
691.00   0.22084211   0.24293965
692.00   0.21023201   0.24399284
693.00   0.19960683   0.24504906
694.00   0.18896657   0.24610831
695.00   0.17831124   0.24717059
696.00   0.16764084   0.24823591
697.00   0.15695537   0.24930427
698.00   0.14625483   0.25037568
699.00   0.13553922   0.25145014
700.00   0.12480854   0.25252766
701.00   0.11406279   0.25360824
702.00   0.10330198   0.25469188
703.00   0.09252610   0.25577859
704.00   0.08173516   0.25686838
705.00   0.07092916   0.25796124
706.00   0.06010809   0.25905718
707.00   0.04927197   0.26015621
708.00   0.03842078   0.26125833
709.00   0.02755454   0.26236354
710.00   0.01667325   0.26347185
711.00   0.00577689   0.26458326
712.00  -0.00513451   0.26569778
713.00  -0.01606097   0.26681541
714.00  -0.02700248   0.26793616
715.00  -0.03795905   0.26906002
716.00  -0.04893066   0.27018701
717.00  -0.05991732   0.27131713
718.00  -0.07091902   0.27245037
719.00  -0.08193577   0.27358676
720.00  -0.09296757   0.27472628
721.00  -0.10401441   0.27586896
722.00  -0.11507629   0.27701478
723.00  -0.12615322   0.27816375
724.00  -0.13724518   0.27931588
725.00  -0.14835218   0.28047117
726.00  -0.15947422   0.28162963
727.00  -0.17061130   0.28279126
728.00  -0.18176341   0.28395606
729.00  -0.19293055   0.28512404
730.00  -0.20411273   0.28629521
731.00  -0.21530994   0.28746956
732.00  -0.22652218   0.28864710
733.00  -0.23774945   0.28982784
734.00  -0.24899174   0.29101178
735.00  -0.26024907   0.29219892
736.00  -0.27152141   0.29338927
737.00  -0.28280878   0.29458283
738.00  -0.29411118   0.29577961
739.00  -0.30542860   0.29697961
740.00  -0.31676103   0.29818284
741.00  -0.32810849   0.29938929
742.00  -0.33947096   0.30059898
743.00  -0.35084845   0.30181191
744.00  -0.36224096   0.30302808
745.00  -0.37364848   0.30424749
746.00  -0.38507102   0.30547015
747.00  -0.39650856   0.30669607
748.00  -0.40796112   0.30792525
749.00  -0.41942869   0.30915769
750.00  -0.43091126   0.31039340
751.00  -0.44240884   0.31163238
752.00  -0.45392143   0.31287464
753.00  -0.46544902   0.31412018
754.00  -0.47699161   0.31536900
755.00  -0.48854921   0.31662110
756.00  -0.50012181   0.31787650
757.00  -0.51170941   0.31913520
758.00  -0.52331200   0.32039720
759.00  -0.53492959   0.32166250
760.00  -0.54656218   0.32293112
761.00  -0.55820976   0.32420304
762.00  -0.56987234   0.32547829
763.00  -0.58154991   0.32675686
764.00  -0.59324246   0.32803875
765.00  -0.60495001   0.32932397
766.00  -0.61667255   0.33061253
767.00  -0.62841007   0.33190443
768.00  -0.64016258   0.33319967
769.00  -0.65193007   0.33449825
770.00  -0.66371255   0.33580019
771.00  -0.67551000   0.33710549
772.00  -0.68732244   0.33841414
773.00  -0.69914986   0.33972616
774.00  -0.71099226   0.34104155
775.00  -0.72284963   0.34236030
776.00  -0.73472198   0.34368244
777.00  -0.74660930   0.34500796
778.00  -0.75851159   0.34633686
779.00  -0.77042886   0.34766915
780.00  -0.78236109   0.34900483
781.00  -0.79430830   0.35034391
782.00  -0.80627047   0.35168640
783.00  -0.81824761   0.35303229
784.00  -0.83023972   0.35438159
785.00  -0.84224679   0.35573430
786.00  -0.85426882   0.35709043
787.00  -0.86630581   0.35844999
788.00  -0.87835777   0.35981297
789.00  -0.89042468   0.36117938
790.00  -0.90250655   0.36254923
791.00  -0.91460337   0.36392252
792.00  -0.92671515   0.36529925
793.00  -0.93884189   0.36667943
794.00  -0.95098357   0.36806307
795.00  -0.96314021   0.36945016
796.00  -0.97531179   0.37084070
797.00  -0.98749833   0.37223472
798.00  -0.99969981   0.37363220
799.00  -1.01191624   0.37503316
800.00  -1.02414761   0.37643759
801.00  -1.03639392   0.37784550
802.00  -1.04865518   0.37925690
803.00  -1.06093137   0.38067179
804.00  -1.07322251   0.38209018
805.00  -1.08552858   0.38351206
806.00  -1.09784959   0.38493744
807.00  -1.11018554   0.38636633
808.00  -1.12253641   0.38779874
809.00  -1.13490223   0.38923465
810.00  -1.14728297   0.39067409
811.00  -1.15967864   0.39211705
812.00  -1.17208924   0.39356353
813.00  -1.18451477   0.39501355
814.00  -1.19695522   0.39646710
815.00  -1.20941060   0.39792420
816.00  -1.22188090   0.39938483
817.00  -1.23436612   0.40084902
818.00  -1.24686626   0.40231676
819.00  -1.25938132   0.40378805
820.00  -1.27191130   0.40526291
821.00  -1.28445620   0.40674133
822.00  -1.29701601   0.40822332
823.00  -1.30959073   0.40970888
824.00  -1.32218037   0.41119802
825.00  -1.33478491   0.41269074
826.00  -1.34740437   0.41418705
827.00  -1.36003873   0.41568695
828.00  -1.37268801   0.41719044
829.00  -1.38535218   0.41869753
830.00  -1.39803126   0.42020822
831.00  -1.41072525   0.42172252
832.00  -1.42343413   0.42324043
833.00  -1.43615792   0.42476195
834.00  -1.44889660   0.42628710
835.00  -1.46165019   0.42781586
836.00  -1.47441866   0.42934826
837.00  -1.48720204   0.43088428
838.00  -1.50000030   0.43242395
839.00  -1.51281346   0.43396725
840.00  -1.52564151   0.43551419
841.00  -1.53848444   0.43706479
842.00  -1.55134227   0.43861904
843.00  -1.56421498   0.44017694
844.00  -1.57710257   0.44173850
845.00  -1.59000505   0.44330373
846.00  -1.60292241   0.44487263
847.00  -1.61585465   0.44644520
848.00  -1.62880178   0.44802145
849.00  -1.64176377   0.44960138
850.00  -1.65474065   0.45118499
851.00  -1.66773240   0.45277230
852.00  -1.68073903   0.45436330
853.00  -1.69376052   0.45595799
854.00  -1.70679689   0.45755639
855.00  -1.71984813   0.45915850
856.00  -1.73291423   0.46076432
857.00  -1.74599521   0.46237385
858.00  -1.75909104   0.46398710
859.00  -1.77220175   0.46560407
860.00  -1.78532731   0.46722477
861.00  -1.79846774   0.46884920
862.00  -1.81162302   0.47047737
863.00  -1.82479317   0.47210927
864.00  -1.83797817   0.47374492
865.00  -1.85117802   0.47538432
866.00  -1.86439273   0.47702747
867.00  -1.87762230   0.47867437
868.00  -1.89086671   0.48032504
869.00  -1.90412597   0.48197947
870.00  -1.91740009   0.48363767
871.00  -1.93068905   0.48529964
872.00  -1.94399285   0.48696539
873.00  -1.95731150   0.48863492
874.00  -1.97064499   0.49030823
875.00  -1.98399332   0.49198534
876.00  -1.99735650   0.49366623
877.00  -2.01073451   0.49535093
878.00  -2.02412736   0.49703942
879.00  -2.03753504   0.49873172
880.00  -2.05095756   0.50042784
881.00  -2.06439491   0.50212776
882.00  -2.07784709   0.50383150
883.00  -2.09131410   0.50553907
884.00  -2.10479594   0.50725046
885.00  -2.11829261   0.50896569
886.00  -2.13180410   0.51068474
887.00  -2.14533041   0.51240764
888.00  -2.15887155   0.51413438
889.00  -2.17242751   0.51586497
890.00  -2.18599829   0.51759940
891.00  -2.19958389   0.51933770
892.00  -2.21318430   0.52107985
893.00  -2.22679953   0.52282586
894.00  -2.24042957   0.52457575
895.00  -2.25407443   0.52632950
896.00  -2.26773410   0.52808713
897.00  -2.28140857   0.52984864
898.00  -2.29509786   0.53161404
899.00  -2.30880195   0.53338332
900.00  -2.32252084   0.53515650
901.00  -2.33625454   0.53693357
902.00  -2.35000304   0.53871454
903.00  -2.36376634   0.54049942
904.00  -2.37754444   0.54228821
905.00  -2.39133734   0.54408091
906.00  -2.40514503   0.54587752
907.00  -2.41896752   0.54767806
908.00  -2.43280480   0.54948252
909.00  -2.44665688   0.55129092
910.00  -2.46052374   0.55310324
911.00  -2.47440539   0.55491951
912.00  -2.48830183   0.55673971
913.00  -2.50221306   0.55856386
914.00  -2.51613907   0.56039196
915.00  -2.53007986   0.56222402
916.00  -2.54403543   0.56406003
917.00  -2.55800579   0.56590001
918.00  -2.57199092   0.56774395
919.00  -2.58599083   0.56959186
920.00  -2.60000551   0.57144375
921.00  -2.61403497   0.57329961
922.00  -2.62807920   0.57515946
923.00  -2.64213820   0.57702330
924.00  -2.65621197   0.57889112
925.00  -2.67030051   0.58076295
926.00  -2.68440381   0.58263877
927.00  -2.69852188   0.58451859
928.00  -2.71265471   0.58640242
929.00  -2.72680231   0.58829027
930.00  -2.74096466   0.59018212
931.00  -2.75514177   0.59207800
932.00  -2.76933364   0.59397791
933.00  -2.78354027   0.59588184
934.00  -2.79776165   0.59778980
935.00  -2.81199778   0.59970180
936.00  -2.82624867   0.60161783
937.00  -2.84051430   0.60353792
938.00  -2.85479468   0.60546205
939.00  -2.86908981   0.60739023
940.00  -2.88339968   0.60932247
941.00  -2.89772430   0.61125877
942.00  -2.91206366   0.61319914
943.00  -2.92641775   0.61514357
944.00  -2.94078659   0.61709208
945.00  -2.95517017   0.61904466
946.00  -2.96956848   0.62100133
947.00  -2.98398152   0.62296208
948.00  -2.99840930   0.62492691
949.00  -3.01285181   0.62689585
950.00  -3.02730905   0.62886888
951.00  -3.04178101   0.63084601
952.00  -3.05626771   0.63282725
953.00  -3.07076912   0.63481259
954.00  -3.08528527   0.63680205
955.00  -3.09981613   0.63879563
956.00  -3.11436171   0.64079333
957.00  -3.12892201   0.64279516
958.00  -3.14349703   0.64480111
959.00  -3.15808677   0.64681120
960.00  -3.17269122   0.64882543
961.00  -3.18731038   0.65084380
962.00  -3.20194425   0.65286632
963.00  -3.21659284   0.65489299
964.00  -3.23125613   0.65692381
965.00  -3.24593412   0.65895879
966.00  -3.26062682   0.66099793
967.00  -3.27533423   0.66304124
968.00  -3.29005633   0.66508872
969.00  -3.30479314   0.66714038
970.00  -3.31954464   0.66919621
971.00  -3.33431085   0.67125623
972.00  -3.34909174   0.67332043
973.00  -3.36388733   0.67538883
974.00  -3.37869761   0.67746142
975.00  -3.39352259   0.67953821
976.00  -3.40836225   0.68161920
977.00  -3.42321660   0.68370440
978.00  -3.43808563   0.68579382
979.00  -3.45296935   0.68788744
980.00  -3.46786775   0.68998529
981.00  -3.48278084   0.69208736
982.00  -3.49770860   0.69419366
983.00  -3.51265104   0.69630419
984.00  -3.52760816   0.69841895
985.00  -3.54257995   0.70053796
986.00  -3.55756641   0.70266121
987.00  -3.57256755   0.70478871
988.00  -3.58758335   0.70692046
989.00  -3.60261382   0.70905646
990.00  -3.61765896   0.71119673
991.00  -3.63271877   0.71334126
992.00  -3.64779324   0.71549005
993.00  -3.66288237   0.71764312
994.00  -3.67798616   0.71980047
995.00  -3.69310461   0.72196210
996.00  -3.70823771   0.72412801
997.00  -3.72338548   0.72629821
998.00  -3.73854789   0.72847270
999.00  -3.75372496   0.73065149
1000.00  -3.76891668   0.73283458
1001.00  -3.78412304   0.73502197
1002.00  -3.79934406   0.73721368
1003.00  -3.81457972   0.73940969
1004.00  -3.82983002   0.74161002
1005.00  -3.84509497   0.74381468
1006.00  -3.86037456   0.74602365
1007.00  -3.87566878   0.74823696
1008.00  -3.89097765   0.75045460
1009.00  -3.90630115   0.75267658
1010.00  -3.92163928   0.75490289
1011.00  -3.93699205   0.75713356
1012.00  -3.95235944   0.75936857
1013.00  -3.96774147   0.76160793
1014.00  -3.98313812   0.76385166
1015.00  -3.99854941   0.76609974
1016.00  -4.01397531   0.76835219
1017.00  -4.02941584   0.77060901
1018.00  -4.04487099   0.77287020
1019.00  -4.06034076   0.77513577
1020.00  -4.07582514   0.77740572
1021.00  -4.09132414   0.77968005
1022.00  -4.10683776   0.78195878
1023.00  -4.12236599   0.78424189
1024.00  -4.13790883   0.78652941
1025.00  -4.15346628   0.78882133
1026.00  -4.16903834   0.79111765
1027.00  -4.18462501   0.79341838
1028.00  -4.20022628   0.79572353
1029.00  -4.21584215   0.79803309
1030.00  -4.23147262   0.80034708
1031.00  -4.24711770   0.80266549
1032.00  -4.26277737   0.80498833
1033.00  -4.27845164   0.80731560
1034.00  -4.29414050   0.80964731
1035.00  -4.30984395   0.81198347
1036.00  -4.32556200   0.81432407
1037.00  -4.34129464   0.81666911
1038.00  -4.35704186   0.81901862
1039.00  -4.37280367   0.82137258
1040.00  -4.38858007   0.82373100
1041.00  -4.40437105   0.82609389
1042.00  -4.42017660   0.82846125
1043.00  -4.43599674   0.83083308
1044.00  -4.45183146   0.83320939
1045.00  -4.46768075   0.83559018
1046.00  -4.48354462   0.83797546
1047.00  -4.49942306   0.84036522
1048.00  -4.51531607   0.84275948
1049.00  -4.53122365   0.84515824
1050.00  -4.54714580   0.84756150
1051.00  -4.56308251   0.84996927
1052.00  -4.57903379   0.85238155
1053.00  -4.59499963   0.85479834
1054.00  -4.61098004   0.85721965
1055.00  -4.62697500   0.85964548
1056.00  -4.64298452   0.86207583
1057.00  -4.65900859   0.86451072
1058.00  -4.67504722   0.86695014
1059.00  -4.69110040   0.86939410
1060.00  -4.70716814   0.87184260
1061.00  -4.72325042   0.87429565
1062.00  -4.73934725   0.87675324
1063.00  -4.75545862   0.87921539
1064.00  -4.77158454   0.88168210
1065.00  -4.78772500   0.88415337
1066.00  -4.80388000   0.88662921
1067.00  -4.82004954   0.88910961
1068.00  -4.83623362   0.89159459
1069.00  -4.85243223   0.89408415
1070.00  -4.86864537   0.89657829
1071.00  -4.88487305   0.89907701
1072.00  -4.90111526   0.90158033
1073.00  -4.91737200   0.90408824
1074.00  -4.93364326   0.90660075
1075.00  -4.94992905   0.90911785
1076.00  -4.96622936   0.91163957
1077.00  -4.98254419   0.91416589
1078.00  -4.99887354   0.91669683
1079.00  -5.01521741   0.91923239
1080.00  -5.03157580   0.92177256
1081.00  -5.04794870   0.92431737
1082.00  -5.06433611   0.92686680
1083.00  -5.08073804   0.92942087
1084.00  -5.09715447   0.93197957
1085.00  -5.11358542   0.93454292
1086.00  -5.13003086   0.93711091
1087.00  -5.14649082   0.93968355
1088.00  -5.16296527   0.94226085
1089.00  -5.17945423   0.94484280
1090.00  -5.19595768   0.94742941
1091.00  -5.21247563   0.95002069
1092.00  -5.22900808   0.95261664
1093.00  -5.24555502   0.95521726
1094.00  -5.26211645   0.95782256
1095.00  -5.27869237   0.96043254
1096.00  -5.29528278   0.96304721
1097.00  -5.31188768   0.96566657
1098.00  -5.32850706   0.96829062
1099.00  -5.34514093   0.97091936
1100.00  -5.36178928   0.97355281
1101.00  -5.37845210   0.97619096
1102.00  -5.39512941   0.97883383
1103.00  -5.41182119   0.98148140
1104.00  -5.42852744   0.98413369
1105.00  -5.44524817   0.98679071
1106.00  -5.46198336   0.98945244
1107.00  -5.47873303   0.99211891
1108.00  -5.49549716   0.99479011
1109.00  -5.51227576   0.99746605
1110.00  -5.52906883   1.00014673
1111.00  -5.54587635   1.00283215
1112.00  -5.56269833   1.00552232
1113.00  -5.57953478   1.00821725
1114.00  -5.59638568   1.01091693
1115.00  -5.61325103   1.01362137
1116.00  -5.63013084   1.01633058
1117.00  -5.64702509   1.01904455
1118.00  -5.66393380   1.02176330
1119.00  -5.68085696   1.02448682
1120.00  -5.69779456   1.02721513
1121.00  -5.71474660   1.02994821
1122.00  -5.73171309   1.03268609
1123.00  -5.74869401   1.03542876
1124.00  -5.76568938   1.03817623
1125.00  -5.78269918   1.04092849
1126.00  -5.79972342   1.04368556
1127.00  -5.81676209   1.04644744
1128.00  -5.83381519   1.04921413
1129.00  -5.85088272   1.05198563
1130.00  -5.86796468   1.05476196
1131.00  -5.88506107   1.05754311
1132.00  -5.90217188   1.06032908
1133.00  -5.91929711   1.06311989
1134.00  -5.93643676   1.06591554
1135.00  -5.95359083   1.06871602
1136.00  -5.97075932   1.07152135
1137.00  -5.98794222   1.07433152
1138.00  -6.00513954   1.07714655
1139.00  -6.02235126   1.07996643
1140.00  -6.03957740   1.08279117
1141.00  -6.05681794   1.08562077
1142.00  -6.07407289   1.08845524
1143.00  -6.09134225   1.09129458
1144.00  -6.10862601   1.09413880
1145.00  -6.12592416   1.09698790
1146.00  -6.14323672   1.09984187
1147.00  -6.16056367   1.10270074
1148.00  -6.17790502   1.10556449
1149.00  -6.19526076   1.10843315
1150.00  -6.21263090   1.11130669
1151.00  -6.23001542   1.11418514
1152.00  -6.24741433   1.11706850
1153.00  -6.26482762   1.11995677
1154.00  -6.28225530   1.12284995
1155.00  -6.29969736   1.12574805
1156.00  -6.31715381   1.12865107
1157.00  -6.33462463   1.13155902
1158.00  -6.35210982   1.13447190
1159.00  -6.36960939   1.13738971
1160.00  -6.38712334   1.14031246
1161.00  -6.40465166   1.14324015
1162.00  -6.42219434   1.14617279
1163.00  -6.43975139   1.14911037
1164.00  -6.45732281   1.15205291
1165.00  -6.47490859   1.15500041
1166.00  -6.49250873   1.15795287
1167.00  -6.51012324   1.16091029
1168.00  -6.52775210   1.16387268
1169.00  -6.54539532   1.16684005
1170.00  -6.56305289   1.16981239
1171.00  -6.58072481   1.17278971
1172.00  -6.59841109   1.17577202
1173.00  -6.61611171   1.17875931
1174.00  -6.63382668   1.18175160
1175.00  -6.65155600   1.18474888
1176.00  -6.66929966   1.18775117
1177.00  -6.68705766   1.19075846
1178.00  -6.70482999   1.19377075
1179.00  -6.72261667   1.19678806
1180.00  -6.74041768   1.19981039
1181.00  -6.75823303   1.20283773
1182.00  -6.77606271   1.20587010
1183.00  -6.79390672   1.20890749
1184.00  -6.81176505   1.21194992
1185.00  -6.82963772   1.21499738
1186.00  -6.84752470   1.21804988
1187.00  -6.86542601   1.22110743
1188.00  -6.88334164   1.22417002
1189.00  -6.90127159   1.22723766
1190.00  -6.91921586   1.23031036
1191.00  -6.93717444   1.23338811
1192.00  -6.95514733   1.23647093
1193.00  -6.97313453   1.23955882
1194.00  -6.99113605   1.24265177
1195.00  -7.00915187   1.24574980
1196.00  -7.02718199   1.24885291
1197.00  -7.04522642   1.25196110
1198.00  -7.06328516   1.25507437
1199.00  -7.08135819   1.25819274
1200.00  -7.09944552   1.26131620
1201.00  -7.11754714   1.26444475
1202.00  -7.13566306   1.26757841
1203.00  -7.15379327   1.27071717
1204.00  -7.17193777   1.27386105
1205.00  -7.19009656   1.27701003
1206.00  -7.20826964   1.28016413
1207.00  -7.22645700   1.28332335
1208.00  -7.24465864   1.28648770
1209.00  -7.26287457   1.28965718
1210.00  -7.28110477   1.29283179
1211.00  -7.29934925   1.29601153
1212.00  -7.31760800   1.29919641
1213.00  -7.33588103   1.30238644
1214.00  -7.35416833   1.30558162
1215.00  -7.37246989   1.30878195
1216.00  -7.39078573   1.31198743
1217.00  -7.40911583   1.31519807
1218.00  -7.42746019   1.31841388
1219.00  -7.44581881   1.32163485
1220.00  -7.46419170   1.32486100
1221.00  -7.48257884   1.32809232
1222.00  -7.50098024   1.33132882
1223.00  -7.51939589   1.33457050
1224.00  -7.53782579   1.33781737
1225.00  -7.55626994   1.34106942
1226.00  -7.57472834   1.34432668
1227.00  -7.59320099   1.34758913
1228.00  -7.61168788   1.35085678
1229.00  -7.63018901   1.35412964
1230.00  -7.64870438   1.35740770
1231.00  -7.66723399   1.36069099
1232.00  -7.68577783   1.36397948
1233.00  -7.70433591   1.36727320
1234.00  -7.72290823   1.37057215
1235.00  -7.74149477   1.37387632
1236.00  -7.76009554   1.37718573
1237.00  -7.77871054   1.38050037
1238.00  -7.79733976   1.38382025
1239.00  -7.81598320   1.38714538
1240.00  -7.83464087   1.39047576
1241.00  -7.85331275   1.39381139
1242.00  -7.87199885   1.39715227
1243.00  -7.89069917   1.40049841
1244.00  -7.90941370   1.40384982
1245.00  -7.92814243   1.40720649
1246.00  -7.94688538   1.41056844
1247.00  -7.96564253   1.41393566
1248.00  -7.98441389   1.41730816
1249.00  -8.00319945   1.42068594
1250.00  -8.02199922   1.42406901
1251.00  -8.04081318   1.42745737
1252.00  -8.05964133   1.43085102
1253.00  -8.07848369   1.43424997
1254.00  -8.09734023   1.43765423
1255.00  -8.11621097   1.44106379
1256.00  -8.13509590   1.44447865
1257.00  -8.15399501   1.44789884
1258.00  -8.17290831   1.45132433
1259.00  -8.19183579   1.45475515
1260.00  -8.21077745   1.45819130
1261.00  -8.22973329   1.46163277
1262.00  -8.24870331   1.46507958
1263.00  -8.26768750   1.46853172
1264.00  -8.28668587   1.47198920
1265.00  -8.30569841   1.47545203
1266.00  -8.32472511   1.47892020
1267.00  -8.34376599   1.48239373
1268.00  -8.36282103   1.48587261
1269.00  -8.38189023   1.48935685
1270.00  -8.40097359   1.49284645
1271.00  -8.42007111   1.49634142
1272.00  -8.43918279   1.49984177
1273.00  -8.45830863   1.50334748
1274.00  -8.47744861   1.50685857
1275.00  -8.49660275   1.51037505
1276.00  -8.51577104   1.51389691
1277.00  -8.53495348   1.51742416
1278.00  -8.55415006   1.52095681
1279.00  -8.57336078   1.52449485
1280.00  -8.59258564   1.52803830
1281.00  -8.61182465   1.53158715
1282.00  -8.63107779   1.53514140
1283.00  -8.65034506   1.53870107
1284.00  -8.66962647   1.54226616
1285.00  -8.68892201   1.54583667
1286.00  -8.70823168   1.54941260
1287.00  -8.72755547   1.55299396
1288.00  -8.74689339   1.55658075
1289.00  -8.76624544   1.56017297
1290.00  -8.78561160   1.56377064
1291.00  -8.80499188   1.56737375
1292.00  -8.82438628   1.57098230
1293.00  -8.84379479   1.57459631
1294.00  -8.86321742   1.57821577
1295.00  -8.88265416   1.58184068
1296.00  -8.90210501   1.58547106
1297.00  -8.92156996   1.58910691
1298.00  -8.94104902   1.59274823
1299.00  -8.96054218   1.59639501
1300.00  -8.98004944   1.60004728
1301.00  -8.99957080   1.60370503
1302.00  -9.01910625   1.60736826
1303.00  -9.03865580   1.61103698
1304.00  -9.05821944   1.61471119
1305.00  -9.07779717   1.61839090
1306.00  -9.09738900   1.62207611
1307.00  -9.11699490   1.62576682
1308.00  -9.13661489   1.62946304
1309.00  -9.15624897   1.63316477
1310.00  -9.17589712   1.63687202
1311.00  -9.19555935   1.64058478
1312.00  -9.21523566   1.64430307
1313.00  -9.23492604   1.64802688
1314.00  -9.25463049   1.65175623
1315.00  -9.27434901   1.65549110
1316.00  -9.29408160   1.65923152
1317.00  -9.31382826   1.66297748
1318.00  -9.33358898   1.66672898
1319.00  -9.35336376   1.67048603
1320.00  -9.37315260   1.67424863
1321.00  -9.39295550   1.67801679
1322.00  -9.41277245   1.68179051
1323.00  -9.43260346   1.68556980
1324.00  -9.45244851   1.68935465
1325.00  -9.47230762   1.69314507
1326.00  -9.49218077   1.69694107
1327.00  -9.51206797   1.70074265
1328.00  -9.53196921   1.70454981
1329.00  -9.55188450   1.70836256
1330.00  -9.57181382   1.71218090
1331.00  -9.59175717   1.71600483
1332.00  -9.61171457   1.71983436
1333.00  -9.63168599   1.72366949
1334.00  -9.65167145   1.72751023
1335.00  -9.67167093   1.73135657
1336.00  -9.69168444   1.73520853
1337.00  -9.71171197   1.73906611
1338.00  -9.73175353   1.74292931
1339.00  -9.75180910   1.74679813
1340.00  -9.77187870   1.75067258
1341.00  -9.79196230   1.75455266
1342.00  -9.81205993   1.75843837
1343.00  -9.83217156   1.76232973
1344.00  -9.85229720   1.76622673
1345.00  -9.87243685   1.77012937
1346.00  -9.89259051   1.77403767
1347.00  -9.91275817   1.77795161
1348.00  -9.93293983   1.78187122
1349.00  -9.95313549   1.78579649
1350.00  -9.97334515   1.78972743
1351.00  -9.99356880   1.79366403
1352.00 -10.01380644   1.79760631
1353.00 -10.03405807   1.80155426
1354.00 -10.05432370   1.80550789
1355.00 -10.07460331   1.80946721
1356.00 -10.09489690   1.81343222
1357.00 -10.11520447   1.81740291
1358.00 -10.13552603   1.82137930
1359.00 -10.15586156   1.82536140
1360.00 -10.17621107   1.82934919
1361.00 -10.19657455   1.83334269
1362.00 -10.21695200   1.83734190
1363.00 -10.23734343   1.84134683
1364.00 -10.25774882   1.84535747
1365.00 -10.27816817   1.84937383
1366.00 -10.29860149   1.85339592
1367.00 -10.31904877   1.85742374
1368.00 -10.33951001   1.86145729
1369.00 -10.35998520   1.86549658
1370.00 -10.38047435   1.86954161
1371.00 -10.40097745   1.87359238
1372.00 -10.42149450   1.87764889
1373.00 -10.44202550   1.88171116
1374.00 -10.46257045   1.88577919
1375.00 -10.48312933   1.88985297
1376.00 -10.50370216   1.89393252
1377.00 -10.52428893   1.89801783
1378.00 -10.54488964   1.90210891
1379.00 -10.56550428   1.90620576
1380.00 -10.58613286   1.91030840
1381.00 -10.60677537   1.91441681
1382.00 -10.62743180   1.91853101
1383.00 -10.64810216   1.92265099
1384.00 -10.66878645   1.92677677
1385.00 -10.68948466   1.93090834
1386.00 -10.71019679   1.93504572
1387.00 -10.73092283   1.93918889
1388.00 -10.75166280   1.94333787
1389.00 -10.77241667   1.94749267
1390.00 -10.79318446   1.95165328
1391.00 -10.81396616   1.95581970
1392.00 -10.83476176   1.95999195
1393.00 -10.85557127   1.96417002
1394.00 -10.87639468   1.96835392
1395.00 -10.89723200   1.97254366
1396.00 -10.91808321   1.97673923
1397.00 -10.93894832   1.98094064
1398.00 -10.95982732   1.98514790
1399.00 -10.98072021   1.98936100
1400.00 -11.00162700   1.99357995
1401.00 -11.02254767   1.99780476
1402.00 -11.04348223   2.00203543
1403.00 -11.06443067   2.00627196
1404.00 -11.08539299   2.01051436
1405.00 -11.10636919   2.01476262
1406.00 -11.12735927   2.01901676
1407.00 -11.14836322   2.02327678
1408.00 -11.16938105   2.02754267
1409.00 -11.19041274   2.03181445
1410.00 -11.21145831   2.03609212
1411.00 -11.23251774   2.04037568
1412.00 -11.25359103   2.04466514
1413.00 -11.27467819   2.04896050
1414.00 -11.29577920   2.05326175
1415.00 -11.31689407   2.05756892
1416.00 -11.33802280   2.06188199
1417.00 -11.35916538   2.06620098
1418.00 -11.38032181   2.07052589
1419.00 -11.40149209   2.07485672
1420.00 -11.42267621   2.07919347
1421.00 -11.44387418   2.08353615
1422.00 -11.46508599   2.08788476
1423.00 -11.48631164   2.09223931
1424.00 -11.50755113   2.09659980
1425.00 -11.52880445   2.10096623
1426.00 -11.55007161   2.10533861
1427.00 -11.57135259   2.10971694
1428.00 -11.59264741   2.11410123
1429.00 -11.61395605   2.11849147
1430.00 -11.63527851   2.12288767
1431.00 -11.65661480   2.12728984
1432.00 -11.67796491   2.13169798
1433.00 -11.69932883   2.13611209
1434.00 -11.72070658   2.14053217
1435.00 -11.74209813   2.14495824
1436.00 -11.76350349   2.14939029
1437.00 -11.78492267   2.15382832
1438.00 -11.80635565   2.15827235
1439.00 -11.82780243   2.16272237
1440.00 -11.84926302   2.16717839
1441.00 -11.87073740   2.17164041
1442.00 -11.89222559   2.17610844
1443.00 -11.91372756   2.18058248
1444.00 -11.93524334   2.18506252
1445.00 -11.95677290   2.18954859
1446.00 -11.97831625   2.19404067
1447.00 -11.99987339   2.19853878
1448.00 -12.02144431   2.20304292
1449.00 -12.04302901   2.20755308
1450.00 -12.06462750   2.21206929
1451.00 -12.08623976   2.21659153
1452.00 -12.10786580   2.22111981
1453.00 -12.12950561   2.22565413
1454.00 -12.15115919   2.23019451
1455.00 -12.17282654   2.23474094
1456.00 -12.19450765   2.23929342
1457.00 -12.21620253   2.24385197
1458.00 -12.23791117   2.24841658
1459.00 -12.25963357   2.25298725
1460.00 -12.28136973   2.25756400
1461.00 -12.30311965   2.26214682
1462.00 -12.32488331   2.26673572
1463.00 -12.34666073   2.27133070
1464.00 -12.36845190   2.27593177
1465.00 -12.39025681   2.28053892
1466.00 -12.41207546   2.28515217
1467.00 -12.43390786   2.28977152
1468.00 -12.45575400   2.29439696
1469.00 -12.47761387   2.29902851
1470.00 -12.49948748   2.30366617
1471.00 -12.52137482   2.30830993
1472.00 -12.54327589   2.31295981
1473.00 -12.56519069   2.31761581
1474.00 -12.58711921   2.32227793
1475.00 -12.60906146   2.32694618
1476.00 -12.63101743   2.33162055
1477.00 -12.65298712   2.33630106
1478.00 -12.67497053   2.34098770
1479.00 -12.69696765   2.34568049
1480.00 -12.71897848   2.35037941
1481.00 -12.74100302   2.35508449
1482.00 -12.76304127   2.35979571
1483.00 -12.78509322   2.36451309
1484.00 -12.80715888   2.36923662
1485.00 -12.82923824   2.37396632
1486.00 -12.85133130   2.37870218
1487.00 -12.87343805   2.38344421
1488.00 -12.89555850   2.38819242
1489.00 -12.91769264   2.39294680
1490.00 -12.93984047   2.39770735
1491.00 -12.96200198   2.40247409
1492.00 -12.98417719   2.40724702
1493.00 -13.00636607   2.41202614
1494.00 -13.02856863   2.41681145
1495.00 -13.05078487   2.42160296
1496.00 -13.07301479   2.42640067
1497.00 -13.09525838   2.43120458
1498.00 -13.11751564   2.43601471
1499.00 -13.13978657   2.44083104
1500.00 -13.16207117   2.44565359
1501.00 -13.18436943   2.45048236
1502.00 -13.20668135   2.45531735
1503.00 -13.22900694   2.46015857
1504.00 -13.25134618   2.46500601
1505.00 -13.27369907   2.46985969
1506.00 -13.29606562   2.47471961
1507.00 -13.31844582   2.47958577
1508.00 -13.34083966   2.48445817
1509.00 -13.36324716   2.48933681
1510.00 -13.38566829   2.49422171
1511.00 -13.40810307   2.49911287
1512.00 -13.43055148   2.50401028
1513.00 -13.45301354   2.50891396
1514.00 -13.47548922   2.51382390
1515.00 -13.49797854   2.51874011
1516.00 -13.52048149   2.52366259
1517.00 -13.54299806   2.52859135
1518.00 -13.56552826   2.53352638
1519.00 -13.58807209   2.53846770
1520.00 -13.61062953   2.54341531
1521.00 -13.63320059   2.54836921
1522.00 -13.65578527   2.55332940
1523.00 -13.67838356   2.55829589
1524.00 -13.70099546   2.56326868
1525.00 -13.72362097   2.56824778
1526.00 -13.74626009   2.57323318
1527.00 -13.76891281   2.57822490
1528.00 -13.79157913   2.58322293
1529.00 -13.81425905   2.58822728
1530.00 -13.83695257   2.59323795
1531.00 -13.85965969   2.59825495
1532.00 -13.88238039   2.60327828
1533.00 -13.90511469   2.60830794
1534.00 -13.92786257   2.61334394
1535.00 -13.95062404   2.61838628
1536.00 -13.97339909   2.62343496
1537.00 -13.99618773   2.62848999
1538.00 -14.01898994   2.63355137
1539.00 -14.04180572   2.63861911
1540.00 -14.06463509   2.64369320
1541.00 -14.08747802   2.64877366
1542.00 -14.11033452   2.65386048
1543.00 -14.13320459   2.65895367
1544.00 -14.15608822   2.66405323
1545.00 -14.17898542   2.66915916
1546.00 -14.20189617   2.67427148
1547.00 -14.22482048   2.67939018
1548.00 -14.24775835   2.68451526
1549.00 -14.27070977   2.68964674
1550.00 -14.29367473   2.69478461
1551.00 -14.31665325   2.69992887
1552.00 -14.33964531   2.70507954
1553.00 -14.36265092   2.71023661
1554.00 -14.38567007   2.71540009
1555.00 -14.40870275   2.72056998
1556.00 -14.43174897   2.72574628
1557.00 -14.45480873   2.73092900
1558.00 -14.47788201   2.73611814
1559.00 -14.50096883   2.74131371
1560.00 -14.52406917   2.74651571
1561.00 -14.54718303   2.75172414
1562.00 -14.57031042   2.75693900
1563.00 -14.59345133   2.76216031
1564.00 -14.61660575   2.76738806
1565.00 -14.63977369   2.77262225
1566.00 -14.66295514   2.77786289
1567.00 -14.68615010   2.78310999
1568.00 -14.70935857   2.78836355
1569.00 -14.73258054   2.79362356
1570.00 -14.75581602   2.79889004
1571.00 -14.77906500   2.80416298
1572.00 -14.80232747   2.80944240
1573.00 -14.82560344   2.81472829
1574.00 -14.84889291   2.82002066
1575.00 -14.87219586   2.82531951
1576.00 -14.89551230   2.83062485
1577.00 -14.91884223   2.83593667
1578.00 -14.94218565   2.84125499
1579.00 -14.96554254   2.84657980
1580.00 -14.98891292   2.85191111
1581.00 -15.01229677   2.85724892
1582.00 -15.03569409   2.86259324
1583.00 -15.05910489   2.86794407
1584.00 -15.08252915   2.87330141
1585.00 -15.10596689   2.87866527
1586.00 -15.12941808   2.88403565
1587.00 -15.15288274   2.88941255
1588.00 -15.17636086   2.89479598
1589.00 -15.19985244   2.90018594
1590.00 -15.22335747   2.90558244
1591.00 -15.24687595   2.91098547
1592.00 -15.27040789   2.91639504
1593.00 -15.29395327   2.92181115
1594.00 -15.31751210   2.92723382
1595.00 -15.34108437   2.93266304
1596.00 -15.36467008   2.93809881
1597.00 -15.38826923   2.94354114
1598.00 -15.41188182   2.94899003
1599.00 -15.43550783   2.95444548
1600.00 -15.45914728   2.95990751
1601.00 -15.48280016   2.96537611
1602.00 -15.50646647   2.97085128
1603.00 -15.53014619   2.97633303
1604.00 -15.55383934   2.98182137
1605.00 -15.57754591   2.98731629
1606.00 -15.60126589   2.99281780
1607.00 -15.62499929   2.99832591
1608.00 -15.64874610   3.00384061
1609.00 -15.67250632   3.00936191
1610.00 -15.69627995   3.01488982
1611.00 -15.72006698   3.02042433
1612.00 -15.74386741   3.02596545
1613.00 -15.76768124   3.03151319
1614.00 -15.79150847   3.03706754
1615.00 -15.81534909   3.04262852
1616.00 -15.83920310   3.04819612
1617.00 -15.86307051   3.05377035
1618.00 -15.88695130   3.05935121
1619.00 -15.91084547   3.06493870
1620.00 -15.93475303   3.07053283
1621.00 -15.95867397   3.07613361
1622.00 -15.98260829   3.08174103
1623.00 -16.00655598   3.08735510
1624.00 -16.03051704   3.09297582
1625.00 -16.05449148   3.09860319
1626.00 -16.07847928   3.10423723
1627.00 -16.10248045   3.10987792
1628.00 -16.12649498   3.11552529
1629.00 -16.15052287   3.12117932
1630.00 -16.17456411   3.12684002
1631.00 -16.19861872   3.13250741
1632.00 -16.22268667   3.13818147
1633.00 -16.24676798   3.14386221
1634.00 -16.27086264   3.14954964
1635.00 -16.29497064   3.15524376
1636.00 -16.31909198   3.16094458
1637.00 -16.34322667   3.16665209
1638.00 -16.36737469   3.17236630
1639.00 -16.39153605   3.17808722
1640.00 -16.41571074   3.18381484
1641.00 -16.43989877   3.18954917
1642.00 -16.46410012   3.19529022
1643.00 -16.48831480   3.20103799
1644.00 -16.51254280   3.20679247
1645.00 -16.53678412   3.21255368
1646.00 -16.56103876   3.21832162
1647.00 -16.58530672   3.22409629
1648.00 -16.60958799   3.22987769
1649.00 -16.63388257   3.23566584
1650.00 -16.65819046   3.24146072
1651.00 -16.68251166   3.24726235
1652.00 -16.70684616   3.25307073
1653.00 -16.73119396   3.25888586
1654.00 -16.75555506   3.26470774
1655.00 -16.77992946   3.27053638
1656.00 -16.80431715   3.27637179
1657.00 -16.82871814   3.28221396
1658.00 -16.85313241   3.28806290
1659.00 -16.87755996   3.29391861
1660.00 -16.90200081   3.29978110
1661.00 -16.92645493   3.30565037
1662.00 -16.95092233   3.31152642
1663.00 -16.97540301   3.31740925
1664.00 -16.99989696   3.32329888
1665.00 -17.02440419   3.32919529
1666.00 -17.04892468   3.33509851
1667.00 -17.07345844   3.34100852
1668.00 -17.09800546   3.34692534
1669.00 -17.12256575   3.35284896
1670.00 -17.14713929   3.35877939
1671.00 -17.17172609   3.36471664
1672.00 -17.19632615   3.37066070
1673.00 -17.22093946   3.37661159
1674.00 -17.24556601   3.38256929
1675.00 -17.27020581   3.38853383
1676.00 -17.29485886   3.39450519
1677.00 -17.31952515   3.40048339
1678.00 -17.34420467   3.40646842
1679.00 -17.36889744   3.41246030
1680.00 -17.39360343   3.41845901
1681.00 -17.41832266   3.42446458
1682.00 -17.44305512   3.43047699
1683.00 -17.46780080   3.43649627
1684.00 -17.49255971   3.44252239
1685.00 -17.51733184   3.44855538
1686.00 -17.54211719   3.45459523
1687.00 -17.56691576   3.46064195
1688.00 -17.59172754   3.46669554
1689.00 -17.61655253   3.47275601
1690.00 -17.64139073   3.47882335
1691.00 -17.66624213   3.48489758
1692.00 -17.69110674   3.49097868
1693.00 -17.71598455   3.49706668
1694.00 -17.74087556   3.50316157
1695.00 -17.76577977   3.50926335
1696.00 -17.79069717   3.51537203
1697.00 -17.81562776   3.52148761
1698.00 -17.84057154   3.52761010
1699.00 -17.86552851   3.53373949
1700.00 -17.89049866   3.53987579
1701.00 -17.91548199   3.54601902
1702.00 -17.94047850   3.55216915
1703.00 -17.96548818   3.55832621
1704.00 -17.99051104   3.56449020
1705.00 -18.01554707   3.57066111
1706.00 -18.04059627   3.57683896
1707.00 -18.06565864   3.58302373
1708.00 -18.09073417   3.58921545
1709.00 -18.11582286   3.59541411
1710.00 -18.14092470   3.60161972
1711.00 -18.16603971   3.60783227
1712.00 -18.19116786   3.61405177
1713.00 -18.21630917   3.62027823
1714.00 -18.24146363   3.62651165
1715.00 -18.26663123   3.63275203
1716.00 -18.29181197   3.63899938
1717.00 -18.31700586   3.64525369
1718.00 -18.34221288   3.65151498
1719.00 -18.36743304   3.65778324
1720.00 -18.39266633   3.66405848
1721.00 -18.41791275   3.67034070
1722.00 -18.44317230   3.67662991
1723.00 -18.46844498   3.68292610
1724.00 -18.49373077   3.68922929
1725.00 -18.51902969   3.69553947
1726.00 -18.54434173   3.70185665
1727.00 -18.56966688   3.70818084
1728.00 -18.59500514   3.71451203
1729.00 -18.62035651   3.72085022
1730.00 -18.64572099   3.72719543
1731.00 -18.67109858   3.73354766
1732.00 -18.69648926   3.73990690
1733.00 -18.72189305   3.74627316
1734.00 -18.74730993   3.75264645
1735.00 -18.77273991   3.75902677
1736.00 -18.79818298   3.76541413
1737.00 -18.82363914   3.77180851
1738.00 -18.84910839   3.77820994
1739.00 -18.87459072   3.78461840
1740.00 -18.90008613   3.79103392
1741.00 -18.92559462   3.79745648
1742.00 -18.95111619   3.80388609
1743.00 -18.97665083   3.81032276
1744.00 -19.00219855   3.81676648
1745.00 -19.02775933   3.82321727
1746.00 -19.05333318   3.82967512
1747.00 -19.07892009   3.83614005
1748.00 -19.10452006   3.84261204
1749.00 -19.13013309   3.84909111
1750.00 -19.15575918   3.85557726
1751.00 -19.18139832   3.86207049
1752.00 -19.20705051   3.86857080
1753.00 -19.23271575   3.87507820
1754.00 -19.25839404   3.88159270
1755.00 -19.28408536   3.88811428
1756.00 -19.30978973   3.89464297
1757.00 -19.33550714   3.90117876
1758.00 -19.36123758   3.90772166
1759.00 -19.38698106   3.91427166
1760.00 -19.41273756   3.92082877
1761.00 -19.43850709   3.92739300
1762.00 -19.46428965   3.93396435
1763.00 -19.49008523   3.94054281
1764.00 -19.51589383   3.94712841
1765.00 -19.54171544   3.95372113
1766.00 -19.56755007   3.96032098
1767.00 -19.59339771   3.96692796
1768.00 -19.61925836   3.97354209
1769.00 -19.64513202   3.98016335
1770.00 -19.67101868   3.98679176
1771.00 -19.69691835   3.99342732
1772.00 -19.72283101   4.00007003
1773.00 -19.74875667   4.00671989
1774.00 -19.77469532   4.01337691
1775.00 -19.80064696   4.02004109
1776.00 -19.82661159   4.02671244
1777.00 -19.85258921   4.03339095
1778.00 -19.87857981   4.04007663
1779.00 -19.90458339   4.04676949
1780.00 -19.93059995   4.05346952
1781.00 -19.95662948   4.06017674
1782.00 -19.98267199   4.06689114
1783.00 -20.00872747   4.07361272
1784.00 -20.03479591   4.08034150
1785.00 -20.06087732   4.08707747
1786.00 -20.08697169   4.09382064
1787.00 -20.11307902   4.10057100
1788.00 -20.13919931   4.10732857
1789.00 -20.16533255   4.11409335
1790.00 -20.19147875   4.12086534
1791.00 -20.21763789   4.12764454
1792.00 -20.24380998   4.13443095
1793.00 -20.26999501   4.14122459
1794.00 -20.29619299   4.14802545
1795.00 -20.32240390   4.15483354
1796.00 -20.34862775   4.16164885
1797.00 -20.37486454   4.16847140
1798.00 -20.40111425   4.17530118
1799.00 -20.42737689   4.18213821
1800.00 -20.45365246   4.18898247
1801.00 -20.47994095   4.19583398
1802.00 -20.50624236   4.20269274
1803.00 -20.53255669   4.20955876
1804.00 -20.55888393   4.21643202
1805.00 -20.58522408   4.22331255
1806.00 -20.61157715   4.23020034
1807.00 -20.63794312   4.23709539
1808.00 -20.66432199   4.24399772
1809.00 -20.69071377   4.25090731
1810.00 -20.71711845   4.25782418
1811.00 -20.74353602   4.26474833
1812.00 -20.76996649   4.27167976
1813.00 -20.79640985   4.27861847
1814.00 -20.82286609   4.28556447
1815.00 -20.84933522   4.29251777
1816.00 -20.87581724   4.29947835
1817.00 -20.90231214   4.30644624
1818.00 -20.92881991   4.31342142
1819.00 -20.95534056   4.32040391
1820.00 -20.98187408   4.32739371
1821.00 -21.00842047   4.33439082
1822.00 -21.03497973   4.34139524
1823.00 -21.06155185   4.34840698
1824.00 -21.08813684   4.35542604
1825.00 -21.11473468   4.36245242
1826.00 -21.14134538   4.36948613
1827.00 -21.16796894   4.37652717
1828.00 -21.19460534   4.38357554
1829.00 -21.22125460   4.39063125
1830.00 -21.24791670   4.39769430
1831.00 -21.27459164   4.40476469
1832.00 -21.30127942   4.41184243
1833.00 -21.32798005   4.41892751
1834.00 -21.35469350   4.42601995
1835.00 -21.38141979   4.43311975
1836.00 -21.40815891   4.44022690
1837.00 -21.43491086   4.44734141
1838.00 -21.46167563   4.45446329
1839.00 -21.48845323   4.46159254
1840.00 -21.51524364   4.46872916
1841.00 -21.54204687   4.47587316
1842.00 -21.56886291   4.48302453
1843.00 -21.59569177   4.49018329
1844.00 -21.62253343   4.49734943
1845.00 -21.64938790   4.50452295
1846.00 -21.67625517   4.51170387
1847.00 -21.70313524   4.51889218
1848.00 -21.73002811   4.52608789
1849.00 -21.75693378   4.53329100
1850.00 -21.78385223   4.54050151
1851.00 -21.81078348   4.54771943
1852.00 -21.83772752   4.55494476
1853.00 -21.86468433   4.56217751
1854.00 -21.89165393   4.56941767
1855.00 -21.91863631   4.57666525
1856.00 -21.94563147   4.58392025
1857.00 -21.97263940   4.59118268
1858.00 -21.99966010   4.59845253
1859.00 -22.02669357   4.60572982
1860.00 -22.05373980   4.61301455
1861.00 -22.08079880   4.62030671
1862.00 -22.10787055   4.62760632
1863.00 -22.13495507   4.63491337
1864.00 -22.16205233   4.64222787
1865.00 -22.18916236   4.64954982
1866.00 -22.21628513   4.65687922
1867.00 -22.24342064   4.66421609
1868.00 -22.27056890   4.67156041
1869.00 -22.29772990   4.67891220
1870.00 -22.32490364   4.68627145
1871.00 -22.35209012   4.69363818
1872.00 -22.37928933   4.70101238
1873.00 -22.40650127   4.70839405
1874.00 -22.43372593   4.71578321
1875.00 -22.46096332   4.72317985
1876.00 -22.48821344   4.73058397
1877.00 -22.51547627   4.73799559
1878.00 -22.54275182   4.74541469
1879.00 -22.57004009   4.75284130
1880.00 -22.59734106   4.76027540
1881.00 -22.62465474   4.76771700
1882.00 -22.65198113   4.77516611
1883.00 -22.67932023   4.78262273
1884.00 -22.70667202   4.79008686
1885.00 -22.73403651   4.79755850
1886.00 -22.76141370   4.80503766
1887.00 -22.78880358   4.81252434
1888.00 -22.81620615   4.82001855
1889.00 -22.84362140   4.82752028
1890.00 -22.87104934   4.83502955
1891.00 -22.89848996   4.84254635
1892.00 -22.92594326   4.85007068
1893.00 -22.95340924   4.85760255
1894.00 -22.98088788   4.86514197
1895.00 -23.00837920   4.87268893
1896.00 -23.03588319   4.88024345
1897.00 -23.06339984   4.88780551
1898.00 -23.09092916   4.89537513
1899.00 -23.11847113   4.90295231
1900.00 -23.14602576   4.91053705
1901.00 -23.17359305   4.91812936
1902.00 -23.20117298   4.92572923
1903.00 -23.22876557   4.93333667
1904.00 -23.25637080   4.94095169
1905.00 -23.28398867   4.94857429
1906.00 -23.31161918   4.95620447
1907.00 -23.33926234   4.96384223
1908.00 -23.36691812   4.97148757
1909.00 -23.39458654   4.97914051
1910.00 -23.42226759   4.98680104
1911.00 -23.44996126   4.99446917
1912.00 -23.47766756   5.00214489
1913.00 -23.50538648   5.00982822
1914.00 -23.53311802   5.01751916
1915.00 -23.56086217   5.02521770
1916.00 -23.58861894   5.03292385
1917.00 -23.61638832   5.04063762
1918.00 -23.64417030   5.04835901
1919.00 -23.67196489   5.05608801
1920.00 -23.69977208   5.06382465
1921.00 -23.72759187   5.07156891
1922.00 -23.75542426   5.07932080
1923.00 -23.78326924   5.08708032
1924.00 -23.81112681   5.09484748
1925.00 -23.83899697   5.10262228
1926.00 -23.86687971   5.11040472
1927.00 -23.89477504   5.11819481
1928.00 -23.92268295   5.12599254
1929.00 -23.95060343   5.13379793
1930.00 -23.97853649   5.14161098
1931.00 -24.00648212   5.14943168
1932.00 -24.03444032   5.15726004
1933.00 -24.06241108   5.16509607
1934.00 -24.09039441   5.17293977
1935.00 -24.11839030   5.18079114
1936.00 -24.14639875   5.18865018
1937.00 -24.17441975   5.19651689
1938.00 -24.20245330   5.20439129
1939.00 -24.23049940   5.21227337
1940.00 -24.25855805   5.22016314
1941.00 -24.28662924   5.22806059
1942.00 -24.31471298   5.23596574
1943.00 -24.34280925   5.24387858
1944.00 -24.37091806   5.25179912
1945.00 -24.39903940   5.25972736
1946.00 -24.42717327   5.26766331
1947.00 -24.45531967   5.27560697
1948.00 -24.48347859   5.28355833
1949.00 -24.51165003   5.29151741
1950.00 -24.53983399   5.29948421
1951.00 -24.56803047   5.30745872
1952.00 -24.59623946   5.31544096
1953.00 -24.62446097   5.32343093
1954.00 -24.65269498   5.33142862
1955.00 -24.68094149   5.33943405
1956.00 -24.70920051   5.34744721
1957.00 -24.73747202   5.35546811
1958.00 -24.76575604   5.36349675
1959.00 -24.79405254   5.37153313
1960.00 -24.82236154   5.37957727
1961.00 -24.85068303   5.38762915
1962.00 -24.87901700   5.39568879
1963.00 -24.90736345   5.40375618
1964.00 -24.93572238   5.41183134
1965.00 -24.96409379   5.41991425
1966.00 -24.99247768   5.42800493
1967.00 -25.02087403   5.43610338
1968.00 -25.04928285   5.44420961
1969.00 -25.07770414   5.45232360
1970.00 -25.10613790   5.46044538
1971.00 -25.13458411   5.46857494
1972.00 -25.16304278   5.47671228
1973.00 -25.19151390   5.48485741
1974.00 -25.21999748   5.49301032
1975.00 -25.24849351   5.50117103
1976.00 -25.27700198   5.50933954
1977.00 -25.30552289   5.51751585
1978.00 -25.33405625   5.52569996
1979.00 -25.36260204   5.53389187
1980.00 -25.39116027   5.54209160
1981.00 -25.41973093   5.55029913
1982.00 -25.44831402   5.55851448
1983.00 -25.47690953   5.56673764
1984.00 -25.50551747   5.57496863
1985.00 -25.53413783   5.58320744
1986.00 -25.56277061   5.59145408
1987.00 -25.59141580   5.59970854
1988.00 -25.62007341   5.60797084
1989.00 -25.64874342   5.61624098
1990.00 -25.67742584   5.62451895
1991.00 -25.70612067   5.63280477
1992.00 -25.73482789   5.64109843
1993.00 -25.76354752   5.64939993
1994.00 -25.79227954   5.65770929
1995.00 -25.82102395   5.66602650
1996.00 -25.84978075   5.67435157
1997.00 -25.87854994   5.68268450
1998.00 -25.90733152   5.69102529
1999.00 -25.93612547   5.69937395
2000.00 -25.96493180   5.70773047
