wavelength(nm)         real         imag
200.00   3.88503598   0.00028599
201.00   3.88488602   0.00029030
202.00   3.88473531   0.00029465
203.00   3.88458386   0.00029905
204.00   3.88443166   0.00030349
205.00   3.88427871   0.00030797
206.00   3.88412502   0.00031250
207.00   3.88397058   0.00031707
208.00   3.88381539   0.00032169
209.00   3.88365946   0.00032635
210.00   3.88350278   0.00033106
211.00   3.88334535   0.00033581
212.00   3.88318718   0.00034060
213.00   3.88302826   0.00034544
214.00   3.88286860   0.00035033
215.00   3.88270818   0.00035526
216.00   3.88254702   0.00036024
217.00   3.88238512   0.00036527
218.00   3.88222246   0.00037034
219.00   3.88205907   0.00037546
220.00   3.88189492   0.00038062
221.00   3.88173003   0.00038584
222.00   3.88156439   0.00039110
223.00   3.88139800   0.00039640
224.00   3.88123087   0.00040176
225.00   3.88106299   0.00040716
226.00   3.88089437   0.00041261
227.00   3.88072500   0.00041811
228.00   3.88055488   0.00042366
229.00   3.88038402   0.00042926
230.00   3.88021241   0.00043490
231.00   3.88004005   0.00044060
232.00   3.87986695   0.00044634
233.00   3.87969310   0.00045214
234.00   3.87951851   0.00045798
235.00   3.87934317   0.00046388
236.00   3.87916708   0.00046982
237.00   3.87899024   0.00047582
238.00   3.87881266   0.00048186
239.00   3.87863434   0.00048796
240.00   3.87845527   0.00049411
241.00   3.87827545   0.00050031
242.00   3.87809488   0.00050656
243.00   3.87791357   0.00051287
244.00   3.87773152   0.00051922
245.00   3.87754872   0.00052563
246.00   3.87736517   0.00053209
247.00   3.87718087   0.00053860
248.00   3.87699583   0.00054517
249.00   3.87681005   0.00055179
250.00   3.87662351   0.00055846
251.00   3.87643624   0.00056518
252.00   3.87624821   0.00057196
253.00   3.87605944   0.00057880
254.00   3.87586993   0.00058569
255.00   3.87567966   0.00059263
256.00   3.87548866   0.00059962
257.00   3.87529690   0.00060668
258.00   3.87510440   0.00061378
259.00   3.87491116   0.00062094
260.00   3.87471717   0.00062816
261.00   3.87452243   0.00063543
262.00   3.87432695   0.00064276
263.00   3.87413072   0.00065015
264.00   3.87393375   0.00065759
265.00   3.87373603   0.00066509
266.00   3.87353757   0.00067264
267.00   3.87333836   0.00068025
268.00   3.87313840   0.00068792
269.00   3.87293770   0.00069565
270.00   3.87273625   0.00070343
271.00   3.87253406   0.00071127
272.00   3.87233112   0.00071917
273.00   3.87212744   0.00072713
274.00   3.87192301   0.00073514
275.00   3.87171784   0.00074322
276.00   3.87151192   0.00075135
277.00   3.87130526   0.00075955
278.00   3.87109785   0.00076780
279.00   3.87088969   0.00077611
280.00   3.87068079   0.00078448
281.00   3.87047114   0.00079291
282.00   3.87026075   0.00080140
283.00   3.87004962   0.00080995
284.00   3.86983774   0.00081857
285.00   3.86962511   0.00082724
286.00   3.86941174   0.00083597
287.00   3.86919762   0.00084477
288.00   3.86898276   0.00085363
289.00   3.86876715   0.00086254
290.00   3.86855080   0.00087152
291.00   3.86833370   0.00088057
292.00   3.86811586   0.00088967
293.00   3.86789727   0.00089884
294.00   3.86767794   0.00090807
295.00   3.86745786   0.00091736
296.00   3.86723704   0.00092672
297.00   3.86701548   0.00093614
298.00   3.86679316   0.00094562
299.00   3.86657011   0.00095516
300.00   3.86634631   0.00096477
301.00   3.86612176   0.00097445
302.00   3.86589647   0.00098419
303.00   3.86567043   0.00099399
304.00   3.86544365   0.00100386
305.00   3.86521613   0.00101379
306.00   3.86498786   0.00102379
307.00   3.86475884   0.00103386
308.00   3.86452909   0.00104399
309.00   3.86429858   0.00105418
310.00   3.86406733   0.00106444
311.00   3.86383534   0.00107477
312.00   3.86360260   0.00108517
313.00   3.86336912   0.00109563
314.00   3.86313490   0.00110616
315.00   3.86289993   0.00111675
316.00   3.86266421   0.00112742
317.00   3.86242775   0.00113815
318.00   3.86219055   0.00114895
319.00   3.86195260   0.00115981
320.00   3.86171391   0.00117075
321.00   3.86147447   0.00118175
322.00   3.86123429   0.00119282
323.00   3.86099336   0.00120396
324.00   3.86075169   0.00121517
325.00   3.86050928   0.00122645
326.00   3.86026612   0.00123780
327.00   3.86002222   0.00124922
328.00   3.85977758   0.00126071
329.00   3.85953219   0.00127227
330.00   3.85928605   0.00128389
331.00   3.85903917   0.00129559
332.00   3.85879155   0.00130736
333.00   3.85854319   0.00131920
334.00   3.85829408   0.00133112
335.00   3.85804422   0.00134310
336.00   3.85779362   0.00135516
337.00   3.85754228   0.00136728
338.00   3.85729020   0.00137948
339.00   3.85703737   0.00139175
340.00   3.85678379   0.00140410
341.00   3.85652948   0.00141651
342.00   3.85627442   0.00142900
343.00   3.85601861   0.00144157
344.00   3.85576206   0.00145420
345.00   3.85550477   0.00146691
346.00   3.85524674   0.00147970
347.00   3.85498796   0.00149255
348.00   3.85472844   0.00150549
349.00   3.85446817   0.00151849
350.00   3.85420716   0.00153157
351.00   3.85394541   0.00154473
352.00   3.85368291   0.00155796
353.00   3.85341967   0.00157126
354.00   3.85315569   0.00158465
355.00   3.85289096   0.00159810
356.00   3.85262550   0.00161163
357.00   3.85235928   0.00162524
358.00   3.85209233   0.00163893
359.00   3.85182463   0.00165269
360.00   3.85155618   0.00166653
361.00   3.85128700   0.00168044
362.00   3.85101707   0.00169444
363.00   3.85074640   0.00170851
364.00   3.85047498   0.00172265
365.00   3.85020282   0.00173688
366.00   3.84992992   0.00175118
367.00   3.84965628   0.00176556
368.00   3.84938189   0.00178002
369.00   3.84910676   0.00179456
370.00   3.84883089   0.00180918
371.00   3.84855427   0.00182388
372.00   3.84827691   0.00183865
373.00   3.84799881   0.00185351
374.00   3.84771997   0.00186844
375.00   3.84744038   0.00188346
376.00   3.84716005   0.00189855
377.00   3.84687898   0.00191373
378.00   3.84659716   0.00192898
379.00   3.84631461   0.00194432
380.00   3.84603131   0.00195974
381.00   3.84574726   0.00197523
382.00   3.84546248   0.00199081
383.00   3.84517695   0.00200648
384.00   3.84489068   0.00202222
385.00   3.84460367   0.00203804
386.00   3.84431591   0.00205395
387.00   3.84402741   0.00206994
388.00   3.84373817   0.00208602
389.00   3.84344819   0.00210217
390.00   3.84315746   0.00211841
391.00   3.84286600   0.00213473
392.00   3.84257379   0.00215114
393.00   3.84228084   0.00216763
394.00   3.84198714   0.00218420
395.00   3.84169271   0.00220086
396.00   3.84139753   0.00221760
397.00   3.84110161   0.00223443
398.00   3.84080495   0.00225134
399.00   3.84050754   0.00226833
400.00   3.84020940   0.00228541
401.00   3.83991051   0.00230258
402.00   3.83961088   0.00231983
403.00   3.83931051   0.00233717
404.00   3.83900940   0.00235460
405.00   3.83870754   0.00237211
406.00   3.83840494   0.00238970
407.00   3.83810160   0.00240739
408.00   3.83779752   0.00242516
409.00   3.83749270   0.00244301
410.00   3.83718714   0.00246096
411.00   3.83688083   0.00247899
412.00   3.83657379   0.00249711
413.00   3.83626600   0.00251532
414.00   3.83595747   0.00253362
415.00   3.83564820   0.00255200
416.00   3.83533818   0.00257047
417.00   3.83502743   0.00258904
418.00   3.83471593   0.00260769
419.00   3.83440370   0.00262643
420.00   3.83409072   0.00264526
421.00   3.83377700   0.00266418
422.00   3.83346254   0.00268319
423.00   3.83314734   0.00270228
424.00   3.83283139   0.00272147
425.00   3.83251471   0.00274075
426.00   3.83219728   0.00276012
427.00   3.83187912   0.00277959
428.00   3.83156021   0.00279914
429.00   3.83124056   0.00281878
430.00   3.83092017   0.00283852
431.00   3.83059904   0.00285835
432.00   3.83027717   0.00287826
433.00   3.82995456   0.00289828
434.00   3.82963120   0.00291838
435.00   3.82930711   0.00293858
436.00   3.82898228   0.00295887
437.00   3.82865670   0.00297925
438.00   3.82833038   0.00299972
439.00   3.82800333   0.00302029
440.00   3.82767553   0.00304095
441.00   3.82734699   0.00306171
442.00   3.82701771   0.00308256
443.00   3.82668770   0.00310351
444.00   3.82635694   0.00312454
445.00   3.82602544   0.00314568
446.00   3.82569320   0.00316691
447.00   3.82536022   0.00318823
448.00   3.82502650   0.00320965
449.00   3.82469203   0.00323117
450.00   3.82435683   0.00325278
451.00   3.82402089   0.00327448
452.00   3.82368421   0.00329629
453.00   3.82334679   0.00331818
454.00   3.82300863   0.00334018
455.00   3.82266972   0.00336227
456.00   3.82233008   0.00338446
457.00   3.82198970   0.00340675
458.00   3.82164858   0.00342913
459.00   3.82130672   0.00345161
460.00   3.82096412   0.00347419
461.00   3.82062077   0.00349687
462.00   3.82027669   0.00351965
463.00   3.81993187   0.00354252
464.00   3.81958631   0.00356550
465.00   3.81924001   0.00358857
466.00   3.81889297   0.00361174
467.00   3.81854519   0.00363501
468.00   3.81819667   0.00365838
469.00   3.81784741   0.00368185
470.00   3.81749741   0.00370542
471.00   3.81714668   0.00372909
472.00   3.81679520   0.00375286
473.00   3.81644298   0.00377673
474.00   3.81609003   0.00380070
475.00   3.81573633   0.00382478
476.00   3.81538190   0.00384895
477.00   3.81502672   0.00387322
478.00   3.81467081   0.00389760
479.00   3.81431416   0.00392208
480.00   3.81395677   0.00394666
481.00   3.81359864   0.00397134
482.00   3.81323977   0.00399613
483.00   3.81288016   0.00402102
484.00   3.81251981   0.00404601
485.00   3.81215873   0.00407110
486.00   3.81179690   0.00409630
487.00   3.81143434   0.00412160
488.00   3.81107103   0.00414701
489.00   3.81070699   0.00417252
490.00   3.81034221   0.00419813
491.00   3.80997669   0.00422385
492.00   3.80961044   0.00424967
493.00   3.80924344   0.00427560
494.00   3.80887570   0.00430163
495.00   3.80850723   0.00432777
496.00   3.80813802   0.00435401
497.00   3.80776807   0.00438036
498.00   3.80739738   0.00440681
499.00   3.80702595   0.00443337
500.00   3.80665379   0.00446004
501.00   3.80628088   0.00448681
502.00   3.80590724   0.00451369
503.00   3.80553286   0.00454068
504.00   3.80515775   0.00456777
505.00   3.80478189   0.00459497
506.00   3.80440529   0.00462228
507.00   3.80402796   0.00464970
508.00   3.80364989   0.00467722
509.00   3.80327108   0.00470485
510.00   3.80289154   0.00473259
511.00   3.80251125   0.00476044
512.00   3.80213023   0.00478840
513.00   3.80174847   0.00481647
514.00   3.80136597   0.00484464
515.00   3.80098274   0.00487293
516.00   3.80059877   0.00490132
517.00   3.80021406   0.00492983
518.00   3.79982861   0.00495844
519.00   3.79944242   0.00498717
520.00   3.79905550   0.00501600
521.00   3.79866784   0.00504495
522.00   3.79827944   0.00507401
523.00   3.79789031   0.00510318
524.00   3.79750043   0.00513246
525.00   3.79710982   0.00516185
526.00   3.79671848   0.00519135
527.00   3.79632639   0.00522096
528.00   3.79593357   0.00525069
529.00   3.79554001   0.00528053
530.00   3.79514572   0.00531048
531.00   3.79475068   0.00534055
532.00   3.79435491   0.00537072
533.00   3.79395841   0.00540102
534.00   3.79356116   0.00543142
535.00   3.79316318   0.00546194
536.00   3.79276447   0.00549257
537.00   3.79236501   0.00552331
538.00   3.79196482   0.00555417
539.00   3.79156389   0.00558515
540.00   3.79116223   0.00561624
541.00   3.79075983   0.00564744
542.00   3.79035669   0.00567876
543.00   3.78995282   0.00571019
544.00   3.78954821   0.00574174
545.00   3.78914286   0.00577341
546.00   3.78873678   0.00580519
547.00   3.78832996   0.00583708
548.00   3.78792240   0.00586910
549.00   3.78751411   0.00590123
550.00   3.78710508   0.00593347
551.00   3.78669532   0.00596584
552.00   3.78628482   0.00599832
553.00   3.78587358   0.00603092
554.00   3.78546161   0.00606363
555.00   3.78504890   0.00609646
556.00   3.78463546   0.00612942
557.00   3.78422128   0.00616249
558.00   3.78380636   0.00619567
559.00   3.78339071   0.00622898
560.00   3.78297432   0.00626240
561.00   3.78255720   0.00629595
562.00   3.78213934   0.00632961
563.00   3.78172075   0.00636340
564.00   3.78130142   0.00639730
565.00   3.78088135   0.00643132
566.00   3.78046055   0.00646546
567.00   3.78003901   0.00649973
568.00   3.77961674   0.00653411
569.00   3.77919373   0.00656861
570.00   3.77876999   0.00660324
571.00   3.77834551   0.00663798
572.00   3.77792030   0.00667285
573.00   3.77749435   0.00670784
574.00   3.77706767   0.00674295
575.00   3.77664025   0.00677818
576.00   3.77621210   0.00681354
577.00   3.77578321   0.00684901
578.00   3.77535358   0.00688461
579.00   3.77492323   0.00692034
580.00   3.77449213   0.00695618
581.00   3.77406031   0.00699215
582.00   3.77362774   0.00702824
583.00   3.77319445   0.00706446
584.00   3.77276041   0.00710080
585.00   3.77232565   0.00713726
586.00   3.77189015   0.00717385
587.00   3.77145391   0.00721056
588.00   3.77101694   0.00724739
589.00   3.77057924   0.00728436
590.00   3.77014080   0.00732144
591.00   3.76970163   0.00735865
592.00   3.76926172   0.00739599
593.00   3.76882108   0.00743345
594.00   3.76837970   0.00747104
595.00   3.76793759   0.00750876
596.00   3.76749475   0.00754660
597.00   3.76705117   0.00758457
598.00   3.76660686   0.00762266
599.00   3.76616181   0.00766088
600.00   3.76571603   0.00769923
601.00   3.76526952   0.00773771
602.00   3.76482227   0.00777631
603.00   3.76437429   0.00781504
604.00   3.76392558   0.00785390
605.00   3.76347613   0.00789289
606.00   3.76302595   0.00793200
607.00   3.76257503   0.00797125
608.00   3.76212338   0.00801062
609.00   3.76167100   0.00805012
610.00   3.76121788   0.00808975
611.00   3.76076403   0.00812951
612.00   3.76030945   0.00816940
613.00   3.75985414   0.00820942
614.00   3.75939809   0.00824957
615.00   3.75894130   0.00828985
616.00   3.75848379   0.00833027
617.00   3.75802554   0.00837081
618.00   3.75756656   0.00841148
619.00   3.75710685   0.00845228
620.00   3.75664640   0.00849322
621.00   3.75618522   0.00853428
622.00   3.75572331   0.00857548
623.00   3.75526066   0.00861681
624.00   3.75479728   0.00865827
625.00   3.75433317   0.00869987
626.00   3.75386833   0.00874159
627.00   3.75340275   0.00878345
628.00   3.75293644   0.00882545
629.00   3.75246940   0.00886757
630.00   3.75200163   0.00890983
631.00   3.75153313   0.00895222
632.00   3.75106389   0.00899475
633.00   3.75059392   0.00903741
634.00   3.75012321   0.00908020
635.00   3.74965178   0.00912313
636.00   3.74917961   0.00916620
637.00   3.74870672   0.00920939
638.00   3.74823308   0.00925273
639.00   3.74775872   0.00929619
640.00   3.74728363   0.00933980
641.00   3.74680780   0.00938354
642.00   3.74633124   0.00942741
643.00   3.74585395   0.00947142
644.00   3.74537593   0.00951557
645.00   3.74489718   0.00955986
646.00   3.74441769   0.00960428
647.00   3.74393748   0.00964883
648.00   3.74345653   0.00969353
649.00   3.74297485   0.00973836
650.00   3.74249244   0.00978333
651.00   3.74200930   0.00982844
652.00   3.74152543   0.00987368
653.00   3.74104082   0.00991906
654.00   3.74055549   0.00996459
655.00   3.74006942   0.01001025
656.00   3.73958262   0.01005604
657.00   3.73909510   0.01010198
658.00   3.73860684   0.01014806
659.00   3.73811785   0.01019427
660.00   3.73762812   0.01024063
661.00   3.73713767   0.01028713
662.00   3.73664649   0.01033376
663.00   3.73615458   0.01038054
664.00   3.73566193   0.01042745
665.00   3.73516856   0.01047451
666.00   3.73467445   0.01052171
667.00   3.73417962   0.01056904
668.00   3.73368405   0.01061652
669.00   3.73318775   0.01066414
670.00   3.73269073   0.01071191
671.00   3.73219297   0.01075981
672.00   3.73169448   0.01080786
673.00   3.73119527   0.01085604
674.00   3.73069532   0.01090438
675.00   3.73019464   0.01095285
676.00   3.72969323   0.01100147
677.00   3.72919110   0.01105022
678.00   3.72868823   0.01109913
679.00   3.72818463   0.01114817
680.00   3.72768031   0.01119736
681.00   3.72717525   0.01124670
682.00   3.72666946   0.01129617
683.00   3.72616295   0.01134580
684.00   3.72565570   0.01139556
685.00   3.72514773   0.01144547
686.00   3.72463902   0.01149553
687.00   3.72412959   0.01154573
688.00   3.72361943   0.01159608
689.00   3.72310854   0.01164657
690.00   3.72259691   0.01169721
691.00   3.72208456   0.01174799
692.00   3.72157148   0.01179892
693.00   3.72105768   0.01185000
694.00   3.72054314   0.01190122
695.00   3.72002787   0.01195259
696.00   3.71951188   0.01200411
697.00   3.71899515   0.01205577
698.00   3.71847770   0.01210758
699.00   3.71795952   0.01215954
700.00   3.71744061   0.01221164
701.00   3.71692097   0.01226390
702.00   3.71640060   0.01231630
703.00   3.71587950   0.01236885
704.00   3.71535768   0.01242155
705.00   3.71483513   0.01247440
706.00   3.71431184   0.01252740
707.00   3.71378783   0.01258054
708.00   3.71326310   0.01263384
709.00   3.71273763   0.01268728
710.00   3.71221144   0.01274088
711.00   3.71168451   0.01279463
712.00   3.71115686   0.01284852
713.00   3.71062849   0.01290257
714.00   3.71009938   0.01295676
715.00   3.70956955   0.01301111
716.00   3.70903899   0.01306561
717.00   3.70850770   0.01312026
718.00   3.70797568   0.01317506
719.00   3.70744294   0.01323001
720.00   3.70690946   0.01328512
721.00   3.70637527   0.01334037
722.00   3.70584034   0.01339578
723.00   3.70530468   0.01345135
724.00   3.70476830   0.01350706
725.00   3.70423119   0.01356293
726.00   3.70369336   0.01361895
727.00   3.70315480   0.01367512
728.00   3.70261551   0.01373145
729.00   3.70207549   0.01378793
730.00   3.70153475   0.01384456
731.00   3.70099327   0.01390135
732.00   3.70045108   0.01395830
733.00   3.69990815   0.01401539
734.00   3.69936450   0.01407265
735.00   3.69882012   0.01413005
736.00   3.69827502   0.01418762
737.00   3.69772919   0.01424533
738.00   3.69718263   0.01430321
739.00   3.69663535   0.01436124
740.00   3.69608734   0.01441942
741.00   3.69553860   0.01447776
742.00   3.69498914   0.01453626
743.00   3.69443895   0.01459492
744.00   3.69388804   0.01465373
745.00   3.69333639   0.01471269
746.00   3.69278403   0.01477182
747.00   3.69223093   0.01483110
748.00   3.69167712   0.01489054
749.00   3.69112257   0.01495014
750.00   3.69056730   0.01500990
751.00   3.69001131   0.01506981
752.00   3.68945458   0.01512988
753.00   3.68889714   0.01519011
754.00   3.68833896   0.01525050
755.00   3.68778007   0.01531105
756.00   3.68722044   0.01537176
757.00   3.68666009   0.01543263
758.00   3.68609902   0.01549366
759.00   3.68553722   0.01555484
760.00   3.68497469   0.01561619
761.00   3.68441144   0.01567770
762.00   3.68384747   0.01573937
763.00   3.68328277   0.01580119
764.00   3.68271735   0.01586318
765.00   3.68215120   0.01592533
766.00   3.68158432   0.01598765
767.00   3.68101672   0.01605012
768.00   3.68044840   0.01611275
769.00   3.67987935   0.01617555
770.00   3.67930958   0.01623851
771.00   3.67873908   0.01630163
772.00   3.67816786   0.01636491
773.00   3.67759591   0.01642836
774.00   3.67702324   0.01649197
775.00   3.67644985   0.01655574
776.00   3.67587573   0.01661968
777.00   3.67530089   0.01668377
778.00   3.67472532   0.01674804
779.00   3.67414903   0.01681246
780.00   3.67357201   0.01687705
781.00   3.67299427   0.01694181
782.00   3.67241581   0.01700673
783.00   3.67183662   0.01707181
784.00   3.67125671   0.01713706
785.00   3.67067608   0.01720248
786.00   3.67009472   0.01726805
787.00   3.66951264   0.01733380
788.00   3.66892984   0.01739971
789.00   3.66834631   0.01746579
790.00   3.66776206   0.01753203
791.00   3.66717709   0.01759844
792.00   3.66659139   0.01766501
793.00   3.66600497   0.01773176
794.00   3.66541783   0.01779867
795.00   3.66482996   0.01786574
796.00   3.66424137   0.01793299
797.00   3.66365206   0.01800040
798.00   3.66306202   0.01806798
799.00   3.66247126   0.01813572
800.00   3.66187978   0.01820364
801.00   3.66128758   0.01827172
802.00   3.66069466   0.01833997
803.00   3.66010101   0.01840839
804.00   3.65950664   0.01847698
805.00   3.65891154   0.01854574
806.00   3.65831573   0.01861467
807.00   3.65771919   0.01868377
808.00   3.65712193   0.01875304
809.00   3.65652395   0.01882247
810.00   3.65592525   0.01889208
811.00   3.65532582   0.01896186
812.00   3.65472567   0.01903181
813.00   3.65412481   0.01910193
814.00   3.65352321   0.01917222
815.00   3.65292090   0.01924268
816.00   3.65231787   0.01931331
817.00   3.65171411   0.01938412
818.00   3.65110963   0.01945509
819.00   3.65050443   0.01952624
820.00   3.64989851   0.01959756
821.00   3.64929187   0.01966906
822.00   3.64868451   0.01974072
823.00   3.64807643   0.01981256
824.00   3.64746762   0.01988457
825.00   3.64685809   0.01995676
826.00   3.64624785   0.02002911
827.00   3.64563688   0.02010164
828.00   3.64502519   0.02017435
829.00   3.64441278   0.02024723
830.00   3.64379965   0.02032028
831.00   3.64318580   0.02039351
832.00   3.64257123   0.02046691
833.00   3.64195593   0.02054049
834.00   3.64133992   0.02061424
835.00   3.64072319   0.02068817
836.00   3.64010573   0.02076227
837.00   3.63948756   0.02083655
838.00   3.63886867   0.02091101
839.00   3.63824905   0.02098564
840.00   3.63762872   0.02106044
841.00   3.63700766   0.02113543
842.00   3.63638589   0.02121059
843.00   3.63576339   0.02128592
844.00   3.63514018   0.02136144
845.00   3.63451625   0.02143713
846.00   3.63389159   0.02151300
847.00   3.63326622   0.02158904
848.00   3.63264013   0.02166527
849.00   3.63201332   0.02174167
850.00   3.63138579   0.02181825
851.00   3.63075754   0.02189501
852.00   3.63012857   0.02197194
853.00   3.62949888   0.02204906
854.00   3.62886847   0.02212635
855.00   3.62823734   0.02220383
856.00   3.62760549   0.02228148
857.00   3.62697293   0.02235931
858.00   3.62633965   0.02243733
859.00   3.62570564   0.02251552
860.00   3.62507092   0.02259389
861.00   3.62443548   0.02267245
862.00   3.62379932   0.02275118
863.00   3.62316245   0.02283010
864.00   3.62252485   0.02290919
865.00   3.62188654   0.02298847
866.00   3.62124750   0.02306793
867.00   3.62060775   0.02314757
868.00   3.61996728   0.02322739
869.00   3.61932610   0.02330740
870.00   3.61868419   0.02338758
871.00   3.61804157   0.02346795
872.00   3.61739823   0.02354850
873.00   3.61675417   0.02362924
874.00   3.61610939   0.02371015
875.00   3.61546390   0.02379126
876.00   3.61481769   0.02387254
877.00   3.61417076   0.02395401
878.00   3.61352311   0.02403566
879.00   3.61287475   0.02411750
880.00   3.61222567   0.02419952
881.00   3.61157587   0.02428172
882.00   3.61092535   0.02436411
883.00   3.61027412   0.02444668
884.00   3.60962217   0.02452944
885.00   3.60896950   0.02461239
886.00   3.60831612   0.02469552
887.00   3.60766202   0.02477883
888.00   3.60700720   0.02486233
889.00   3.60635166   0.02494602
890.00   3.60569541   0.02502989
891.00   3.60503845   0.02511395
892.00   3.60438076   0.02519820
893.00   3.60372236   0.02528263
894.00   3.60306324   0.02536725
895.00   3.60240341   0.02545206
896.00   3.60174286   0.02553705
897.00   3.60108160   0.02562224
898.00   3.60041961   0.02570761
899.00   3.59975692   0.02579316
900.00   3.59909350   0.02587891
901.00   3.59842937   0.02596485
902.00   3.59776453   0.02605097
903.00   3.59709897   0.02613728
904.00   3.59643269   0.02622378
905.00   3.59576570   0.02631048
906.00   3.59509799   0.02639736
907.00   3.59442957   0.02648442
908.00   3.59376043   0.02657168
909.00   3.59309058   0.02665913
910.00   3.59242001   0.02674677
911.00   3.59174872   0.02683460
912.00   3.59107672   0.02692263
913.00   3.59040401   0.02701084
914.00   3.58973058   0.02709924
915.00   3.58905644   0.02718783
916.00   3.58838158   0.02727662
917.00   3.58770600   0.02736560
918.00   3.58702972   0.02745476
919.00   3.58635271   0.02754412
920.00   3.58567500   0.02763368
921.00   3.58499656   0.02772342
922.00   3.58431742   0.02781336
923.00   3.58363756   0.02790349
924.00   3.58295698   0.02799382
925.00   3.58227570   0.02808433
926.00   3.58159369   0.02817504
927.00   3.58091098   0.02826595
928.00   3.58022755   0.02835704
929.00   3.57954340   0.02844834
930.00   3.57885854   0.02853982
931.00   3.57817297   0.02863150
932.00   3.57748669   0.02872338
933.00   3.57679969   0.02881545
934.00   3.57611197   0.02890771
935.00   3.57542355   0.02900017
936.00   3.57473441   0.02909283
937.00   3.57404456   0.02918568
938.00   3.57335399   0.02927872
939.00   3.57266271   0.02937197
940.00   3.57197072   0.02946540
941.00   3.57127802   0.02955904
942.00   3.57058460   0.02965287
943.00   3.56989047   0.02974690
944.00   3.56919562   0.02984112
945.00   3.56850007   0.02993555
946.00   3.56780380   0.03003017
947.00   3.56710682   0.03012498
948.00   3.56640912   0.03022000
949.00   3.56571072   0.03031521
950.00   3.56501160   0.03041062
951.00   3.56431177   0.03050623
952.00   3.56361123   0.03060204
953.00   3.56290997   0.03069805
954.00   3.56220801   0.03079425
955.00   3.56150533   0.03089066
956.00   3.56080194   0.03098726
957.00   3.56009784   0.03108406
958.00   3.55939302   0.03118107
959.00   3.55868750   0.03127827
960.00   3.55798126   0.03137567
961.00   3.55727431   0.03147328
962.00   3.55656665   0.03157108
963.00   3.55585828   0.03166909
964.00   3.55514920   0.03176729
965.00   3.55443941   0.03186570
966.00   3.55372890   0.03196431
967.00   3.55301769   0.03206312
968.00   3.55230576   0.03216213
969.00   3.55159312   0.03226134
970.00   3.55087977   0.03236076
971.00   3.55016571   0.03246038
972.00   3.54945095   0.03256020
973.00   3.54873547   0.03266022
974.00   3.54801927   0.03276044
975.00   3.54730237   0.03286087
976.00   3.54658476   0.03296150
977.00   3.54586644   0.03306234
978.00   3.54514741   0.03316338
979.00   3.54442767   0.03326462
980.00   3.54370722   0.03336607
981.00   3.54298605   0.03346772
982.00   3.54226418   0.03356958
983.00   3.54154160   0.03367164
984.00   3.54081831   0.03377390
985.00   3.54009431   0.03387637
986.00   3.53936960   0.03397905
987.00   3.53864418   0.03408193
988.00   3.53791805   0.03418501
989.00   3.53719121   0.03428831
990.00   3.53646367   0.03439180
991.00   3.53573541   0.03449551
992.00   3.53500644   0.03459942
993.00   3.53427677   0.03470354
994.00   3.53354638   0.03480786
995.00   3.53281529   0.03491239
996.00   3.53208349   0.03501713
997.00   3.53135098   0.03512208
998.00   3.53061776   0.03522723
999.00   3.52988383   0.03533259
1000.00   3.52914920   0.03543816
1001.00   3.52841385   0.03554394
1002.00   3.52767780   0.03564992
1003.00   3.52694104   0.03575612
1004.00   3.52620357   0.03586252
1005.00   3.52546539   0.03596913
1006.00   3.52472651   0.03607595
1007.00   3.52398692   0.03618298
1008.00   3.52324662   0.03629022
1009.00   3.52250561   0.03639767
1010.00   3.52176389   0.03650533
1011.00   3.52102147   0.03661320
1012.00   3.52027834   0.03672128
1013.00   3.51953450   0.03682957
1014.00   3.51878995   0.03693807
1015.00   3.51804470   0.03704678
1016.00   3.51729874   0.03715571
1017.00   3.51655207   0.03726484
1018.00   3.51580469   0.03737419
1019.00   3.51505661   0.03748375
1020.00   3.51430782   0.03759351
1021.00   3.51355833   0.03770350
1022.00   3.51280813   0.03781369
1023.00   3.51205722   0.03792410
1024.00   3.51130560   0.03803472
1025.00   3.51055328   0.03814555
1026.00   3.50980025   0.03825659
1027.00   3.50904652   0.03836785
1028.00   3.50829208   0.03847932
1029.00   3.50753693   0.03859101
1030.00   3.50678108   0.03870291
1031.00   3.50602452   0.03881502
1032.00   3.50526725   0.03892735
1033.00   3.50450928   0.03903989
1034.00   3.50375061   0.03915264
1035.00   3.50299122   0.03926561
1036.00   3.50223114   0.03937880
1037.00   3.50147034   0.03949220
1038.00   3.50070884   0.03960582
1039.00   3.49994664   0.03971965
1040.00   3.49918373   0.03983370
1041.00   3.49842012   0.03994796
1042.00   3.49765580   0.04006244
1043.00   3.49689077   0.04017714
1044.00   3.49612504   0.04029205
1045.00   3.49535861   0.04040718
1046.00   3.49459147   0.04052253
1047.00   3.49382362   0.04063809
1048.00   3.49305508   0.04075387
1049.00   3.49228582   0.04086987
1050.00   3.49151586   0.04098608
1051.00   3.49074520   0.04110252
1052.00   3.48997384   0.04121917
1053.00   3.48920177   0.04133604
1054.00   3.48842899   0.04145313
1055.00   3.48765551   0.04157044
1056.00   3.48688133   0.04168796
1057.00   3.48610644   0.04180571
1058.00   3.48533085   0.04192367
1059.00   3.48455456   0.04204186
1060.00   3.48377756   0.04216026
1061.00   3.48299986   0.04227888
1062.00   3.48222145   0.04239773
1063.00   3.48144235   0.04251679
1064.00   3.48066253   0.04263608
1065.00   3.47988202   0.04275558
1066.00   3.47910080   0.04287531
1067.00   3.47831888   0.04299525
1068.00   3.47753626   0.04311542
1069.00   3.47675293   0.04323581
1070.00   3.47596890   0.04335642
1071.00   3.47518417   0.04347725
1072.00   3.47439873   0.04359831
1073.00   3.47361259   0.04371958
1074.00   3.47282575   0.04384108
1075.00   3.47203821   0.04396280
1076.00   3.47124997   0.04408475
1077.00   3.47046102   0.04420692
1078.00   3.46967137   0.04432931
1079.00   3.46888102   0.04445192
1080.00   3.46808997   0.04457476
1081.00   3.46729821   0.04469782
1082.00   3.46650576   0.04482110
1083.00   3.46571260   0.04494461
1084.00   3.46491874   0.04506834
1085.00   3.46412417   0.04519230
1086.00   3.46332891   0.04531648
1087.00   3.46253295   0.04544089
1088.00   3.46173628   0.04556552
1089.00   3.46093891   0.04569038
1090.00   3.46014085   0.04581546
1091.00   3.45934208   0.04594077
1092.00   3.45854261   0.04606630
1093.00   3.45774243   0.04619206
1094.00   3.45694156   0.04631805
1095.00   3.45613999   0.04644426
1096.00   3.45533772   0.04657070
1097.00   3.45453474   0.04669737
1098.00   3.45373107   0.04682426
1099.00   3.45292669   0.04695138
1100.00   3.45212162   0.04707873
1101.00   3.45131584   0.04720630
1102.00   3.45050937   0.04733411
1103.00   3.44970219   0.04746214
1104.00   3.44889432   0.04759039
1105.00   3.44808574   0.04771888
1106.00   3.44727647   0.04784760
1107.00   3.44646649   0.04797654
1108.00   3.44565582   0.04810571
1109.00   3.44484445   0.04823512
1110.00   3.44403237   0.04836475
1111.00   3.44321960   0.04849461
1112.00   3.44240613   0.04862470
1113.00   3.44159196   0.04875502
1114.00   3.44077709   0.04888557
1115.00   3.43996152   0.04901635
1116.00   3.43914525   0.04914736
1117.00   3.43832828   0.04927860
1118.00   3.43751062   0.04941007
1119.00   3.43669226   0.04954178
1120.00   3.43587319   0.04967371
1121.00   3.43505343   0.04980588
1122.00   3.43423297   0.04993827
1123.00   3.43341181   0.05007090
1124.00   3.43258996   0.05020376
1125.00   3.43176740   0.05033686
1126.00   3.43094415   0.05047018
1127.00   3.43012020   0.05060374
1128.00   3.42929555   0.05073753
1129.00   3.42847021   0.05087155
1130.00   3.42764416   0.05100581
1131.00   3.42681742   0.05114030
1132.00   3.42598999   0.05127502
1133.00   3.42516185   0.05140998
1134.00   3.42433302   0.05154517
1135.00   3.42350349   0.05168060
1136.00   3.42267326   0.05181626
1137.00   3.42184233   0.05195215
1138.00   3.42101071   0.05208828
1139.00   3.42017839   0.05222464
1140.00   3.41934538   0.05236124
1141.00   3.41851166   0.05249807
1142.00   3.41767726   0.05263514
1143.00   3.41684215   0.05277244
1144.00   3.41600635   0.05290998
1145.00   3.41516985   0.05304776
1146.00   3.41433266   0.05318577
1147.00   3.41349476   0.05332402
1148.00   3.41265618   0.05346250
1149.00   3.41181689   0.05360122
1150.00   3.41097692   0.05374018
1151.00   3.41013624   0.05387938
1152.00   3.40929487   0.05401881
1153.00   3.40845280   0.05415848
1154.00   3.40761004   0.05429839
1155.00   3.40676659   0.05443853
1156.00   3.40592243   0.05457892
1157.00   3.40507759   0.05471954
1158.00   3.40423204   0.05486040
1159.00   3.40338580   0.05500150
1160.00   3.40253887   0.05514283
1161.00   3.40169124   0.05528441
1162.00   3.40084292   0.05542622
1163.00   3.39999390   0.05556828
1164.00   3.39914419   0.05571057
1165.00   3.39829378   0.05585311
1166.00   3.39744268   0.05599588
1167.00   3.39659088   0.05613890
1168.00   3.39573839   0.05628215
1169.00   3.39488521   0.05642564
1170.00   3.39403133   0.05656938
1171.00   3.39317676   0.05671336
1172.00   3.39232149   0.05685757
1173.00   3.39146553   0.05700203
1174.00   3.39060888   0.05714673
1175.00   3.38975153   0.05729167
1176.00   3.38889349   0.05743686
1177.00   3.38803475   0.05758228
1178.00   3.38717532   0.05772795
1179.00   3.38631520   0.05787386
1180.00   3.38545439   0.05802001
1181.00   3.38459288   0.05816641
1182.00   3.38373068   0.05831305
1183.00   3.38286778   0.05845993
1184.00   3.38200420   0.05860705
1185.00   3.38113992   0.05875442
1186.00   3.38027494   0.05890203
1187.00   3.37940928   0.05904989
1188.00   3.37854292   0.05919799
1189.00   3.37767587   0.05934633
1190.00   3.37680813   0.05949492
1191.00   3.37593969   0.05964375
1192.00   3.37507056   0.05979283
1193.00   3.37420075   0.05994215
1194.00   3.37333023   0.06009172
1195.00   3.37245903   0.06024154
1196.00   3.37158714   0.06039159
1197.00   3.37071455   0.06054190
1198.00   3.36984127   0.06069245
1199.00   3.36896730   0.06084325
1200.00   3.36809264   0.06099429
1201.00   3.36721729   0.06114558
1202.00   3.36634125   0.06129712
1203.00   3.36546451   0.06144890
1204.00   3.36458709   0.06160093
1205.00   3.36370897   0.06175321
1206.00   3.36283016   0.06190573
1207.00   3.36195067   0.06205850
1208.00   3.36107048   0.06221152
1209.00   3.36018960   0.06236479
1210.00   3.35930803   0.06251831
1211.00   3.35842577   0.06267207
1212.00   3.35754282   0.06282609
1213.00   3.35665918   0.06298035
1214.00   3.35577485   0.06313486
1215.00   3.35488983   0.06328962
1216.00   3.35400411   0.06344463
1217.00   3.35311771   0.06359989
1218.00   3.35223062   0.06375540
1219.00   3.35134284   0.06391116
1220.00   3.35045437   0.06406717
1221.00   3.34956522   0.06422343
1222.00   3.34867537   0.06437994
1223.00   3.34778483   0.06453670
1224.00   3.34689360   0.06469371
1225.00   3.34600169   0.06485097
1226.00   3.34510908   0.06500848
1227.00   3.34421579   0.06516625
1228.00   3.34332181   0.06532426
1229.00   3.34242713   0.06548253
1230.00   3.34153177   0.06564105
1231.00   3.34063573   0.06579982
1232.00   3.33973899   0.06595884
1233.00   3.33884156   0.06611812
1234.00   3.33794345   0.06627765
1235.00   3.33704465   0.06643743
1236.00   3.33614516   0.06659747
1237.00   3.33524498   0.06675776
1238.00   3.33434412   0.06691830
1239.00   3.33344256   0.06707909
1240.00   3.33254032   0.06724014
1241.00   3.33163739   0.06740145
1242.00   3.33073378   0.06756300
1243.00   3.32982947   0.06772481
1244.00   3.32892448   0.06788688
1245.00   3.32801881   0.06804920
1246.00   3.32711244   0.06821178
1247.00   3.32620539   0.06837461
1248.00   3.32529765   0.06853769
1249.00   3.32438923   0.06870104
1250.00   3.32348011   0.06886463
1251.00   3.32257031   0.06902849
1252.00   3.32165983   0.06919260
1253.00   3.32074866   0.06935696
1254.00   3.31983680   0.06952158
1255.00   3.31892425   0.06968646
1256.00   3.31801102   0.06985160
1257.00   3.31709711   0.07001699
1258.00   3.31618250   0.07018264
1259.00   3.31526721   0.07034854
1260.00   3.31435124   0.07051471
1261.00   3.31343458   0.07068113
1262.00   3.31251724   0.07084781
1263.00   3.31159920   0.07101475
1264.00   3.31068049   0.07118194
1265.00   3.30976109   0.07134940
1266.00   3.30884100   0.07151711
1267.00   3.30792023   0.07168508
1268.00   3.30699877   0.07185331
1269.00   3.30607663   0.07202180
1270.00   3.30515380   0.07219055
1271.00   3.30423029   0.07235956
1272.00   3.30330609   0.07252883
1273.00   3.30238121   0.07269835
1274.00   3.30145565   0.07286814
1275.00   3.30052940   0.07303819
1276.00   3.29960247   0.07320850
1277.00   3.29867485   0.07337907
1278.00   3.29774655   0.07354990
1279.00   3.29681756   0.07372099
1280.00   3.29588789   0.07389234
1281.00   3.29495754   0.07406396
1282.00   3.29402650   0.07423583
1283.00   3.29309478   0.07440797
1284.00   3.29216238   0.07458037
1285.00   3.29122929   0.07475303
1286.00   3.29029552   0.07492595
1287.00   3.28936107   0.07509914
1288.00   3.28842593   0.07527259
1289.00   3.28749011   0.07544630
1290.00   3.28655361   0.07562028
1291.00   3.28561643   0.07579451
1292.00   3.28467856   0.07596902
1293.00   3.28374001   0.07614378
1294.00   3.28280078   0.07631881
1295.00   3.28186086   0.07649410
1296.00   3.28092026   0.07666966
1297.00   3.27997898   0.07684548
1298.00   3.27903702   0.07702156
1299.00   3.27809438   0.07719791
1300.00   3.27715105   0.07737453
1301.00   3.27620705   0.07755141
1302.00   3.27526236   0.07772855
1303.00   3.27431699   0.07790597
1304.00   3.27337094   0.07808364
1305.00   3.27242420   0.07826158
1306.00   3.27147679   0.07843979
1307.00   3.27052869   0.07861827
1308.00   3.26957992   0.07879701
1309.00   3.26863046   0.07897601
1310.00   3.26768032   0.07915529
1311.00   3.26672950   0.07933483
1312.00   3.26577800   0.07951464
1313.00   3.26482582   0.07969471
1314.00   3.26387296   0.07987505
1315.00   3.26291942   0.08005566
1316.00   3.26196520   0.08023654
1317.00   3.26101029   0.08041769
1318.00   3.26005471   0.08059910
1319.00   3.25909845   0.08078078
1320.00   3.25814151   0.08096273
1321.00   3.25718389   0.08114495
1322.00   3.25622558   0.08132744
1323.00   3.25526660   0.08151020
1324.00   3.25430694   0.08169322
1325.00   3.25334660   0.08187652
1326.00   3.25238558   0.08206009
1327.00   3.25142389   0.08224392
1328.00   3.25046151   0.08242803
1329.00   3.24949845   0.08261240
1330.00   3.24853472   0.08279705
1331.00   3.24757030   0.08298196
1332.00   3.24660521   0.08316715
1333.00   3.24563944   0.08335261
1334.00   3.24467299   0.08353834
1335.00   3.24370586   0.08372434
1336.00   3.24273806   0.08391061
1337.00   3.24176957   0.08409715
1338.00   3.24080041   0.08428397
1339.00   3.23983057   0.08447106
1340.00   3.23886005   0.08465841
1341.00   3.23788885   0.08484605
1342.00   3.23691698   0.08503395
1343.00   3.23594443   0.08522213
1344.00   3.23497120   0.08541058
1345.00   3.23399729   0.08559930
1346.00   3.23302271   0.08578830
1347.00   3.23204745   0.08597757
1348.00   3.23107151   0.08616711
1349.00   3.23009490   0.08635692
1350.00   3.22911761   0.08654702
1351.00   3.22813964   0.08673738
1352.00   3.22716099   0.08692802
1353.00   3.22618167   0.08711893
1354.00   3.22520167   0.08731012
1355.00   3.22422100   0.08750159
1356.00   3.22323965   0.08769332
1357.00   3.22225762   0.08788534
1358.00   3.22127492   0.08807763
1359.00   3.22029154   0.08827019
1360.00   3.21930749   0.08846303
1361.00   3.21832276   0.08865615
1362.00   3.21733735   0.08884954
1363.00   3.21635127   0.08904321
1364.00   3.21536451   0.08923715
1365.00   3.21437708   0.08943138
1366.00   3.21338897   0.08962587
1367.00   3.21240019   0.08982065
1368.00   3.21141073   0.09001570
1369.00   3.21042060   0.09021103
1370.00   3.20942979   0.09040664
1371.00   3.20843831   0.09060253
1372.00   3.20744616   0.09079869
1373.00   3.20645332   0.09099513
1374.00   3.20545982   0.09119185
1375.00   3.20446564   0.09138885
1376.00   3.20347079   0.09158613
1377.00   3.20247526   0.09178369
1378.00   3.20147906   0.09198152
1379.00   3.20048218   0.09217963
1380.00   3.19948463   0.09237803
1381.00   3.19848641   0.09257670
1382.00   3.19748751   0.09277565
1383.00   3.19648794   0.09297489
1384.00   3.19548770   0.09317440
1385.00   3.19448678   0.09337419
1386.00   3.19348519   0.09357427
1387.00   3.19248293   0.09377462
1388.00   3.19147999   0.09397526
1389.00   3.19047638   0.09417617
1390.00   3.18947210   0.09437737
1391.00   3.18846715   0.09457885
1392.00   3.18746152   0.09478061
1393.00   3.18645522   0.09498265
1394.00   3.18544825   0.09518497
1395.00   3.18444061   0.09538758
1396.00   3.18343229   0.09559047
1397.00   3.18242330   0.09579364
1398.00   3.18141364   0.09599709
1399.00   3.18040331   0.09620083
1400.00   3.17939231   0.09640485
1401.00   3.17838064   0.09660915
1402.00   3.17736829   0.09681373
1403.00   3.17635527   0.09701860
1404.00   3.17534158   0.09722375
1405.00   3.17432722   0.09742919
1406.00   3.17331219   0.09763491
1407.00   3.17229649   0.09784091
1408.00   3.17128012   0.09804720
1409.00   3.17026307   0.09825378
1410.00   3.16924536   0.09846063
1411.00   3.16822698   0.09866778
1412.00   3.16720792   0.09887520
1413.00   3.16618820   0.09908292
1414.00   3.16516780   0.09929092
1415.00   3.16414673   0.09949920
1416.00   3.16312500   0.09970777
1417.00   3.16210259   0.09991663
1418.00   3.16107952   0.10012577
1419.00   3.16005577   0.10033520
1420.00   3.15903136   0.10054491
1421.00   3.15800627   0.10075492
1422.00   3.15698052   0.10096520
1423.00   3.15595410   0.10117578
1424.00   3.15492701   0.10138664
1425.00   3.15389925   0.10159779
1426.00   3.15287082   0.10180923
1427.00   3.15184172   0.10202096
1428.00   3.15081195   0.10223297
1429.00   3.14978151   0.10244527
1430.00   3.14875041   0.10265786
1431.00   3.14771864   0.10287074
1432.00   3.14668620   0.10308391
1433.00   3.14565309   0.10329736
1434.00   3.14461931   0.10351111
1435.00   3.14358486   0.10372514
1436.00   3.14254975   0.10393947
1437.00   3.14151397   0.10415408
1438.00   3.14047752   0.10436898
1439.00   3.13944041   0.10458418
1440.00   3.13840262   0.10479966
1441.00   3.13736417   0.10501543
1442.00   3.13632505   0.10523149
1443.00   3.13528527   0.10544785
1444.00   3.13424482   0.10566449
1445.00   3.13320370   0.10588143
1446.00   3.13216191   0.10609866
1447.00   3.13111946   0.10631617
1448.00   3.13007634   0.10653398
1449.00   3.12903255   0.10675208
1450.00   3.12798810   0.10697048
1451.00   3.12694298   0.10718916
1452.00   3.12589720   0.10740814
1453.00   3.12485075   0.10762741
1454.00   3.12380363   0.10784697
1455.00   3.12275585   0.10806682
1456.00   3.12170740   0.10828697
1457.00   3.12065829   0.10850741
1458.00   3.11960851   0.10872815
1459.00   3.11855807   0.10894917
1460.00   3.11750696   0.10917049
1461.00   3.11645518   0.10939211
1462.00   3.11540274   0.10961402
1463.00   3.11434964   0.10983622
1464.00   3.11329587   0.11005872
1465.00   3.11224143   0.11028151
1466.00   3.11118633   0.11050459
1467.00   3.11013057   0.11072797
1468.00   3.10907414   0.11095165
1469.00   3.10801705   0.11117562
1470.00   3.10695929   0.11139989
1471.00   3.10590087   0.11162445
1472.00   3.10484179   0.11184931
1473.00   3.10378204   0.11207446
1474.00   3.10272163   0.11229991
1475.00   3.10166055   0.11252565
1476.00   3.10059881   0.11275169
1477.00   3.09953641   0.11297803
1478.00   3.09847335   0.11320467
1479.00   3.09740962   0.11343160
1480.00   3.09634522   0.11365883
1481.00   3.09528017   0.11388636
1482.00   3.09421445   0.11411418
1483.00   3.09314807   0.11434230
1484.00   3.09208103   0.11457072
1485.00   3.09101332   0.11479944
1486.00   3.08994495   0.11502845
1487.00   3.08887592   0.11525777
1488.00   3.08780623   0.11548738
1489.00   3.08673587   0.11571729
1490.00   3.08566486   0.11594750
1491.00   3.08459318   0.11617801
1492.00   3.08352084   0.11640881
1493.00   3.08244784   0.11663992
1494.00   3.08137417   0.11687133
1495.00   3.08029985   0.11710303
1496.00   3.07922486   0.11733504
1497.00   3.07814921   0.11756734
1498.00   3.07707290   0.11779995
1499.00   3.07599593   0.11803286
1500.00   3.07491830   0.11826606
1501.00   3.07384001   0.11849957
1502.00   3.07276106   0.11873338
1503.00   3.07168145   0.11896749
1504.00   3.07060117   0.11920190
1505.00   3.06952024   0.11943662
1506.00   3.06843865   0.11967163
1507.00   3.06735639   0.11990695
1508.00   3.06627348   0.12014256
1509.00   3.06518990   0.12037848
1510.00   3.06410567   0.12061471
1511.00   3.06302078   0.12085123
1512.00   3.06193523   0.12108806
1513.00   3.06084901   0.12132519
1514.00   3.05976214   0.12156262
1515.00   3.05867461   0.12180036
1516.00   3.05758642   0.12203840
1517.00   3.05649757   0.12227674
1518.00   3.05540807   0.12251539
1519.00   3.05431790   0.12275434
1520.00   3.05322707   0.12299359
1521.00   3.05213559   0.12323315
1522.00   3.05104345   0.12347301
1523.00   3.04995065   0.12371318
1524.00   3.04885719   0.12395365
1525.00   3.04776307   0.12419443
1526.00   3.04666830   0.12443551
1527.00   3.04557287   0.12467690
1528.00   3.04447678   0.12491860
1529.00   3.04338003   0.12516059
1530.00   3.04228262   0.12540290
1531.00   3.04118456   0.12564551
1532.00   3.04008584   0.12588842
1533.00   3.03898646   0.12613165
1534.00   3.03788643   0.12637518
1535.00   3.03678574   0.12661901
1536.00   3.03568439   0.12686315
1537.00   3.03458238   0.12710760
1538.00   3.03347972   0.12735236
1539.00   3.03237641   0.12759742
1540.00   3.03127243   0.12784280
1541.00   3.03016780   0.12808847
1542.00   3.02906251   0.12833446
1543.00   3.02795657   0.12858076
1544.00   3.02684997   0.12882736
1545.00   3.02574272   0.12907427
1546.00   3.02463481   0.12932149
1547.00   3.02352624   0.12956902
1548.00   3.02241702   0.12981685
1549.00   3.02130714   0.13006500
1550.00   3.02019661   0.13031346
1551.00   3.01908542   0.13056222
1552.00   3.01797358   0.13081129
1553.00   3.01686109   0.13106068
1554.00   3.01574793   0.13131037
1555.00   3.01463413   0.13156038
1556.00   3.01351967   0.13181069
1557.00   3.01240455   0.13206131
1558.00   3.01128878   0.13231225
1559.00   3.01017236   0.13256349
1560.00   3.00905528   0.13281505
1561.00   3.00793755   0.13306692
1562.00   3.00681916   0.13331910
1563.00   3.00570012   0.13357159
1564.00   3.00458043   0.13382439
1565.00   3.00346008   0.13407750
1566.00   3.00233908   0.13433093
1567.00   3.00121742   0.13458466
1568.00   3.00009512   0.13483871
1569.00   2.99897216   0.13509308
1570.00   2.99784854   0.13534775
1571.00   2.99672428   0.13560274
1572.00   2.99559936   0.13585804
1573.00   2.99447379   0.13611365
1574.00   2.99334756   0.13636958
1575.00   2.99222069   0.13662582
1576.00   2.99109316   0.13688237
1577.00   2.98996498   0.13713924
1578.00   2.98883615   0.13739642
1579.00   2.98770666   0.13765391
1580.00   2.98657653   0.13791172
1581.00   2.98544574   0.13816985
1582.00   2.98431430   0.13842829
1583.00   2.98318221   0.13868704
1584.00   2.98204946   0.13894611
1585.00   2.98091607   0.13920549
1586.00   2.97978203   0.13946519
1587.00   2.97864733   0.13972521
1588.00   2.97751198   0.13998554
1589.00   2.97637599   0.14024618
1590.00   2.97523934   0.14050714
1591.00   2.97410204   0.14076842
1592.00   2.97296409   0.14103002
1593.00   2.97182549   0.14129193
1594.00   2.97068624   0.14155415
1595.00   2.96954634   0.14181670
1596.00   2.96840579   0.14207956
1597.00   2.96726459   0.14234274
1598.00   2.96612274   0.14260623
1599.00   2.96498024   0.14287005
1600.00   2.96383710   0.14313418
1601.00   2.96269330   0.14339863
1602.00   2.96154885   0.14366339
1603.00   2.96040376   0.14392848
1604.00   2.95925801   0.14419388
1605.00   2.95811162   0.14445960
1606.00   2.95696457   0.14472564
1607.00   2.95581688   0.14499200
1608.00   2.95466854   0.14525868
1609.00   2.95351955   0.14552568
1610.00   2.95236992   0.14579299
1611.00   2.95121963   0.14606063
1612.00   2.95006870   0.14632858
1613.00   2.94891712   0.14659686
1614.00   2.94776489   0.14686545
1615.00   2.94661201   0.14713437
1616.00   2.94545849   0.14740361
1617.00   2.94430432   0.14767316
1618.00   2.94314950   0.14794304
1619.00   2.94199403   0.14821324
1620.00   2.94083792   0.14848376
1621.00   2.93968116   0.14875460
1622.00   2.93852375   0.14902576
1623.00   2.93736570   0.14929724
1624.00   2.93620700   0.14956905
1625.00   2.93504765   0.14984117
1626.00   2.93388765   0.15011362
1627.00   2.93272701   0.15038639
1628.00   2.93156573   0.15065949
1629.00   2.93040380   0.15093290
1630.00   2.92924122   0.15120664
1631.00   2.92807799   0.15148070
1632.00   2.92691412   0.15175509
1633.00   2.92574961   0.15202979
1634.00   2.92458445   0.15230483
1635.00   2.92341864   0.15258018
1636.00   2.92225219   0.15285586
1637.00   2.92108509   0.15313186
1638.00   2.91991735   0.15340819
1639.00   2.91874896   0.15368484
1640.00   2.91757993   0.15396181
1641.00   2.91641026   0.15423911
1642.00   2.91523994   0.15451673
1643.00   2.91406897   0.15479468
1644.00   2.91289736   0.15507295
1645.00   2.91172511   0.15535155
1646.00   2.91055221   0.15563048
1647.00   2.90937867   0.15590973
1648.00   2.90820448   0.15618930
1649.00   2.90702966   0.15646920
1650.00   2.90585418   0.15674943
1651.00   2.90467807   0.15702998
1652.00   2.90350131   0.15731086
1653.00   2.90232391   0.15759207
1654.00   2.90114586   0.15787360
1655.00   2.89996717   0.15815546
1656.00   2.89878784   0.15843765
1657.00   2.89760787   0.15872016
1658.00   2.89642725   0.15900300
1659.00   2.89524599   0.15928617
1660.00   2.89406409   0.15956967
1661.00   2.89288154   0.15985349
1662.00   2.89169836   0.16013764
1663.00   2.89051453   0.16042212
1664.00   2.88933006   0.16070693
1665.00   2.88814495   0.16099207
1666.00   2.88695919   0.16127753
1667.00   2.88577280   0.16156333
1668.00   2.88458576   0.16184945
1669.00   2.88339808   0.16213590
1670.00   2.88220977   0.16242268
1671.00   2.88102081   0.16270980
1672.00   2.87983121   0.16299724
1673.00   2.87864096   0.16328501
1674.00   2.87745008   0.16357311
1675.00   2.87625856   0.16386154
1676.00   2.87506639   0.16415030
1677.00   2.87387359   0.16443939
1678.00   2.87268015   0.16472881
1679.00   2.87148606   0.16501857
1680.00   2.87029134   0.16530865
1681.00   2.86909598   0.16559907
1682.00   2.86789997   0.16588981
1683.00   2.86670333   0.16618089
1684.00   2.86550605   0.16647230
1685.00   2.86430812   0.16676404
1686.00   2.86310956   0.16705611
1687.00   2.86191036   0.16734852
1688.00   2.86071052   0.16764126
1689.00   2.85951004   0.16793433
1690.00   2.85830893   0.16822773
1691.00   2.85710717   0.16852146
1692.00   2.85590478   0.16881553
1693.00   2.85470174   0.16910993
1694.00   2.85349807   0.16940467
1695.00   2.85229377   0.16969974
1696.00   2.85108882   0.16999514
1697.00   2.84988323   0.17029087
1698.00   2.84867701   0.17058694
1699.00   2.84747015   0.17088334
1700.00   2.84626265   0.17118008
1701.00   2.84505452   0.17147715
1702.00   2.84384574   0.17177456
1703.00   2.84263634   0.17207230
1704.00   2.84142629   0.17237038
1705.00   2.84021560   0.17266879
1706.00   2.83900428   0.17296753
1707.00   2.83779233   0.17326661
1708.00   2.83657973   0.17356603
1709.00   2.83536650   0.17386578
1710.00   2.83415264   0.17416587
1711.00   2.83293813   0.17446630
1712.00   2.83172300   0.17476706
1713.00   2.83050722   0.17506815
1714.00   2.82929081   0.17536959
1715.00   2.82807376   0.17567136
1716.00   2.82685608   0.17597346
1717.00   2.82563777   0.17627591
1718.00   2.82441881   0.17657869
1719.00   2.82319923   0.17688181
1720.00   2.82197900   0.17718526
1721.00   2.82075815   0.17748906
1722.00   2.81953665   0.17779319
1723.00   2.81831453   0.17809766
1724.00   2.81709176   0.17840247
1725.00   2.81586837   0.17870761
1726.00   2.81464434   0.17901310
1727.00   2.81341967   0.17931892
1728.00   2.81219437   0.17962508
1729.00   2.81096844   0.17993158
1730.00   2.80974187   0.18023842
1731.00   2.80851467   0.18054560
1732.00   2.80728684   0.18085312
1733.00   2.80605837   0.18116097
1734.00   2.80482927   0.18146917
1735.00   2.80359954   0.18177771
1736.00   2.80236917   0.18208659
1737.00   2.80113817   0.18239580
1738.00   2.79990654   0.18270536
1739.00   2.79867427   0.18301526
1740.00   2.79744137   0.18332550
1741.00   2.79620784   0.18363608
1742.00   2.79497368   0.18394700
1743.00   2.79373888   0.18425826
1744.00   2.79250346   0.18456986
1745.00   2.79126740   0.18488181
1746.00   2.79003071   0.18519410
1747.00   2.78879338   0.18550672
1748.00   2.78755543   0.18581970
1749.00   2.78631684   0.18613301
1750.00   2.78507762   0.18644666
1751.00   2.78383778   0.18676066
1752.00   2.78259730   0.18707500
1753.00   2.78135619   0.18738968
1754.00   2.78011444   0.18770471
1755.00   2.77887207   0.18802008
1756.00   2.77762907   0.18833579
1757.00   2.77638544   0.18865184
1758.00   2.77514117   0.18896824
1759.00   2.77389628   0.18928499
1760.00   2.77265075   0.18960207
1761.00   2.77140460   0.18991950
1762.00   2.77015782   0.19023728
1763.00   2.76891040   0.19055540
1764.00   2.76766236   0.19087386
1765.00   2.76641369   0.19119267
1766.00   2.76516438   0.19151182
1767.00   2.76391445   0.19183132
1768.00   2.76266389   0.19215116
1769.00   2.76141270   0.19247135
1770.00   2.76016089   0.19279189
1771.00   2.75890844   0.19311277
1772.00   2.75765536   0.19343399
1773.00   2.75640166   0.19375557
1774.00   2.75514733   0.19407748
1775.00   2.75389237   0.19439975
1776.00   2.75263678   0.19472236
1777.00   2.75138056   0.19504532
1778.00   2.75012372   0.19536862
1779.00   2.74886624   0.19569227
1780.00   2.74760814   0.19601627
1781.00   2.74634942   0.19634061
1782.00   2.74509006   0.19666531
1783.00   2.74383008   0.19699035
1784.00   2.74256947   0.19731573
1785.00   2.74130824   0.19764147
1786.00   2.74004637   0.19796755
1787.00   2.73878389   0.19829398
1788.00   2.73752077   0.19862077
1789.00   2.73625703   0.19894789
1790.00   2.73499266   0.19927537
1791.00   2.73372766   0.19960320
1792.00   2.73246204   0.19993137
1793.00   2.73119580   0.20025990
1794.00   2.72992892   0.20058877
1795.00   2.72866143   0.20091799
1796.00   2.72739330   0.20124757
1797.00   2.72612455   0.20157749
1798.00   2.72485518   0.20190776
1799.00   2.72358518   0.20223838
1800.00   2.72231455   0.20256936
1801.00   2.72104330   0.20290068
1802.00   2.71977143   0.20323235
1803.00   2.71849893   0.20356438
1804.00   2.71722581   0.20389675
1805.00   2.71595206   0.20422948
1806.00   2.71467769   0.20456256
1807.00   2.71340269   0.20489598
1808.00   2.71212707   0.20522976
1809.00   2.71085083   0.20556390
1810.00   2.70957396   0.20589838
1811.00   2.70829647   0.20623321
1812.00   2.70701835   0.20656840
1813.00   2.70573961   0.20690394
1814.00   2.70446025   0.20723983
1815.00   2.70318026   0.20757608
1816.00   2.70189966   0.20791268
1817.00   2.70061843   0.20824963
1818.00   2.69933657   0.20858693
1819.00   2.69805410   0.20892459
1820.00   2.69677100   0.20926260
1821.00   2.69548728   0.20960096
1822.00   2.69420293   0.20993968
1823.00   2.69291797   0.21027875
1824.00   2.69163238   0.21061818
1825.00   2.69034617   0.21095796
1826.00   2.68905934   0.21129809
1827.00   2.68777189   0.21163858
1828.00   2.68648381   0.21197942
1829.00   2.68519512   0.21232062
1830.00   2.68390580   0.21266217
1831.00   2.68261586   0.21300408
1832.00   2.68132530   0.21334634
1833.00   2.68003412   0.21368896
1834.00   2.67874232   0.21403193
1835.00   2.67744990   0.21437526
1836.00   2.67615686   0.21471895
1837.00   2.67486320   0.21506299
1838.00   2.67356892   0.21540739
1839.00   2.67227402   0.21575214
1840.00   2.67097850   0.21609725
1841.00   2.66968236   0.21644272
1842.00   2.66838559   0.21678854
1843.00   2.66708821   0.21713472
1844.00   2.66579021   0.21748126
1845.00   2.66449160   0.21782815
1846.00   2.66319236   0.21817540
1847.00   2.66189250   0.21852301
1848.00   2.66059202   0.21887098
1849.00   2.65929093   0.21921931
1850.00   2.65798922   0.21956799
1851.00   2.65668688   0.21991703
1852.00   2.65538393   0.22026643
1853.00   2.65408037   0.22061619
1854.00   2.65277618   0.22096631
1855.00   2.65147137   0.22131678
1856.00   2.65016595   0.22166762
1857.00   2.64885991   0.22201881
1858.00   2.64755325   0.22237037
1859.00   2.64624598   0.22272228
1860.00   2.64493809   0.22307455
1861.00   2.64362958   0.22342718
1862.00   2.64232045   0.22378018
1863.00   2.64101071   0.22413353
1864.00   2.63970035   0.22448724
1865.00   2.63838937   0.22484131
1866.00   2.63707778   0.22519574
1867.00   2.63576557   0.22555054
1868.00   2.63445274   0.22590569
1869.00   2.63313930   0.22626121
1870.00   2.63182524   0.22661708
1871.00   2.63051057   0.22697332
1872.00   2.62919528   0.22732992
1873.00   2.62787937   0.22768688
1874.00   2.62656285   0.22804420
1875.00   2.62524571   0.22840189
1876.00   2.62392796   0.22875993
1877.00   2.62260960   0.22911834
1878.00   2.62129061   0.22947711
1879.00   2.61997102   0.22983624
1880.00   2.61865081   0.23019574
1881.00   2.61732998   0.23055560
1882.00   2.61600854   0.23091582
1883.00   2.61468649   0.23127640
1884.00   2.61336382   0.23163735
1885.00   2.61204054   0.23199866
1886.00   2.61071664   0.23236034
1887.00   2.60939213   0.23272238
1888.00   2.60806700   0.23308478
1889.00   2.60674127   0.23344755
1890.00   2.60541492   0.23381068
1891.00   2.60408795   0.23417417
1892.00   2.60276038   0.23453803
1893.00   2.60143219   0.23490225
1894.00   2.60010338   0.23526684
1895.00   2.59877397   0.23563179
1896.00   2.59744394   0.23599711
1897.00   2.59611330   0.23636280
1898.00   2.59478205   0.23672885
1899.00   2.59345018   0.23709526
1900.00   2.59211770   0.23746204
1901.00   2.59078461   0.23782919
1902.00   2.58945091   0.23819670
1903.00   2.58811660   0.23856458
1904.00   2.58678168   0.23893282
1905.00   2.58544614   0.23930143
1906.00   2.58410999   0.23967041
1907.00   2.58277324   0.24003975
1908.00   2.58143587   0.24040947
1909.00   2.58009789   0.24077954
1910.00   2.57875930   0.24114999
1911.00   2.57742010   0.24152080
1912.00   2.57608028   0.24189198
1913.00   2.57473986   0.24226353
1914.00   2.57339883   0.24263544
1915.00   2.57205719   0.24300773
1916.00   2.57071494   0.24338038
1917.00   2.56937207   0.24375340
1918.00   2.56802860   0.24412679
1919.00   2.56668452   0.24450054
1920.00   2.56533983   0.24487467
1921.00   2.56399453   0.24524916
1922.00   2.56264862   0.24562403
1923.00   2.56130210   0.24599926
1924.00   2.55995498   0.24637486
1925.00   2.55860724   0.24675083
1926.00   2.55725890   0.24712717
1927.00   2.55590995   0.24750388
1928.00   2.55456038   0.24788096
1929.00   2.55321022   0.24825841
1930.00   2.55185944   0.24863623
1931.00   2.55050805   0.24901442
1932.00   2.54915606   0.24939299
1933.00   2.54780346   0.24977192
1934.00   2.54645025   0.25015122
1935.00   2.54509644   0.25053089
1936.00   2.54374201   0.25091094
1937.00   2.54238698   0.25129135
1938.00   2.54103135   0.25167214
1939.00   2.53967510   0.25205330
1940.00   2.53831825   0.25243483
1941.00   2.53696080   0.25281673
1942.00   2.53560273   0.25319901
1943.00   2.53424406   0.25358165
1944.00   2.53288479   0.25396467
1945.00   2.53152491   0.25434806
1946.00   2.53016442   0.25473183
1947.00   2.52880332   0.25511596
1948.00   2.52744162   0.25550047
1949.00   2.52607932   0.25588536
1950.00   2.52471641   0.25627061
1951.00   2.52335289   0.25665624
1952.00   2.52198877   0.25704224
1953.00   2.52062405   0.25742862
1954.00   2.51925872   0.25781537
1955.00   2.51789278   0.25820249
1956.00   2.51652624   0.25858999
1957.00   2.51515910   0.25897786
1958.00   2.51379135   0.25936611
1959.00   2.51242300   0.25975473
1960.00   2.51105404   0.26014372
1961.00   2.50968448   0.26053309
1962.00   2.50831432   0.26092284
1963.00   2.50694355   0.26131296
1964.00   2.50557218   0.26170346
1965.00   2.50420020   0.26209433
1966.00   2.50282762   0.26248557
1967.00   2.50145444   0.26287719
1968.00   2.50008066   0.26326919
1969.00   2.49870627   0.26366157
1970.00   2.49733128   0.26405432
1971.00   2.49595569   0.26444744
1972.00   2.49457950   0.26484095
1973.00   2.49320270   0.26523482
1974.00   2.49182530   0.26562908
1975.00   2.49044730   0.26602371
1976.00   2.48906870   0.26641872
1977.00   2.48768949   0.26681411
1978.00   2.48630969   0.26720987
1979.00   2.48492928   0.26760602
1980.00   2.48354827   0.26800254
1981.00   2.48216666   0.26839943
1982.00   2.48078445   0.26879671
1983.00   2.47940164   0.26919436
1984.00   2.47801822   0.26959239
1985.00   2.47663421   0.26999080
1986.00   2.47524960   0.27038959
1987.00   2.47386438   0.27078876
1988.00   2.47247857   0.27118830
1989.00   2.47109215   0.27158823
1990.00   2.46970514   0.27198853
1991.00   2.46831752   0.27238921
1992.00   2.46692931   0.27279027
1993.00   2.46554050   0.27319171
1994.00   2.46415108   0.27359354
1995.00   2.46276107   0.27399574
1996.00   2.46137046   0.27439832
1997.00   2.45997925   0.27480128
1998.00   2.45858744   0.27520462
1999.00   2.45719503   0.27560834
2000.00   2.45580203   0.27601244
