wavelength(nm)         real         imag
200.00   3.63019684   0.00515643
201.00   3.62749307   0.00523414
202.00   3.62477582   0.00531263
203.00   3.62204511   0.00539191
204.00   3.61930094   0.00547196
205.00   3.61654330   0.00555281
206.00   3.61377220   0.00563444
207.00   3.61098763   0.00571688
208.00   3.60818960   0.00580011
209.00   3.60537811   0.00588414
210.00   3.60255315   0.00596899
211.00   3.59971473   0.00605464
212.00   3.59686285   0.00614111
213.00   3.59399751   0.00622840
214.00   3.59111871   0.00631651
215.00   3.58822644   0.00640545
216.00   3.58532072   0.00649522
217.00   3.58240153   0.00658582
218.00   3.57946888   0.00667727
219.00   3.57652278   0.00676955
220.00   3.57356321   0.00686268
221.00   3.57059019   0.00695666
222.00   3.56760370   0.00705149
223.00   3.56460376   0.00714718
224.00   3.56159036   0.00724374
225.00   3.55856350   0.00734116
226.00   3.55552318   0.00743944
227.00   3.55246940   0.00753860
228.00   3.54940217   0.00763864
229.00   3.54632148   0.00773956
230.00   3.54322734   0.00784136
231.00   3.54011974   0.00794405
232.00   3.53699868   0.00804763
233.00   3.53386417   0.00815211
234.00   3.53071620   0.00825749
235.00   3.52755478   0.00836377
236.00   3.52437990   0.00847096
237.00   3.52119157   0.00857906
238.00   3.51798979   0.00868808
239.00   3.51477455   0.00879802
240.00   3.51154586   0.00890888
241.00   3.50830372   0.00902066
242.00   3.50504813   0.00913338
243.00   3.50177908   0.00924703
244.00   3.49849658   0.00936162
245.00   3.49520063   0.00947715
246.00   3.49189123   0.00959363
247.00   3.48856838   0.00971106
248.00   3.48523208   0.00982944
249.00   3.48188233   0.00994878
250.00   3.47851913   0.01006908
251.00   3.47514249   0.01019035
252.00   3.47175239   0.01031258
253.00   3.46834885   0.01043579
254.00   3.46493185   0.01055998
255.00   3.46150141   0.01068514
256.00   3.45805753   0.01081129
257.00   3.45460019   0.01093843
258.00   3.45112941   0.01106656
259.00   3.44764519   0.01119569
260.00   3.44414751   0.01132582
261.00   3.44063640   0.01145695
262.00   3.43711183   0.01158909
263.00   3.43357383   0.01172224
264.00   3.43002238   0.01185641
265.00   3.42645748   0.01199159
266.00   3.42287915   0.01212780
267.00   3.41928737   0.01226503
268.00   3.41568215   0.01240330
269.00   3.41206348   0.01254260
270.00   3.40843138   0.01268294
271.00   3.40478583   0.01282432
272.00   3.40112684   0.01296675
273.00   3.39745441   0.01311022
274.00   3.39376854   0.01325475
275.00   3.39006923   0.01340034
276.00   3.38635649   0.01354699
277.00   3.38263030   0.01369471
278.00   3.37889067   0.01384349
279.00   3.37513761   0.01399335
280.00   3.37137111   0.01414428
281.00   3.36759117   0.01429629
282.00   3.36379780   0.01444939
283.00   3.35999099   0.01460358
284.00   3.35617074   0.01475886
285.00   3.35233706   0.01491524
286.00   3.34848994   0.01507271
287.00   3.34462939   0.01523129
288.00   3.34075540   0.01539098
289.00   3.33686798   0.01555178
290.00   3.33296713   0.01571369
291.00   3.32905284   0.01587672
292.00   3.32512512   0.01604088
293.00   3.32118397   0.01620616
294.00   3.31722938   0.01637257
295.00   3.31326137   0.01654012
296.00   3.30927992   0.01670880
297.00   3.30528505   0.01687863
298.00   3.30127674   0.01704961
299.00   3.29725500   0.01722173
300.00   3.29321984   0.01739501
301.00   3.28917125   0.01756944
302.00   3.28510922   0.01774503
303.00   3.28103378   0.01792180
304.00   3.27694490   0.01809972
305.00   3.27284259   0.01827883
306.00   3.26872686   0.01845911
307.00   3.26459771   0.01864057
308.00   3.26045513   0.01882321
309.00   3.25629912   0.01900704
310.00   3.25212969   0.01919207
311.00   3.24794683   0.01937828
312.00   3.24375055   0.01956570
313.00   3.23954085   0.01975433
314.00   3.23531772   0.01994416
315.00   3.23108118   0.02013520
316.00   3.22683121   0.02032745
317.00   3.22256781   0.02052093
318.00   3.21829100   0.02071563
319.00   3.21400077   0.02091155
320.00   3.20969712   0.02110871
321.00   3.20538005   0.02130709
322.00   3.20104955   0.02150672
323.00   3.19670564   0.02170759
324.00   3.19234832   0.02190970
325.00   3.18797757   0.02211307
326.00   3.18359341   0.02231768
327.00   3.17919583   0.02252356
328.00   3.17478483   0.02273069
329.00   3.17036042   0.02293909
330.00   3.16592259   0.02314876
331.00   3.16147135   0.02335970
332.00   3.15700670   0.02357192
333.00   3.15252863   0.02378541
334.00   3.14803714   0.02400020
335.00   3.14353225   0.02421626
336.00   3.13901394   0.02443363
337.00   3.13448222   0.02465228
338.00   3.12993709   0.02487224
339.00   3.12537855   0.02509349
340.00   3.12080659   0.02531606
341.00   3.11622123   0.02553994
342.00   3.11162246   0.02576513
343.00   3.10701028   0.02599164
344.00   3.10238469   0.02621947
345.00   3.09774570   0.02644862
346.00   3.09309329   0.02667911
347.00   3.08842748   0.02691093
348.00   3.08374826   0.02714409
349.00   3.07905564   0.02737859
350.00   3.07434961   0.02761444
351.00   3.06963018   0.02785163
352.00   3.06489734   0.02809018
353.00   3.06015110   0.02833008
354.00   3.05539146   0.02857134
355.00   3.05061841   0.02881397
356.00   3.04583196   0.02905797
357.00   3.04103211   0.02930334
358.00   3.03621886   0.02955008
359.00   3.03139221   0.02979820
360.00   3.02655216   0.03004771
361.00   3.02169870   0.03029861
362.00   3.01683185   0.03055089
363.00   3.01195160   0.03080457
364.00   3.00705796   0.03105965
365.00   3.00215091   0.03131613
366.00   2.99723047   0.03157402
367.00   2.99229663   0.03183332
368.00   2.98734940   0.03209403
369.00   2.98238877   0.03235616
370.00   2.97741475   0.03261972
371.00   2.97242733   0.03288469
372.00   2.96742652   0.03315110
373.00   2.96241231   0.03341894
374.00   2.95738472   0.03368822
375.00   2.95234373   0.03395893
376.00   2.94728935   0.03423110
377.00   2.94222157   0.03450471
378.00   2.93714041   0.03477977
379.00   2.93204586   0.03505629
380.00   2.92693792   0.03533427
381.00   2.92181659   0.03561371
382.00   2.91668187   0.03589462
383.00   2.91153377   0.03617700
384.00   2.90637228   0.03646086
385.00   2.90119740   0.03674619
386.00   2.89600913   0.03703301
387.00   2.89080748   0.03732131
388.00   2.88559245   0.03761111
389.00   2.88036403   0.03790240
390.00   2.87512223   0.03819518
391.00   2.86986704   0.03848947
392.00   2.86459848   0.03878527
393.00   2.85931653   0.03908257
394.00   2.85402120   0.03938139
395.00   2.84871248   0.03968172
396.00   2.84339039   0.03998358
397.00   2.83805492   0.04028696
398.00   2.83270607   0.04059187
399.00   2.82734384   0.04089831
400.00   2.82196824   0.04120629
401.00   2.81657925   0.04151580
402.00   2.81117689   0.04182687
403.00   2.80576116   0.04213947
404.00   2.80033204   0.04245363
405.00   2.79488956   0.04276935
406.00   2.78943370   0.04308662
407.00   2.78396446   0.04340546
408.00   2.77848185   0.04372586
409.00   2.77298587   0.04404784
410.00   2.76747652   0.04437139
411.00   2.76195380   0.04469651
412.00   2.75641771   0.04502322
413.00   2.75086824   0.04535152
414.00   2.74530541   0.04568140
415.00   2.73972921   0.04601288
416.00   2.73413964   0.04634595
417.00   2.72853670   0.04668063
418.00   2.72292039   0.04701691
419.00   2.71729072   0.04735479
420.00   2.71164768   0.04769430
421.00   2.70599128   0.04803541
422.00   2.70032152   0.04837815
423.00   2.69463838   0.04872251
424.00   2.68894189   0.04906850
425.00   2.68323203   0.04941612
426.00   2.67750881   0.04976537
427.00   2.67177223   0.05011627
428.00   2.66602229   0.05046880
429.00   2.66025899   0.05082299
430.00   2.65448233   0.05117882
431.00   2.64869231   0.05153631
432.00   2.64288893   0.05189546
433.00   2.63707219   0.05225626
434.00   2.63124210   0.05261874
435.00   2.62539865   0.05298288
436.00   2.61954185   0.05334870
437.00   2.61367169   0.05371619
438.00   2.60778817   0.05408536
439.00   2.60189130   0.05445622
440.00   2.59598108   0.05482877
441.00   2.59005751   0.05520301
442.00   2.58412058   0.05557894
443.00   2.57817030   0.05595658
444.00   2.57220667   0.05633592
445.00   2.56622969   0.05671697
446.00   2.56023937   0.05709972
447.00   2.55423569   0.05748420
448.00   2.54821867   0.05787039
449.00   2.54218829   0.05825830
450.00   2.53614458   0.05864794
451.00   2.53008751   0.05903931
452.00   2.52401710   0.05943242
453.00   2.51793335   0.05982726
454.00   2.51183625   0.06022385
455.00   2.50572581   0.06062218
456.00   2.49960202   0.06102225
457.00   2.49346489   0.06142409
458.00   2.48731442   0.06182768
459.00   2.48115062   0.06223303
460.00   2.47497347   0.06264014
461.00   2.46878298   0.06304902
462.00   2.46257915   0.06345968
463.00   2.45636199   0.06387211
464.00   2.45013148   0.06428632
465.00   2.44388764   0.06470231
466.00   2.43763047   0.06512009
467.00   2.43135996   0.06553966
468.00   2.42507611   0.06596103
469.00   2.41877893   0.06638419
470.00   2.41246842   0.06680916
471.00   2.40614458   0.06723593
472.00   2.39980740   0.06766451
473.00   2.39345689   0.06809491
474.00   2.38709305   0.06852712
475.00   2.38071588   0.06896116
476.00   2.37432539   0.06939702
477.00   2.36792156   0.06983471
478.00   2.36150441   0.07027423
479.00   2.35507393   0.07071559
480.00   2.34863012   0.07115879
481.00   2.34217299   0.07160383
482.00   2.33570253   0.07205072
483.00   2.32921875   0.07249946
484.00   2.32272164   0.07295006
485.00   2.31621121   0.07340251
486.00   2.30968746   0.07385683
487.00   2.30315039   0.07431302
488.00   2.29660000   0.07477108
489.00   2.29003629   0.07523101
490.00   2.28345926   0.07569282
491.00   2.27686891   0.07615651
492.00   2.27026524   0.07662209
493.00   2.26364825   0.07708955
494.00   2.25701795   0.07755891
495.00   2.25037433   0.07803017
496.00   2.24371740   0.07850332
497.00   2.23704716   0.07897839
498.00   2.23036360   0.07945536
499.00   2.22366672   0.07993424
500.00   2.21695654   0.08041504
501.00   2.21023304   0.08089776
502.00   2.20349624   0.08138240
503.00   2.19674612   0.08186897
504.00   2.18998270   0.08235747
505.00   2.18320596   0.08284790
506.00   2.17641592   0.08334027
507.00   2.16961257   0.08383459
508.00   2.16279592   0.08433085
509.00   2.15596596   0.08482906
510.00   2.14912270   0.08532923
511.00   2.14226613   0.08583135
512.00   2.13539626   0.08633544
513.00   2.12851308   0.08684149
514.00   2.12161661   0.08734950
515.00   2.11470683   0.08785950
516.00   2.10778376   0.08837146
517.00   2.10084738   0.08888541
518.00   2.09389771   0.08940134
519.00   2.08693473   0.08991926
520.00   2.07995846   0.09043917
521.00   2.07296890   0.09096108
522.00   2.06596604   0.09148498
523.00   2.05894988   0.09201089
524.00   2.05192043   0.09253880
525.00   2.04487769   0.09306873
526.00   2.03782165   0.09360067
527.00   2.03075232   0.09413463
528.00   2.02366970   0.09467060
529.00   2.01657379   0.09520861
530.00   2.00946460   0.09574864
531.00   2.00234211   0.09629071
532.00   1.99520633   0.09683481
533.00   1.98805727   0.09738095
534.00   1.98089492   0.09792914
535.00   1.97371929   0.09847938
536.00   1.96653037   0.09903166
537.00   1.95932816   0.09958601
538.00   1.95211268   0.10014241
539.00   1.94488391   0.10070088
540.00   1.93764186   0.10126141
541.00   1.93038652   0.10182401
542.00   1.92311791   0.10238869
543.00   1.91583602   0.10295545
544.00   1.90854085   0.10352428
545.00   1.90123240   0.10409521
546.00   1.89391068   0.10466822
547.00   1.88657568   0.10524333
548.00   1.87922740   0.10582053
549.00   1.87186585   0.10639984
550.00   1.86449103   0.10698124
551.00   1.85710293   0.10756476
552.00   1.84970156   0.10815039
553.00   1.84228692   0.10873814
554.00   1.83485901   0.10932800
555.00   1.82741782   0.10991999
556.00   1.81996337   0.11051410
557.00   1.81249566   0.11111035
558.00   1.80501467   0.11170873
559.00   1.79752042   0.11230925
560.00   1.79001290   0.11291191
561.00   1.78249212   0.11351672
562.00   1.77495807   0.11412368
563.00   1.76741076   0.11473279
564.00   1.75985019   0.11534405
565.00   1.75227636   0.11595748
566.00   1.74468926   0.11657308
567.00   1.73708891   0.11719084
568.00   1.72947529   0.11781077
569.00   1.72184842   0.11843288
570.00   1.71420829   0.11905717
571.00   1.70655491   0.11968365
572.00   1.69888826   0.12031231
573.00   1.69120837   0.12094316
574.00   1.68351522   0.12157620
575.00   1.67580881   0.12221145
576.00   1.66808915   0.12284890
577.00   1.66035625   0.12348855
578.00   1.65261009   0.12413041
579.00   1.64485068   0.12477449
580.00   1.63707802   0.12542078
581.00   1.62929211   0.12606930
582.00   1.62149296   0.12672004
583.00   1.61368056   0.12737301
584.00   1.60585491   0.12802821
585.00   1.59801602   0.12868564
586.00   1.59016389   0.12934532
587.00   1.58229851   0.13000724
588.00   1.57441989   0.13067141
589.00   1.56652803   0.13133782
590.00   1.55862292   0.13200650
591.00   1.55070458   0.13267743
592.00   1.54277300   0.13335062
593.00   1.53482818   0.13402608
594.00   1.52687012   0.13470381
595.00   1.51889883   0.13538381
596.00   1.51091430   0.13606610
597.00   1.50291654   0.13675066
598.00   1.49490554   0.13743750
599.00   1.48688132   0.13812664
600.00   1.47884385   0.13881806
601.00   1.47079316   0.13951179
602.00   1.46272924   0.14020781
603.00   1.45465209   0.14090614
604.00   1.44656171   0.14160677
605.00   1.43845810   0.14230971
606.00   1.43034127   0.14301497
607.00   1.42221121   0.14372255
608.00   1.41406792   0.14443245
609.00   1.40591141   0.14514467
610.00   1.39774168   0.14585923
611.00   1.38955872   0.14657612
612.00   1.38136255   0.14729534
613.00   1.37315315   0.14801691
614.00   1.36493054   0.14874082
615.00   1.35669470   0.14946708
616.00   1.34844565   0.15019569
617.00   1.34018338   0.15092666
618.00   1.33190789   0.15165998
619.00   1.32361919   0.15239567
620.00   1.31531728   0.15313373
621.00   1.30700215   0.15387416
622.00   1.29867381   0.15461696
623.00   1.29033225   0.15536214
624.00   1.28197749   0.15610970
625.00   1.27360952   0.15685965
626.00   1.26522834   0.15761199
627.00   1.25683395   0.15836672
628.00   1.24842635   0.15912385
629.00   1.24000555   0.15988338
630.00   1.23157154   0.16064531
631.00   1.22312433   0.16140965
632.00   1.21466391   0.16217640
633.00   1.20619030   0.16294557
634.00   1.19770348   0.16371716
635.00   1.18920346   0.16449117
636.00   1.18069024   0.16526760
637.00   1.17216382   0.16604647
638.00   1.16362420   0.16682777
639.00   1.15507139   0.16761151
640.00   1.14650538   0.16839769
641.00   1.13792618   0.16918632
642.00   1.12933378   0.16997740
643.00   1.12072819   0.17077092
644.00   1.11210940   0.17156691
645.00   1.10347743   0.17236535
646.00   1.09483226   0.17316626
647.00   1.08617391   0.17396964
648.00   1.07750236   0.17477549
649.00   1.06881763   0.17558381
650.00   1.06011971   0.17639462
651.00   1.05140861   0.17720790
652.00   1.04268432   0.17802367
653.00   1.03394685   0.17884193
654.00   1.02519620   0.17966269
655.00   1.01643236   0.18048594
656.00   1.00765534   0.18131169
657.00   0.99886515   0.18213995
658.00   0.99006177   0.18297072
659.00   0.98124521   0.18380400
660.00   0.97241548   0.18463980
661.00   0.96357258   0.18547811
662.00   0.95471649   0.18631895
663.00   0.94584723   0.18716232
664.00   0.93696480   0.18800821
665.00   0.92806920   0.18885665
666.00   0.91916043   0.18970762
667.00   0.91023848   0.19056113
668.00   0.90130337   0.19141719
669.00   0.89235508   0.19227579
670.00   0.88339363   0.19313695
671.00   0.87441902   0.19400067
672.00   0.86543123   0.19486695
673.00   0.85643029   0.19573579
674.00   0.84741618   0.19660720
675.00   0.83838890   0.19748119
676.00   0.82934847   0.19835775
677.00   0.82029487   0.19923688
678.00   0.81122812   0.20011860
679.00   0.80214820   0.20100291
680.00   0.79305513   0.20188981
681.00   0.78394890   0.20277930
682.00   0.77482952   0.20367139
683.00   0.76569698   0.20456608
684.00   0.75655128   0.20546337
685.00   0.74739244   0.20636328
686.00   0.73822044   0.20726580
687.00   0.72903529   0.20817093
688.00   0.71983699   0.20907868
689.00   0.71062555   0.20998906
690.00   0.70140095   0.21090206
691.00   0.69216321   0.21181770
692.00   0.68291232   0.21273597
693.00   0.67364829   0.21365688
694.00   0.66437111   0.21458043
695.00   0.65508079   0.21550663
696.00   0.64577733   0.21643547
697.00   0.63646073   0.21736697
698.00   0.62713099   0.21830113
699.00   0.61778810   0.21923795
700.00   0.60843209   0.22017743
701.00   0.59906293   0.22111958
702.00   0.58968064   0.22206440
703.00   0.58028521   0.22301190
704.00   0.57087665   0.22396207
705.00   0.56145496   0.22491493
706.00   0.55202014   0.22587048
707.00   0.54257218   0.22682871
708.00   0.53311110   0.22778965
709.00   0.52363688   0.22875327
710.00   0.51414954   0.22971960
711.00   0.50464907   0.23068864
712.00   0.49513548   0.23166038
713.00   0.48560876   0.23263483
714.00   0.47606892   0.23361201
715.00   0.46651596   0.23459190
716.00   0.45694987   0.23557451
717.00   0.44737067   0.23655986
718.00   0.43777834   0.23754793
719.00   0.42817290   0.23853874
720.00   0.41855434   0.23953228
721.00   0.40892266   0.24052857
722.00   0.39927787   0.24152760
723.00   0.38961996   0.24252939
724.00   0.37994894   0.24353392
725.00   0.37026481   0.24454121
726.00   0.36056757   0.24555127
727.00   0.35085721   0.24656408
728.00   0.34113375   0.24757967
729.00   0.33139718   0.24859803
730.00   0.32164751   0.24961916
731.00   0.31188472   0.25064307
732.00   0.30210884   0.25166976
733.00   0.29231985   0.25269924
734.00   0.28251775   0.25373151
735.00   0.27270256   0.25476657
736.00   0.26287426   0.25580443
737.00   0.25303287   0.25684509
738.00   0.24317837   0.25788856
739.00   0.23331078   0.25893483
740.00   0.22343009   0.25998392
741.00   0.21353631   0.26103582
742.00   0.20362943   0.26209054
743.00   0.19370946   0.26314808
744.00   0.18377640   0.26420845
745.00   0.17383025   0.26527165
746.00   0.16387101   0.26633769
747.00   0.15389868   0.26740656
748.00   0.14391326   0.26847827
749.00   0.13391475   0.26955283
750.00   0.12390316   0.27063024
751.00   0.11387849   0.27171050
752.00   0.10384073   0.27279361
753.00   0.09378989   0.27387959
754.00   0.08372596   0.27496843
755.00   0.07364896   0.27606014
756.00   0.06355888   0.27715471
757.00   0.05345572   0.27825216
758.00   0.04333948   0.27935249
759.00   0.03321017   0.28045570
760.00   0.02306778   0.28156180
761.00   0.01291232   0.28267079
762.00   0.00274379   0.28378267
763.00  -0.00743781   0.28489744
764.00  -0.01763249   0.28601512
765.00  -0.02784023   0.28713569
766.00  -0.03806105   0.28825918
767.00  -0.04829492   0.28938558
768.00  -0.05854187   0.29051489
769.00  -0.06880188   0.29164712
770.00  -0.07907495   0.29278227
771.00  -0.08936109   0.29392035
772.00  -0.09966029   0.29506136
773.00  -0.10997254   0.29620530
774.00  -0.12029786   0.29735218
775.00  -0.13063624   0.29850200
776.00  -0.14098767   0.29965476
777.00  -0.15135216   0.30081047
778.00  -0.16172970   0.30196913
779.00  -0.17212030   0.30313075
780.00  -0.18252395   0.30429532
781.00  -0.19294065   0.30546286
782.00  -0.20337040   0.30663336
783.00  -0.21381320   0.30780684
784.00  -0.22426905   0.30898328
785.00  -0.23473794   0.31016271
786.00  -0.24521988   0.31134511
787.00  -0.25571487   0.31253050
788.00  -0.26622290   0.31371888
789.00  -0.27674397   0.31491025
790.00  -0.28727808   0.31610461
791.00  -0.29782523   0.31730197
792.00  -0.30838543   0.31850234
793.00  -0.31895865   0.31970571
794.00  -0.32954492   0.32091209
795.00  -0.34014422   0.32212148
796.00  -0.35075656   0.32333390
797.00  -0.36138193   0.32454933
798.00  -0.37202033   0.32576779
799.00  -0.38267176   0.32698927
800.00  -0.39333623   0.32821379
801.00  -0.40401372   0.32944134
802.00  -0.41470424   0.33067193
803.00  -0.42540778   0.33190557
804.00  -0.43612435   0.33314225
805.00  -0.44685395   0.33438198
806.00  -0.45759657   0.33562476
807.00  -0.46835221   0.33687060
808.00  -0.47912087   0.33811951
809.00  -0.48990255   0.33937147
810.00  -0.50069725   0.34062651
811.00  -0.51150496   0.34188462
812.00  -0.52232569   0.34314580
813.00  -0.53315944   0.34441006
814.00  -0.54400620   0.34567741
815.00  -0.55486597   0.34694784
816.00  -0.56573875   0.34822136
817.00  -0.57662455   0.34949797
818.00  -0.58752335   0.35077769
819.00  -0.59843516   0.35206050
820.00  -0.60935998   0.35334642
821.00  -0.62029780   0.35463544
822.00  -0.63124863   0.35592758
823.00  -0.64221246   0.35722284
824.00  -0.65318929   0.35852121
825.00  -0.66417912   0.35982270
826.00  -0.67518196   0.36112733
827.00  -0.68619779   0.36243508
828.00  -0.69722661   0.36374596
829.00  -0.70826844   0.36505999
830.00  -0.71932326   0.36637715
831.00  -0.73039107   0.36769746
832.00  -0.74147187   0.36902092
833.00  -0.75256567   0.37034753
834.00  -0.76367246   0.37167729
835.00  -0.77479223   0.37301021
836.00  -0.78592499   0.37434630
837.00  -0.79707074   0.37568555
838.00  -0.80822948   0.37702797
839.00  -0.81940120   0.37837357
840.00  -0.83058590   0.37972234
841.00  -0.84178358   0.38107430
842.00  -0.85299425   0.38242944
843.00  -0.86421789   0.38378776
844.00  -0.87545451   0.38514928
845.00  -0.88670411   0.38651400
846.00  -0.89796668   0.38788191
847.00  -0.90924223   0.38925302
848.00  -0.92053075   0.39062735
849.00  -0.93183224   0.39200488
850.00  -0.94314671   0.39338562
851.00  -0.95447414   0.39476959
852.00  -0.96581454   0.39615677
853.00  -0.97716791   0.39754718
854.00  -0.98853425   0.39894081
855.00  -0.99991355   0.40033768
856.00  -1.01130581   0.40173778
857.00  -1.02271103   0.40314112
858.00  -1.03412922   0.40454770
859.00  -1.04556037   0.40595753
860.00  -1.05700447   0.40737061
861.00  -1.06846153   0.40878694
862.00  -1.07993155   0.41020653
863.00  -1.09141453   0.41162938
864.00  -1.10291045   0.41305550
865.00  -1.11441933   0.41448488
866.00  -1.12594116   0.41591753
867.00  -1.13747594   0.41735346
868.00  -1.14902367   0.41879266
869.00  -1.16058435   0.42023515
870.00  -1.17215797   0.42168093
871.00  -1.18374454   0.42312999
872.00  -1.19534405   0.42458235
873.00  -1.20695651   0.42603800
874.00  -1.21858190   0.42749695
875.00  -1.23022024   0.42895921
876.00  -1.24187151   0.43042477
877.00  -1.25353572   0.43189365
878.00  -1.26521287   0.43336584
879.00  -1.27690295   0.43484135
880.00  -1.28860597   0.43632018
881.00  -1.30032192   0.43780233
882.00  -1.31205080   0.43928782
883.00  -1.32379261   0.44077663
884.00  -1.33554735   0.44226879
885.00  -1.34731502   0.44376428
886.00  -1.35909561   0.44526312
887.00  -1.37088913   0.44676530
888.00  -1.38269557   0.44827083
889.00  -1.39451493   0.44977972
890.00  -1.40634722   0.45129197
891.00  -1.41819242   0.45280758
892.00  -1.43005054   0.45432655
893.00  -1.44192158   0.45584889
894.00  -1.45380554   0.45737460
895.00  -1.46570241   0.45890369
896.00  -1.47761220   0.46043616
897.00  -1.48953490   0.46197201
898.00  -1.50147050   0.46351125
899.00  -1.51341902   0.46505388
900.00  -1.52538045   0.46659990
901.00  -1.53735478   0.46814932
902.00  -1.54934202   0.46970214
903.00  -1.56134216   0.47125836
904.00  -1.57335521   0.47281800
905.00  -1.58538116   0.47438104
906.00  -1.59742001   0.47594750
907.00  -1.60947176   0.47751738
908.00  -1.62153641   0.47909068
909.00  -1.63361395   0.48066741
910.00  -1.64570439   0.48224756
911.00  -1.65780772   0.48383115
912.00  -1.66992395   0.48541818
913.00  -1.68205307   0.48700865
914.00  -1.69419508   0.48860256
915.00  -1.70634997   0.49019992
916.00  -1.71851776   0.49180073
917.00  -1.73069843   0.49340499
918.00  -1.74289199   0.49501271
919.00  -1.75509843   0.49662390
920.00  -1.76731775   0.49823855
921.00  -1.77954995   0.49985667
922.00  -1.79179504   0.50147826
923.00  -1.80405300   0.50310332
924.00  -1.81632384   0.50473187
925.00  -1.82860756   0.50636390
926.00  -1.84090415   0.50799942
927.00  -1.85321361   0.50963843
928.00  -1.86553595   0.51128093
929.00  -1.87787115   0.51292693
930.00  -1.89021923   0.51457643
931.00  -1.90258017   0.51622944
932.00  -1.91495398   0.51788595
933.00  -1.92734066   0.51954598
934.00  -1.93974020   0.52120952
935.00  -1.95215260   0.52287658
936.00  -1.96457787   0.52454716
937.00  -1.97701599   0.52622127
938.00  -1.98946697   0.52789891
939.00  -2.00193082   0.52958008
940.00  -2.01440751   0.53126479
941.00  -2.02689706   0.53295304
942.00  -2.03939947   0.53464483
943.00  -2.05191472   0.53634017
944.00  -2.06444283   0.53803906
945.00  -2.07698379   0.53974151
946.00  -2.08953759   0.54144752
947.00  -2.10210425   0.54315708
948.00  -2.11468374   0.54487021
949.00  -2.12727608   0.54658692
950.00  -2.13988127   0.54830719
951.00  -2.15249929   0.55003104
952.00  -2.16513016   0.55175847
953.00  -2.17777386   0.55348948
954.00  -2.19043040   0.55522408
955.00  -2.20309978   0.55696227
956.00  -2.21578199   0.55870405
957.00  -2.22847703   0.56044943
958.00  -2.24118491   0.56219842
959.00  -2.25390562   0.56395100
960.00  -2.26663915   0.56570720
961.00  -2.27938552   0.56746700
962.00  -2.29214471   0.56923042
963.00  -2.30491672   0.57099746
964.00  -2.31770156   0.57276812
965.00  -2.33049922   0.57454241
966.00  -2.34330971   0.57632033
967.00  -2.35613301   0.57810188
968.00  -2.36896913   0.57988707
969.00  -2.38181807   0.58167589
970.00  -2.39467982   0.58346836
971.00  -2.40755439   0.58526448
972.00  -2.42044176   0.58706425
973.00  -2.43334196   0.58886767
974.00  -2.44625496   0.59067475
975.00  -2.45918077   0.59248549
976.00  -2.47211938   0.59429990
977.00  -2.48507080   0.59611797
978.00  -2.49803503   0.59793972
979.00  -2.51101206   0.59976514
980.00  -2.52400189   0.60159424
981.00  -2.53700452   0.60342702
982.00  -2.55001996   0.60526349
983.00  -2.56304818   0.60710365
984.00  -2.57608921   0.60894750
985.00  -2.58914303   0.61079505
986.00  -2.60220964   0.61264630
987.00  -2.61528904   0.61450125
988.00  -2.62838124   0.61635991
989.00  -2.64148622   0.61822229
990.00  -2.65460400   0.62008837
991.00  -2.66773455   0.62195817
992.00  -2.68087790   0.62383170
993.00  -2.69403402   0.62570895
994.00  -2.70720293   0.62758993
995.00  -2.72038462   0.62947464
996.00  -2.73357909   0.63136308
997.00  -2.74678634   0.63325527
998.00  -2.76000636   0.63515119
999.00  -2.77323916   0.63705087
1000.00  -2.78648473   0.63895429
1001.00  -2.79974308   0.64086147
1002.00  -2.81301419   0.64277240
1003.00  -2.82629808   0.64468709
1004.00  -2.83959473   0.64660555
1005.00  -2.85290415   0.64852778
1006.00  -2.86622634   0.65045377
1007.00  -2.87956128   0.65238354
1008.00  -2.89290899   0.65431709
1009.00  -2.90626947   0.65625442
1010.00  -2.91964270   0.65819553
1011.00  -2.93302869   0.66014043
1012.00  -2.94642743   0.66208913
1013.00  -2.95983894   0.66404162
1014.00  -2.97326319   0.66599791
1015.00  -2.98670020   0.66795800
1016.00  -3.00014996   0.66992189
1017.00  -3.01361247   0.67188960
1018.00  -3.02708772   0.67386112
1019.00  -3.04057573   0.67583646
1020.00  -3.05407647   0.67781561
1021.00  -3.06758997   0.67979859
1022.00  -3.08111620   0.68178540
1023.00  -3.09465518   0.68377604
1024.00  -3.10820689   0.68577051
1025.00  -3.12177134   0.68776882
1026.00  -3.13534853   0.68977097
1027.00  -3.14893846   0.69177696
1028.00  -3.16254111   0.69378681
1029.00  -3.17615650   0.69580050
1030.00  -3.18978463   0.69781805
1031.00  -3.20342548   0.69983946
1032.00  -3.21707905   0.70186473
1033.00  -3.23074536   0.70389387
1034.00  -3.24442439   0.70592688
1035.00  -3.25811614   0.70796376
1036.00  -3.27182062   0.71000451
1037.00  -3.28553781   0.71204915
1038.00  -3.29926773   0.71409766
1039.00  -3.31301036   0.71615007
1040.00  -3.32676571   0.71820636
1041.00  -3.34053377   0.72026655
1042.00  -3.35431455   0.72233064
1043.00  -3.36810804   0.72439862
1044.00  -3.38191424   0.72647051
1045.00  -3.39573315   0.72854631
1046.00  -3.40956476   0.73062602
1047.00  -3.42340908   0.73270965
1048.00  -3.43726611   0.73479719
1049.00  -3.45113584   0.73688865
1050.00  -3.46501827   0.73898404
1051.00  -3.47891340   0.74108336
1052.00  -3.49282123   0.74318661
1053.00  -3.50674175   0.74529380
1054.00  -3.52067498   0.74740492
1055.00  -3.53462089   0.74951999
1056.00  -3.54857950   0.75163901
1057.00  -3.56255080   0.75376197
1058.00  -3.57653479   0.75588889
1059.00  -3.59053147   0.75801976
1060.00  -3.60454083   0.76015459
1061.00  -3.61856288   0.76229339
1062.00  -3.63259761   0.76443615
1063.00  -3.64664503   0.76658289
1064.00  -3.66070513   0.76873360
1065.00  -3.67477790   0.77088828
1066.00  -3.68886335   0.77304695
1067.00  -3.70296148   0.77520960
1068.00  -3.71707229   0.77737624
1069.00  -3.73119576   0.77954687
1070.00  -3.74533191   0.78172150
1071.00  -3.75948073   0.78390012
1072.00  -3.77364222   0.78608275
1073.00  -3.78781638   0.78826938
1074.00  -3.80200320   0.79046002
1075.00  -3.81620268   0.79265467
1076.00  -3.83041483   0.79485334
1077.00  -3.84463964   0.79705603
1078.00  -3.85887711   0.79926274
1079.00  -3.87312724   0.80147348
1080.00  -3.88739002   0.80368824
1081.00  -3.90166546   0.80590704
1082.00  -3.91595356   0.80812988
1083.00  -3.93025430   0.81035676
1084.00  -3.94456770   0.81258768
1085.00  -3.95889374   0.81482264
1086.00  -3.97323243   0.81706166
1087.00  -3.98758377   0.81930473
1088.00  -4.00194776   0.82155186
1089.00  -4.01632438   0.82380305
1090.00  -4.03071365   0.82605830
1091.00  -4.04511556   0.82831763
1092.00  -4.05953010   0.83058102
1093.00  -4.07395729   0.83284849
1094.00  -4.08839710   0.83512003
1095.00  -4.10284956   0.83739566
1096.00  -4.11731464   0.83967537
1097.00  -4.13179236   0.84195917
1098.00  -4.14628270   0.84424707
1099.00  -4.16078567   0.84653906
1100.00  -4.17530127   0.84883515
1101.00  -4.18982949   0.85113534
1102.00  -4.20437034   0.85343963
1103.00  -4.21892381   0.85574804
1104.00  -4.23348990   0.85806056
1105.00  -4.24806860   0.86037719
1106.00  -4.26265993   0.86269795
1107.00  -4.27726386   0.86502282
1108.00  -4.29188042   0.86735183
1109.00  -4.30650958   0.86968496
1110.00  -4.32115136   0.87202223
1111.00  -4.33580574   0.87436364
1112.00  -4.35047273   0.87670918
1113.00  -4.36515233   0.87905887
1114.00  -4.37984453   0.88141271
1115.00  -4.39454934   0.88377069
1116.00  -4.40926675   0.88613284
1117.00  -4.42399675   0.88849913
1118.00  -4.43873936   0.89086959
1119.00  -4.45349456   0.89324422
1120.00  -4.46826236   0.89562301
1121.00  -4.48304275   0.89800598
1122.00  -4.49783573   0.90039312
1123.00  -4.51264131   0.90278443
1124.00  -4.52745947   0.90517993
1125.00  -4.54229022   0.90757962
1126.00  -4.55713355   0.90998349
1127.00  -4.57198947   0.91239156
1128.00  -4.58685798   0.91480382
1129.00  -4.60173906   0.91722028
1130.00  -4.61663272   0.91964094
1131.00  -4.63153896   0.92206581
1132.00  -4.64645778   0.92449488
1133.00  -4.66138917   0.92692817
1134.00  -4.67633314   0.92936568
1135.00  -4.69128967   0.93180741
1136.00  -4.70625878   0.93425335
1137.00  -4.72124045   0.93670353
1138.00  -4.73623469   0.93915793
1139.00  -4.75124150   0.94161657
1140.00  -4.76626087   0.94407945
1141.00  -4.78129280   0.94654656
1142.00  -4.79633730   0.94901792
1143.00  -4.81139435   0.95149353
1144.00  -4.82646396   0.95397338
1145.00  -4.84154612   0.95645749
1146.00  -4.85664084   0.95894586
1147.00  -4.87174811   0.96143849
1148.00  -4.88686794   0.96393538
1149.00  -4.90200031   0.96643654
1150.00  -4.91714523   0.96894197
1151.00  -4.93230269   0.97145168
1152.00  -4.94747270   0.97396566
1153.00  -4.96265526   0.97648392
1154.00  -4.97785035   0.97900647
1155.00  -4.99305799   0.98153331
1156.00  -5.00827816   0.98406444
1157.00  -5.02351087   0.98659986
1158.00  -5.03875611   0.98913958
1159.00  -5.05401389   0.99168361
1160.00  -5.06928420   0.99423193
1161.00  -5.08456703   0.99678457
1162.00  -5.09986240   0.99934152
1163.00  -5.11517029   1.00190278
1164.00  -5.13049071   1.00446837
1165.00  -5.14582366   1.00703827
1166.00  -5.16116912   1.00961250
1167.00  -5.17652711   1.01219106
1168.00  -5.19189761   1.01477396
1169.00  -5.20728063   1.01736118
1170.00  -5.22267617   1.01995275
1171.00  -5.23808422   1.02254866
1172.00  -5.25350478   1.02514892
1173.00  -5.26893785   1.02775352
1174.00  -5.28438343   1.03036248
1175.00  -5.29984152   1.03297580
1176.00  -5.31531212   1.03559347
1177.00  -5.33079522   1.03821551
1178.00  -5.34629082   1.04084192
1179.00  -5.36179892   1.04347269
1180.00  -5.37731952   1.04610784
1181.00  -5.39285262   1.04874736
1182.00  -5.40839821   1.05139126
1183.00  -5.42395630   1.05403955
1184.00  -5.43952688   1.05669223
1185.00  -5.45510996   1.05934929
1186.00  -5.47070552   1.06201075
1187.00  -5.48631357   1.06467661
1188.00  -5.50193410   1.06734686
1189.00  -5.51756712   1.07002152
1190.00  -5.53321263   1.07270059
1191.00  -5.54887061   1.07538407
1192.00  -5.56454107   1.07807196
1193.00  -5.58022401   1.08076427
1194.00  -5.59591943   1.08346100
1195.00  -5.61162732   1.08616215
1196.00  -5.62734769   1.08886773
1197.00  -5.64308052   1.09157774
1198.00  -5.65882583   1.09429219
1199.00  -5.67458360   1.09701108
1200.00  -5.69035384   1.09973440
1201.00  -5.70613654   1.10246217
1202.00  -5.72193171   1.10519439
1203.00  -5.73773934   1.10793106
1204.00  -5.75355943   1.11067218
1205.00  -5.76939197   1.11341777
1206.00  -5.78523697   1.11616781
1207.00  -5.80109443   1.11892232
1208.00  -5.81696434   1.12168129
1209.00  -5.83284670   1.12444474
1210.00  -5.84874151   1.12721266
1211.00  -5.86464876   1.12998506
1212.00  -5.88056847   1.13276195
1213.00  -5.89650062   1.13554331
1214.00  -5.91244521   1.13832917
1215.00  -5.92840224   1.14111952
1216.00  -5.94437171   1.14391436
1217.00  -5.96035362   1.14671370
1218.00  -5.97634797   1.14951755
1219.00  -5.99235475   1.15232590
1220.00  -6.00837396   1.15513875
1221.00  -6.02440560   1.15795612
1222.00  -6.04044967   1.16077801
1223.00  -6.05650617   1.16360441
1224.00  -6.07257510   1.16643533
1225.00  -6.08865645   1.16927079
1226.00  -6.10475023   1.17211077
1227.00  -6.12085642   1.17495528
1228.00  -6.13697503   1.17780432
1229.00  -6.15310606   1.18065791
1230.00  -6.16924951   1.18351604
1231.00  -6.18540537   1.18637871
1232.00  -6.20157365   1.18924594
1233.00  -6.21775433   1.19211771
1234.00  -6.23394742   1.19499404
1235.00  -6.25015292   1.19787493
1236.00  -6.26637083   1.20076039
1237.00  -6.28260114   1.20365040
1238.00  -6.29884385   1.20654499
1239.00  -6.31509897   1.20944415
1240.00  -6.33136648   1.21234789
1241.00  -6.34764639   1.21525620
1242.00  -6.36393869   1.21816910
1243.00  -6.38024339   1.22108658
1244.00  -6.39656048   1.22400866
1245.00  -6.41288996   1.22693532
1246.00  -6.42923183   1.22986658
1247.00  -6.44558608   1.23280244
1248.00  -6.46195272   1.23574290
1249.00  -6.47833175   1.23868797
1250.00  -6.49472315   1.24163765
1251.00  -6.51112694   1.24459194
1252.00  -6.52754310   1.24755085
1253.00  -6.54397164   1.25051438
1254.00  -6.56041256   1.25348252
1255.00  -6.57686584   1.25645530
1256.00  -6.59333150   1.25943270
1257.00  -6.60980953   1.26241474
1258.00  -6.62629993   1.26540141
1259.00  -6.64280269   1.26839273
1260.00  -6.65931782   1.27138868
1261.00  -6.67584531   1.27438928
1262.00  -6.69238516   1.27739453
1263.00  -6.70893737   1.28040444
1264.00  -6.72550194   1.28341899
1265.00  -6.74207886   1.28643821
1266.00  -6.75866814   1.28946209
1267.00  -6.77526977   1.29249064
1268.00  -6.79188375   1.29552386
1269.00  -6.80851007   1.29856175
1270.00  -6.82514875   1.30160431
1271.00  -6.84179977   1.30465156
1272.00  -6.85846313   1.30770349
1273.00  -6.87513884   1.31076010
1274.00  -6.89182689   1.31382140
1275.00  -6.90852727   1.31688740
1276.00  -6.92523999   1.31995809
1277.00  -6.94196505   1.32303348
1278.00  -6.95870244   1.32611357
1279.00  -6.97545216   1.32919837
1280.00  -6.99221421   1.33228788
1281.00  -7.00898858   1.33538210
1282.00  -7.02577529   1.33848104
1283.00  -7.04257431   1.34158469
1284.00  -7.05938566   1.34469307
1285.00  -7.07620933   1.34780618
1286.00  -7.09304532   1.35092401
1287.00  -7.10989363   1.35404658
1288.00  -7.12675425   1.35717388
1289.00  -7.14362719   1.36030592
1290.00  -7.16051244   1.36344270
1291.00  -7.17740999   1.36658423
1292.00  -7.19431986   1.36973051
1293.00  -7.21124203   1.37288154
1294.00  -7.22817651   1.37603733
1295.00  -7.24512329   1.37919788
1296.00  -7.26208237   1.38236318
1297.00  -7.27905375   1.38553326
1298.00  -7.29603743   1.38870810
1299.00  -7.31303341   1.39188771
1300.00  -7.33004168   1.39507210
1301.00  -7.34706224   1.39826127
1302.00  -7.36409509   1.40145522
1303.00  -7.38114023   1.40465396
1304.00  -7.39819766   1.40785748
1305.00  -7.41526737   1.41106580
1306.00  -7.43234937   1.41427891
1307.00  -7.44944365   1.41749682
1308.00  -7.46655021   1.42071954
1309.00  -7.48366904   1.42394705
1310.00  -7.50080016   1.42717938
1311.00  -7.51794354   1.43041652
1312.00  -7.53509920   1.43365847
1313.00  -7.55226713   1.43690524
1314.00  -7.56944733   1.44015684
1315.00  -7.58663980   1.44341326
1316.00  -7.60384453   1.44667450
1317.00  -7.62106153   1.44994058
1318.00  -7.63829079   1.45321149
1319.00  -7.65553231   1.45648724
1320.00  -7.67278609   1.45976784
1321.00  -7.69005212   1.46305327
1322.00  -7.70733041   1.46634356
1323.00  -7.72462095   1.46963870
1324.00  -7.74192374   1.47293869
1325.00  -7.75923878   1.47624354
1326.00  -7.77656607   1.47955325
1327.00  -7.79390561   1.48286782
1328.00  -7.81125739   1.48618726
1329.00  -7.82862141   1.48951158
1330.00  -7.84599767   1.49284076
1331.00  -7.86338617   1.49617483
1332.00  -7.88078690   1.49951377
1333.00  -7.89819988   1.50285760
1334.00  -7.91562508   1.50620632
1335.00  -7.93306251   1.50955993
1336.00  -7.95051218   1.51291843
1337.00  -7.96797407   1.51628183
1338.00  -7.98544819   1.51965013
1339.00  -8.00293453   1.52302333
1340.00  -8.02043309   1.52640144
1341.00  -8.03794388   1.52978446
1342.00  -8.05546688   1.53317239
1343.00  -8.07300210   1.53656524
1344.00  -8.09054953   1.53996301
1345.00  -8.10810918   1.54336571
1346.00  -8.12568104   1.54677333
1347.00  -8.14326511   1.55018588
1348.00  -8.16086138   1.55360336
1349.00  -8.17846986   1.55702578
1350.00  -8.19609054   1.56045314
1351.00  -8.21372343   1.56388544
1352.00  -8.23136852   1.56732269
1353.00  -8.24902580   1.57076489
1354.00  -8.26669528   1.57421204
1355.00  -8.28437696   1.57766415
1356.00  -8.30207082   1.58112121
1357.00  -8.31977688   1.58458324
1358.00  -8.33749513   1.58805023
1359.00  -8.35522557   1.59152220
1360.00  -8.37296819   1.59499913
1361.00  -8.39072299   1.59848104
1362.00  -8.40848998   1.60196793
1363.00  -8.42626914   1.60545980
1364.00  -8.44406048   1.60895666
1365.00  -8.46186400   1.61245850
1366.00  -8.47967970   1.61596534
1367.00  -8.49750756   1.61947717
1368.00  -8.51534760   1.62299400
1369.00  -8.53319980   1.62651583
1370.00  -8.55106418   1.63004267
1371.00  -8.56894071   1.63357451
1372.00  -8.58682941   1.63711137
1373.00  -8.60473027   1.64065324
1374.00  -8.62264329   1.64420012
1375.00  -8.64056847   1.64775203
1376.00  -8.65850581   1.65130896
1377.00  -8.67645529   1.65487092
1378.00  -8.69441693   1.65843791
1379.00  -8.71239072   1.66200994
1380.00  -8.73037666   1.66558700
1381.00  -8.74837474   1.66916910
1382.00  -8.76638497   1.67275625
1383.00  -8.78440734   1.67634844
1384.00  -8.80244185   1.67994568
1385.00  -8.82048850   1.68354798
1386.00  -8.83854729   1.68715533
1387.00  -8.85661821   1.69076774
1388.00  -8.87470127   1.69438521
1389.00  -8.89279645   1.69800776
1390.00  -8.91090377   1.70163537
1391.00  -8.92902321   1.70526805
1392.00  -8.94715478   1.70890581
1393.00  -8.96529847   1.71254865
1394.00  -8.98345429   1.71619657
1395.00  -9.00162222   1.71984957
1396.00  -9.01980228   1.72350767
1397.00  -9.03799445   1.72717085
1398.00  -9.05619873   1.73083913
1399.00  -9.07441512   1.73451251
1400.00  -9.09264363   1.73819100
1401.00  -9.11088424   1.74187458
1402.00  -9.12913697   1.74556328
1403.00  -9.14740179   1.74925708
1404.00  -9.16567872   1.75295601
1405.00  -9.18396775   1.75666004
1406.00  -9.20226888   1.76036920
1407.00  -9.22058211   1.76408349
1408.00  -9.23890743   1.76780290
1409.00  -9.25724485   1.77152744
1410.00  -9.27559435   1.77525711
1411.00  -9.29395595   1.77899193
1412.00  -9.31232963   1.78273188
1413.00  -9.33071540   1.78647698
1414.00  -9.34911326   1.79022722
1415.00  -9.36752319   1.79398261
1416.00  -9.38594521   1.79774316
1417.00  -9.40437930   1.80150886
1418.00  -9.42282548   1.80527972
1419.00  -9.44128372   1.80905574
1420.00  -9.45975404   1.81283693
1421.00  -9.47823643   1.81662329
1422.00  -9.49673088   1.82041482
1423.00  -9.51523741   1.82421153
1424.00  -9.53375599   1.82801342
1425.00  -9.55228664   1.83182048
1426.00  -9.57082936   1.83563274
1427.00  -9.58938413   1.83945018
1428.00  -9.60795096   1.84327281
1429.00  -9.62652984   1.84710063
1430.00  -9.64512077   1.85093366
1431.00  -9.66372376   1.85477188
1432.00  -9.68233880   1.85861531
1433.00  -9.70096588   1.86246395
1434.00  -9.71960501   1.86631780
1435.00  -9.73825619   1.87017686
1436.00  -9.75691940   1.87404114
1437.00  -9.77559466   1.87791064
1438.00  -9.79428195   1.88178536
1439.00  -9.81298128   1.88566531
1440.00  -9.83169264   1.88955049
1441.00  -9.85041604   1.89344090
1442.00  -9.86915146   1.89733654
1443.00  -9.88789891   1.90123743
1444.00  -9.90665839   1.90514356
1445.00  -9.92542990   1.90905493
1446.00  -9.94421342   1.91297156
1447.00  -9.96300897   1.91689343
1448.00  -9.98181653   1.92082056
1449.00 -10.00063611   1.92475295
1450.00 -10.01946771   1.92869060
1451.00 -10.03831131   1.93263351
1452.00 -10.05716693   1.93658170
1453.00 -10.07603456   1.94053515
1454.00 -10.09491419   1.94449388
1455.00 -10.11380583   1.94845788
1456.00 -10.13270947   1.95242717
1457.00 -10.15162511   1.95640174
1458.00 -10.17055275   1.96038160
1459.00 -10.18949239   1.96436674
1460.00 -10.20844402   1.96835718
1461.00 -10.22740765   1.97235292
1462.00 -10.24638327   1.97635395
1463.00 -10.26537087   1.98036029
1464.00 -10.28437047   1.98437193
1465.00 -10.30338204   1.98838889
1466.00 -10.32240561   1.99241115
1467.00 -10.34144115   1.99643873
1468.00 -10.36048867   2.00047163
1469.00 -10.37954817   2.00450985
1470.00 -10.39861964   2.00855340
1471.00 -10.41770309   2.01260227
1472.00 -10.43679851   2.01665648
1473.00 -10.45590590   2.02071602
1474.00 -10.47502525   2.02478089
1475.00 -10.49415658   2.02885111
1476.00 -10.51329986   2.03292667
1477.00 -10.53245511   2.03700758
1478.00 -10.55162231   2.04109383
1479.00 -10.57080148   2.04518545
1480.00 -10.58999260   2.04928241
1481.00 -10.60919567   2.05338474
1482.00 -10.62841069   2.05749243
1483.00 -10.64763767   2.06160548
1484.00 -10.66687659   2.06572391
1485.00 -10.68612745   2.06984770
1486.00 -10.70539027   2.07397687
1487.00 -10.72466502   2.07811142
1488.00 -10.74395171   2.08225135
1489.00 -10.76325034   2.08639667
1490.00 -10.78256091   2.09054737
1491.00 -10.80188340   2.09470347
1492.00 -10.82121784   2.09886495
1493.00 -10.84056420   2.10303184
1494.00 -10.85992249   2.10720413
1495.00 -10.87929270   2.11138182
1496.00 -10.89867484   2.11556491
1497.00 -10.91806890   2.11975342
1498.00 -10.93747488   2.12394733
1499.00 -10.95689277   2.12814667
1500.00 -10.97632259   2.13235142
1501.00 -10.99576431   2.13656160
1502.00 -11.01521795   2.14077720
1503.00 -11.03468350   2.14499823
1504.00 -11.05416096   2.14922469
1505.00 -11.07365032   2.15345658
1506.00 -11.09315158   2.15769392
1507.00 -11.11266475   2.16193669
1508.00 -11.13218982   2.16618491
1509.00 -11.15172678   2.17043858
1510.00 -11.17127564   2.17469769
1511.00 -11.19083640   2.17896226
1512.00 -11.21040904   2.18323229
1513.00 -11.22999358   2.18750778
1514.00 -11.24959000   2.19178873
1515.00 -11.26919831   2.19607514
1516.00 -11.28881850   2.20036702
1517.00 -11.30845058   2.20466438
1518.00 -11.32809453   2.20896721
1519.00 -11.34775036   2.21327552
1520.00 -11.36741807   2.21758931
1521.00 -11.38709764   2.22190859
1522.00 -11.40678910   2.22623335
1523.00 -11.42649242   2.23056361
1524.00 -11.44620760   2.23489935
1525.00 -11.46593466   2.23924060
1526.00 -11.48567357   2.24358734
1527.00 -11.50542435   2.24793959
1528.00 -11.52518699   2.25229735
1529.00 -11.54496148   2.25666061
1530.00 -11.56474783   2.26102939
1531.00 -11.58454604   2.26540368
1532.00 -11.60435609   2.26978349
1533.00 -11.62417799   2.27416883
1534.00 -11.64401174   2.27855969
1535.00 -11.66385734   2.28295607
1536.00 -11.68371478   2.28735799
1537.00 -11.70358406   2.29176544
1538.00 -11.72346518   2.29617843
1539.00 -11.74335813   2.30059696
1540.00 -11.76326292   2.30502103
1541.00 -11.78317954   2.30945065
1542.00 -11.80310800   2.31388582
1543.00 -11.82304828   2.31832654
1544.00 -11.84300039   2.32277282
1545.00 -11.86296432   2.32722466
1546.00 -11.88294008   2.33168206
1547.00 -11.90292765   2.33614502
1548.00 -11.92292705   2.34061356
1549.00 -11.94293826   2.34508766
1550.00 -11.96296128   2.34956734
1551.00 -11.98299612   2.35405259
1552.00 -12.00304277   2.35854343
1553.00 -12.02310123   2.36303985
1554.00 -12.04317149   2.36754186
1555.00 -12.06325356   2.37204945
1556.00 -12.08334742   2.37656264
1557.00 -12.10345309   2.38108143
1558.00 -12.12357056   2.38560581
1559.00 -12.14369982   2.39013580
1560.00 -12.16384088   2.39467139
1561.00 -12.18399372   2.39921259
1562.00 -12.20415836   2.40375940
1563.00 -12.22433479   2.40831183
1564.00 -12.24452300   2.41286987
1565.00 -12.26472299   2.41743353
1566.00 -12.28493476   2.42200282
1567.00 -12.30515832   2.42657774
1568.00 -12.32539365   2.43115828
1569.00 -12.34564076   2.43574446
1570.00 -12.36589964   2.44033627
1571.00 -12.38617029   2.44493372
1572.00 -12.40645271   2.44953681
1573.00 -12.42674689   2.45414555
1574.00 -12.44705284   2.45875994
1575.00 -12.46737056   2.46337998
1576.00 -12.48770003   2.46800567
1577.00 -12.50804126   2.47263702
1578.00 -12.52839425   2.47727403
1579.00 -12.54875900   2.48191670
1580.00 -12.56913549   2.48656504
1581.00 -12.58952374   2.49121905
1582.00 -12.60992373   2.49587873
1583.00 -12.63033547   2.50054409
1584.00 -12.65075895   2.50521512
1585.00 -12.67119418   2.50989184
1586.00 -12.69164115   2.51457424
1587.00 -12.71209985   2.51926233
1588.00 -12.73257029   2.52395611
1589.00 -12.75305246   2.52865559
1590.00 -12.77354636   2.53336076
1591.00 -12.79405199   2.53807163
1592.00 -12.81456935   2.54278821
1593.00 -12.83509844   2.54751049
1594.00 -12.85563925   2.55223848
1595.00 -12.87619177   2.55697218
1596.00 -12.89675602   2.56171160
1597.00 -12.91733199   2.56645674
1598.00 -12.93791966   2.57120759
1599.00 -12.95851905   2.57596417
1600.00 -12.97913016   2.58072648
1601.00 -12.99975297   2.58549452
1602.00 -13.02038748   2.59026830
1603.00 -13.04103370   2.59504780
1604.00 -13.06169162   2.59983305
1605.00 -13.08236124   2.60462404
1606.00 -13.10304256   2.60942078
1607.00 -13.12373558   2.61422327
1608.00 -13.14444028   2.61903150
1609.00 -13.16515668   2.62384549
1610.00 -13.18588477   2.62866524
1611.00 -13.20662455   2.63349075
1612.00 -13.22737601   2.63832203
1613.00 -13.24813915   2.64315907
1614.00 -13.26891398   2.64800188
1615.00 -13.28970048   2.65285046
1616.00 -13.31049866   2.65770482
1617.00 -13.33130851   2.66256496
1618.00 -13.35213004   2.66743088
1619.00 -13.37296323   2.67230258
1620.00 -13.39380810   2.67718007
1621.00 -13.41466463   2.68206336
1622.00 -13.43553282   2.68695243
1623.00 -13.45641268   2.69184731
1624.00 -13.47730419   2.69674798
1625.00 -13.49820736   2.70165446
1626.00 -13.51912219   2.70656674
1627.00 -13.54004867   2.71148483
1628.00 -13.56098680   2.71640874
1629.00 -13.58193658   2.72133845
1630.00 -13.60289801   2.72627399
1631.00 -13.62387108   2.73121535
1632.00 -13.64485580   2.73616253
1633.00 -13.66585215   2.74111554
1634.00 -13.68686015   2.74607438
1635.00 -13.70787977   2.75103905
1636.00 -13.72891104   2.75600956
1637.00 -13.74995393   2.76098590
1638.00 -13.77100845   2.76596809
1639.00 -13.79207461   2.77095613
1640.00 -13.81315238   2.77595001
1641.00 -13.83424178   2.78094974
1642.00 -13.85534280   2.78595533
1643.00 -13.87645544   2.79096677
1644.00 -13.89757970   2.79598407
1645.00 -13.91871557   2.80100724
1646.00 -13.93986305   2.80603627
1647.00 -13.96102215   2.81107118
1648.00 -13.98219285   2.81611195
1649.00 -14.00337516   2.82115860
1650.00 -14.02456907   2.82621112
1651.00 -14.04577458   2.83126953
1652.00 -14.06699169   2.83633382
1653.00 -14.08822040   2.84140400
1654.00 -14.10946071   2.84648007
1655.00 -14.13071261   2.85156203
1656.00 -14.15197610   2.85664989
1657.00 -14.17325117   2.86174364
1658.00 -14.19453784   2.86684330
1659.00 -14.21583609   2.87194886
1660.00 -14.23714592   2.87706033
1661.00 -14.25846733   2.88217771
1662.00 -14.27980032   2.88730100
1663.00 -14.30114488   2.89243022
1664.00 -14.32250102   2.89756535
1665.00 -14.34386873   2.90270640
1666.00 -14.36524800   2.90785338
1667.00 -14.38663885   2.91300628
1668.00 -14.40804126   2.91816512
1669.00 -14.42945523   2.92332990
1670.00 -14.45088077   2.92850061
1671.00 -14.47231786   2.93367726
1672.00 -14.49376651   2.93885985
1673.00 -14.51522671   2.94404839
1674.00 -14.53669846   2.94924288
1675.00 -14.55818176   2.95444333
1676.00 -14.57967661   2.95964972
1677.00 -14.60118301   2.96486208
1678.00 -14.62270095   2.97008040
1679.00 -14.64423043   2.97530468
1680.00 -14.66577145   2.98053493
1681.00 -14.68732400   2.98577114
1682.00 -14.70888809   2.99101334
1683.00 -14.73046371   2.99626150
1684.00 -14.75205086   3.00151565
1685.00 -14.77364954   3.00677578
1686.00 -14.79525974   3.01204189
1687.00 -14.81688147   3.01731399
1688.00 -14.83851472   3.02259208
1689.00 -14.86015949   3.02787617
1690.00 -14.88181577   3.03316625
1691.00 -14.90348357   3.03846233
1692.00 -14.92516288   3.04376441
1693.00 -14.94685371   3.04907250
1694.00 -14.96855604   3.05438660
1695.00 -14.99026987   3.05970671
1696.00 -15.01199521   3.06503283
1697.00 -15.03373205   3.07036497
1698.00 -15.05548039   3.07570313
1699.00 -15.07724023   3.08104732
1700.00 -15.09901156   3.08639753
1701.00 -15.12079438   3.09175376
1702.00 -15.14258870   3.09711603
1703.00 -15.16439450   3.10248434
1704.00 -15.18621179   3.10785868
1705.00 -15.20804056   3.11323907
1706.00 -15.22988081   3.11862549
1707.00 -15.25173255   3.12401797
1708.00 -15.27359576   3.12941649
1709.00 -15.29547044   3.13482107
1710.00 -15.31735660   3.14023170
1711.00 -15.33925423   3.14564839
1712.00 -15.36116333   3.15107114
1713.00 -15.38308389   3.15649995
1714.00 -15.40501591   3.16193484
1715.00 -15.42695940   3.16737579
1716.00 -15.44891435   3.17282281
1717.00 -15.47088076   3.17827591
1718.00 -15.49285861   3.18373509
1719.00 -15.51484793   3.18920035
1720.00 -15.53684869   3.19467170
1721.00 -15.55886090   3.20014913
1722.00 -15.58088456   3.20563266
1723.00 -15.60291966   3.21112227
1724.00 -15.62496620   3.21661799
1725.00 -15.64702418   3.22211980
1726.00 -15.66909360   3.22762771
1727.00 -15.69117446   3.23314173
1728.00 -15.71326674   3.23866186
1729.00 -15.73537046   3.24418810
1730.00 -15.75748561   3.24972045
1731.00 -15.77961218   3.25525892
1732.00 -15.80175017   3.26080351
1733.00 -15.82389959   3.26635422
1734.00 -15.84606043   3.27191105
1735.00 -15.86823268   3.27747402
1736.00 -15.89041635   3.28304311
1737.00 -15.91261143   3.28861834
1738.00 -15.93481792   3.29419970
1739.00 -15.95703582   3.29978721
1740.00 -15.97926512   3.30538086
1741.00 -16.00150583   3.31098065
1742.00 -16.02375794   3.31658660
1743.00 -16.04602145   3.32219869
1744.00 -16.06829635   3.32781694
1745.00 -16.09058265   3.33344134
1746.00 -16.11288035   3.33907191
1747.00 -16.13518943   3.34470864
1748.00 -16.15750990   3.35035153
1749.00 -16.17984175   3.35600060
1750.00 -16.20218499   3.36165583
1751.00 -16.22453961   3.36731724
1752.00 -16.24690561   3.37298483
1753.00 -16.26928299   3.37865859
1754.00 -16.29167174   3.38433854
1755.00 -16.31407186   3.39002468
1756.00 -16.33648336   3.39571701
1757.00 -16.35890622   3.40141552
1758.00 -16.38134044   3.40712023
1759.00 -16.40378603   3.41283114
1760.00 -16.42624298   3.41854825
1761.00 -16.44871129   3.42427157
1762.00 -16.47119095   3.43000109
1763.00 -16.49368197   3.43573681
1764.00 -16.51618434   3.44147876
1765.00 -16.53869806   3.44722691
1766.00 -16.56122312   3.45298128
1767.00 -16.58375954   3.45874188
1768.00 -16.60630729   3.46450869
1769.00 -16.62886638   3.47028174
1770.00 -16.65143682   3.47606101
1771.00 -16.67401859   3.48184651
1772.00 -16.69661169   3.48763825
1773.00 -16.71921612   3.49343623
1774.00 -16.74183188   3.49924045
1775.00 -16.76445897   3.50505091
1776.00 -16.78709739   3.51086762
1777.00 -16.80974712   3.51669058
1778.00 -16.83240818   3.52251979
1779.00 -16.85508055   3.52835525
1780.00 -16.87776424   3.53419697
1781.00 -16.90045925   3.54004495
1782.00 -16.92316556   3.54589920
1783.00 -16.94588318   3.55175971
1784.00 -16.96861211   3.55762649
1785.00 -16.99135234   3.56349955
1786.00 -17.01410387   3.56937888
1787.00 -17.03686671   3.57526448
1788.00 -17.05964084   3.58115637
1789.00 -17.08242626   3.58705454
1790.00 -17.10522298   3.59295900
1791.00 -17.12803099   3.59886974
1792.00 -17.15085028   3.60478678
1793.00 -17.17368087   3.61071011
1794.00 -17.19652273   3.61663974
1795.00 -17.21937588   3.62257567
1796.00 -17.24224030   3.62851791
1797.00 -17.26511600   3.63446645
1798.00 -17.28800298   3.64042130
1799.00 -17.31090123   3.64638246
1800.00 -17.33381074   3.65234994
1801.00 -17.35673153   3.65832373
1802.00 -17.37966358   3.66430384
1803.00 -17.40260689   3.67029028
1804.00 -17.42556146   3.67628304
1805.00 -17.44852729   3.68228214
1806.00 -17.47150438   3.68828756
1807.00 -17.49449272   3.69429932
1808.00 -17.51749231   3.70031742
1809.00 -17.54050315   3.70634185
1810.00 -17.56352524   3.71237263
1811.00 -17.58655857   3.71840976
1812.00 -17.60960314   3.72445323
1813.00 -17.63265896   3.73050305
1814.00 -17.65572601   3.73655923
1815.00 -17.67880429   3.74262177
1816.00 -17.70189381   3.74869067
1817.00 -17.72499456   3.75476593
1818.00 -17.74810654   3.76084755
1819.00 -17.77122974   3.76693554
1820.00 -17.79436417   3.77302991
1821.00 -17.81750981   3.77913065
1822.00 -17.84066668   3.78523776
1823.00 -17.86383476   3.79135126
1824.00 -17.88701406   3.79747114
1825.00 -17.91020457   3.80359740
1826.00 -17.93340628   3.80973005
1827.00 -17.95661921   3.81586909
1828.00 -17.97984334   3.82201453
1829.00 -18.00307867   3.82816636
1830.00 -18.02632521   3.83432459
1831.00 -18.04958294   3.84048922
1832.00 -18.07285187   3.84666026
1833.00 -18.09613199   3.85283771
1834.00 -18.11942330   3.85902156
1835.00 -18.14272580   3.86521183
1836.00 -18.16603948   3.87140852
1837.00 -18.18936435   3.87761163
1838.00 -18.21270040   3.88382115
1839.00 -18.23604764   3.89003710
1840.00 -18.25940604   3.89625948
1841.00 -18.28277563   3.90248829
1842.00 -18.30615638   3.90872353
1843.00 -18.32954831   3.91496521
1844.00 -18.35295140   3.92121333
1845.00 -18.37636566   3.92746788
1846.00 -18.39979108   3.93372889
1847.00 -18.42322766   3.93999633
1848.00 -18.44667540   3.94627023
1849.00 -18.47013430   3.95255058
1850.00 -18.49360435   3.95883739
1851.00 -18.51708555   3.96513065
1852.00 -18.54057790   3.97143037
1853.00 -18.56408139   3.97773656
1854.00 -18.58759603   3.98404922
1855.00 -18.61112182   3.99036834
1856.00 -18.63465874   3.99669393
1857.00 -18.65820680   4.00302600
1858.00 -18.68176599   4.00936455
1859.00 -18.70533632   4.01570958
1860.00 -18.72891778   4.02206109
1861.00 -18.75251036   4.02841908
1862.00 -18.77611407   4.03478357
1863.00 -18.79972890   4.04115454
1864.00 -18.82335486   4.04753201
1865.00 -18.84699193   4.05391598
1866.00 -18.87064012   4.06030645
1867.00 -18.89429942   4.06670342
1868.00 -18.91796983   4.07310689
1869.00 -18.94165136   4.07951687
1870.00 -18.96534399   4.08593336
1871.00 -18.98904772   4.09235637
1872.00 -19.01276255   4.09878589
1873.00 -19.03648849   4.10522193
1874.00 -19.06022552   4.11166450
1875.00 -19.08397365   4.11811358
1876.00 -19.10773286   4.12456920
1877.00 -19.13150317   4.13103134
1878.00 -19.15528457   4.13750002
1879.00 -19.17907705   4.14397523
1880.00 -19.20288062   4.15045698
1881.00 -19.22669526   4.15694527
1882.00 -19.25052099   4.16344011
1883.00 -19.27435779   4.16994149
1884.00 -19.29820566   4.17644942
1885.00 -19.32206460   4.18296391
1886.00 -19.34593462   4.18948495
1887.00 -19.36981569   4.19601254
1888.00 -19.39370784   4.20254670
1889.00 -19.41761104   4.20908742
1890.00 -19.44152531   4.21563470
1891.00 -19.46545063   4.22218855
1892.00 -19.48938700   4.22874898
1893.00 -19.51333443   4.23531597
1894.00 -19.53729291   4.24188955
1895.00 -19.56126243   4.24846970
1896.00 -19.58524300   4.25505644
1897.00 -19.60923461   4.26164976
1898.00 -19.63323726   4.26824967
1899.00 -19.65725095   4.27485617
1900.00 -19.68127568   4.28146926
1901.00 -19.70531144   4.28808895
1902.00 -19.72935823   4.29471523
1903.00 -19.75341604   4.30134812
1904.00 -19.77748489   4.30798761
1905.00 -19.80156475   4.31463371
1906.00 -19.82565564   4.32128642
1907.00 -19.84975755   4.32794574
1908.00 -19.87387047   4.33461167
1909.00 -19.89799441   4.34128423
1910.00 -19.92212935   4.34796340
1911.00 -19.94627531   4.35464920
1912.00 -19.97043228   4.36134162
1913.00 -19.99460024   4.36804067
1914.00 -20.01877921   4.37474635
1915.00 -20.04296918   4.38145866
1916.00 -20.06717015   4.38817761
1917.00 -20.09138211   4.39490321
1918.00 -20.11560507   4.40163544
1919.00 -20.13983901   4.40837432
1920.00 -20.16408394   4.41511984
1921.00 -20.18833986   4.42187202
1922.00 -20.21260676   4.42863085
1923.00 -20.23688464   4.43539633
1924.00 -20.26117349   4.44216847
1925.00 -20.28547333   4.44894727
1926.00 -20.30978413   4.45573274
1927.00 -20.33410591   4.46252488
1928.00 -20.35843865   4.46932368
1929.00 -20.38278236   4.47612915
1930.00 -20.40713704   4.48294130
1931.00 -20.43150267   4.48976013
1932.00 -20.45587927   4.49658563
1933.00 -20.48026682   4.50341782
1934.00 -20.50466532   4.51025669
1935.00 -20.52907478   4.51710226
1936.00 -20.55349518   4.52395451
1937.00 -20.57792653   4.53081345
1938.00 -20.60236883   4.53767910
1939.00 -20.62682207   4.54455144
1940.00 -20.65128624   4.55143048
1941.00 -20.67576135   4.55831623
1942.00 -20.70024740   4.56520868
1943.00 -20.72474438   4.57210784
1944.00 -20.74925229   4.57901372
1945.00 -20.77377113   4.58592630
1946.00 -20.79830089   4.59284561
1947.00 -20.82284157   4.59977164
1948.00 -20.84739318   4.60670439
1949.00 -20.87195570   4.61364387
1950.00 -20.89652913   4.62059007
1951.00 -20.92111348   4.62754300
1952.00 -20.94570874   4.63450267
1953.00 -20.97031491   4.64146908
1954.00 -20.99493198   4.64844222
1955.00 -21.01955995   4.65542211
1956.00 -21.04419883   4.66240874
1957.00 -21.06884860   4.66940211
1958.00 -21.09350927   4.67640224
1959.00 -21.11818084   4.68340912
1960.00 -21.14286329   4.69042275
1961.00 -21.16755663   4.69744314
1962.00 -21.19226086   4.70447029
1963.00 -21.21697597   4.71150421
1964.00 -21.24170196   4.71854489
1965.00 -21.26643883   4.72559234
1966.00 -21.29118658   4.73264656
1967.00 -21.31594520   4.73970755
1968.00 -21.34071469   4.74677532
1969.00 -21.36549505   4.75384987
1970.00 -21.39028628   4.76093120
1971.00 -21.41508837   4.76801931
1972.00 -21.43990132   4.77511421
1973.00 -21.46472513   4.78221590
1974.00 -21.48955980   4.78932439
1975.00 -21.51440532   4.79643966
1976.00 -21.53926169   4.80356174
1977.00 -21.56412892   4.81069061
1978.00 -21.58900699   4.81782629
1979.00 -21.61389590   4.82496878
1980.00 -21.63879566   4.83211807
1981.00 -21.66370625   4.83927417
1982.00 -21.68862768   4.84643709
1983.00 -21.71355995   4.85360682
1984.00 -21.73850305   4.86078337
1985.00 -21.76345698   4.86796674
1986.00 -21.78842173   4.87515693
1987.00 -21.81339731   4.88235396
1988.00 -21.83838372   4.88955781
1989.00 -21.86338094   4.89676849
1990.00 -21.88838898   4.90398601
1991.00 -21.91340783   4.91121036
1992.00 -21.93843750   4.91844156
1993.00 -21.96347798   4.92567960
1994.00 -21.98852926   4.93292448
1995.00 -22.01359135   4.94017621
1996.00 -22.03866424   4.94743479
1997.00 -22.06374794   4.95470022
1998.00 -22.08884243   4.96197251
1999.00 -22.11394771   4.96925165
2000.00 -22.13906379   4.97653766
