wavelength(nm)         real         imag
100.00   3.78805594   0.00106973
102.00   3.78353383   0.00113520
104.00   3.77892221   0.00120329
106.00   3.77422108   0.00127405
108.00   3.76943043   0.00134753
110.00   3.76455029   0.00142378
112.00   3.75958063   0.00150285
114.00   3.75452148   0.00158480
116.00   3.74937283   0.00166968
118.00   3.74413468   0.00175753
120.00   3.73880703   0.00184841
122.00   3.73338989   0.00194238
124.00   3.72788326   0.00203947
126.00   3.72228715   0.00213974
128.00   3.71660154   0.00224325
130.00   3.71082646   0.00235004
132.00   3.70496189   0.00246017
134.00   3.69900785   0.00257369
136.00   3.69296433   0.00269064
138.00   3.68683134   0.00281109
140.00   3.68060888   0.00293507
142.00   3.67429695   0.00306265
144.00   3.66789555   0.00319387
146.00   3.66140470   0.00332879
148.00   3.65482438   0.00346746
150.00   3.64815461   0.00360992
152.00   3.64139539   0.00375623
154.00   3.63454671   0.00390644
156.00   3.62760859   0.00406060
158.00   3.62058103   0.00421876
160.00   3.61346402   0.00438098
162.00   3.60625758   0.00454730
164.00   3.59896170   0.00471778
166.00   3.59157639   0.00489246
168.00   3.58410165   0.00507141
170.00   3.57653749   0.00525466
172.00   3.56888391   0.00544228
174.00   3.56114090   0.00563430
176.00   3.55330848   0.00583080
178.00   3.54538665   0.00603180
180.00   3.53737542   0.00623737
182.00   3.52927477   0.00644756
184.00   3.52108473   0.00666242
186.00   3.51280529   0.00688199
188.00   3.50443646   0.00710634
190.00   3.49597823   0.00733551
192.00   3.48743062   0.00756955
194.00   3.47879363   0.00780852
196.00   3.47006725   0.00805246
198.00   3.46125151   0.00830143
200.00   3.45234639   0.00855547
202.00   3.44335190   0.00881465
204.00   3.43426805   0.00907900
206.00   3.42509484   0.00934859
208.00   3.41583228   0.00962346
210.00   3.40648036   0.00990366
212.00   3.39703910   0.01018925
214.00   3.38750849   0.01048027
216.00   3.37788855   0.01077678
218.00   3.36817927   0.01107882
220.00   3.35838066   0.01138646
222.00   3.34849272   0.01169974
224.00   3.33851546   0.01201871
226.00   3.32844889   0.01234342
228.00   3.31829300   0.01267392
230.00   3.30804780   0.01301027
232.00   3.29771330   0.01335252
234.00   3.28728950   0.01370071
236.00   3.27677640   0.01405490
238.00   3.26617402   0.01441514
240.00   3.25548234   0.01478148
242.00   3.24470139   0.01515397
244.00   3.23383116   0.01553267
246.00   3.22287166   0.01591762
248.00   3.21182289   0.01630887
250.00   3.20068486   0.01670648
252.00   3.18945757   0.01711049
254.00   3.17814103   0.01752096
256.00   3.16673524   0.01793795
258.00   3.15524021   0.01836149
260.00   3.14365595   0.01879164
262.00   3.13198245   0.01922845
264.00   3.12021972   0.01967198
266.00   3.10836777   0.02012227
268.00   3.09642661   0.02057938
270.00   3.08439623   0.02104335
272.00   3.07227665   0.02151424
274.00   3.06006786   0.02199210
276.00   3.04776988   0.02247698
278.00   3.03538271   0.02296892
280.00   3.02290636   0.02346799
282.00   3.01034083   0.02397423
284.00   2.99768612   0.02448770
286.00   2.98494224   0.02500843
288.00   2.97210920   0.02553650
290.00   2.95918701   0.02607193
292.00   2.94617566   0.02661480
294.00   2.93307516   0.02716514
296.00   2.91988553   0.02772301
298.00   2.90660676   0.02828847
300.00   2.89323887   0.02886155
302.00   2.87978185   0.02944231
304.00   2.86623571   0.03003081
306.00   2.85260046   0.03062709
308.00   2.83887611   0.03123121
310.00   2.82506266   0.03184321
312.00   2.81116012   0.03246314
314.00   2.79716849   0.03309107
316.00   2.78308778   0.03372703
318.00   2.76891799   0.03437108
320.00   2.75465914   0.03502327
322.00   2.74031122   0.03568365
324.00   2.72587425   0.03635227
326.00   2.71134823   0.03702919
328.00   2.69673316   0.03771445
330.00   2.68202906   0.03840810
332.00   2.66723593   0.03911020
334.00   2.65235377   0.03982079
336.00   2.63738260   0.04053993
338.00   2.62232242   0.04126767
340.00   2.60717323   0.04200405
342.00   2.59193504   0.04274914
344.00   2.57660786   0.04350297
346.00   2.56119170   0.04426561
348.00   2.54568656   0.04503709
350.00   2.53009245   0.04581748
352.00   2.51440938   0.04660683
354.00   2.49863735   0.04740517
356.00   2.48277637   0.04821257
358.00   2.46682645   0.04902908
360.00   2.45078758   0.04985474
362.00   2.43465979   0.05068961
364.00   2.41844308   0.05153374
366.00   2.40213746   0.05238718
368.00   2.38574292   0.05324997
370.00   2.36925948   0.05412217
372.00   2.35268715   0.05500384
374.00   2.33602594   0.05589502
376.00   2.31927584   0.05679575
378.00   2.30243687   0.05770611
380.00   2.28550904   0.05862612
382.00   2.26849235   0.05955585
384.00   2.25138681   0.06049534
386.00   2.23419243   0.06144465
388.00   2.21690921   0.06240382
390.00   2.19953717   0.06337291
392.00   2.18207631   0.06435197
394.00   2.16452663   0.06534105
396.00   2.14688815   0.06634020
398.00   2.12916088   0.06734946
400.00   2.11134481   0.06836889
402.00   2.09343997   0.06939855
404.00   2.07544635   0.07043847
406.00   2.05736396   0.07148872
408.00   2.03919282   0.07254934
410.00   2.02093293   0.07362038
412.00   2.00258429   0.07470190
414.00   1.98414692   0.07579394
416.00   1.96562083   0.07689655
418.00   1.94700602   0.07800979
420.00   1.92830250   0.07913371
422.00   1.90951028   0.08026835
424.00   1.89062936   0.08141377
426.00   1.87165976   0.08257001
428.00   1.85260149   0.08373713
430.00   1.83345454   0.08491518
432.00   1.81421894   0.08610421
434.00   1.79489468   0.08730427
436.00   1.77548178   0.08851541
438.00   1.75598025   0.08973768
440.00   1.73639009   0.09097113
442.00   1.71671131   0.09221581
444.00   1.69694393   0.09347177
446.00   1.67708794   0.09473906
448.00   1.65714336   0.09601774
450.00   1.63711020   0.09730784
452.00   1.61698847   0.09860944
454.00   1.59677816   0.09992256
456.00   1.57647931   0.10124727
458.00   1.55609190   0.10258361
460.00   1.53561596   0.10393164
462.00   1.51505148   0.10529140
464.00   1.49439848   0.10666295
466.00   1.47365698   0.10804634
468.00   1.45282697   0.10944161
470.00   1.43190846   0.11084882
472.00   1.41090147   0.11226801
474.00   1.38980600   0.11369924
476.00   1.36862207   0.11514256
478.00   1.34734968   0.11659801
480.00   1.32598884   0.11806566
482.00   1.30453957   0.11954554
484.00   1.28300186   0.12103771
486.00   1.26137574   0.12254222
488.00   1.23966120   0.12405912
490.00   1.21785826   0.12558846
492.00   1.19596693   0.12713029
494.00   1.17398722   0.12868466
496.00   1.15191914   0.13025162
498.00   1.12976269   0.13183121
500.00   1.10751789   0.13342350
502.00   1.08518474   0.13502853
504.00   1.06276327   0.13664635
506.00   1.04025347   0.13827701
508.00   1.01765535   0.13992057
510.00   0.99496893   0.14157706
512.00   0.97219421   0.14324655
514.00   0.94933121   0.14492907
516.00   0.92637994   0.14662469
518.00   0.90334040   0.14833345
520.00   0.88021260   0.15005541
522.00   0.85699656   0.15179060
524.00   0.83369229   0.15353909
526.00   0.81029979   0.15530092
528.00   0.78681908   0.15707614
530.00   0.76325016   0.15886480
532.00   0.73959305   0.16066696
534.00   0.71584776   0.16248266
536.00   0.69201429   0.16431195
538.00   0.66809266   0.16615488
540.00   0.64408288   0.16801151
542.00   0.61998496   0.16988188
544.00   0.59579890   0.17176604
546.00   0.57152472   0.17366404
548.00   0.54716244   0.17557594
550.00   0.52271205   0.17750178
552.00   0.49817357   0.17944161
554.00   0.47354702   0.18139549
556.00   0.44883239   0.18336345
558.00   0.42402972   0.18534556
560.00   0.39913899   0.18734186
562.00   0.37416023   0.18935240
564.00   0.34909344   0.19137724
566.00   0.32393864   0.19341641
568.00   0.29869584   0.19546998
570.00   0.27336504   0.19753799
572.00   0.24794627   0.19962049
574.00   0.22243952   0.20171753
576.00   0.19684482   0.20382917
578.00   0.17116217   0.20595544
580.00   0.14539158   0.20809640
582.00   0.11953306   0.21025211
584.00   0.09358664   0.21242260
586.00   0.06755231   0.21460794
588.00   0.04143008   0.21680817
590.00   0.01521998   0.21902333
592.00  -0.01107799   0.22125348
594.00  -0.03746382   0.22349868
596.00  -0.06393749   0.22575896
598.00  -0.09049900   0.22803438
600.00  -0.11714833   0.23032499
602.00  -0.14388547   0.23263083
604.00  -0.17071041   0.23495196
606.00  -0.19762314   0.23728844
608.00  -0.22462365   0.23964029
610.00  -0.25171192   0.24200759
612.00  -0.27888795   0.24439037
614.00  -0.30615171   0.24678868
616.00  -0.33350321   0.24920258
618.00  -0.36094242   0.25163212
620.00  -0.38846934   0.25407734
622.00  -0.41608395   0.25653829
624.00  -0.44378624   0.25901503
626.00  -0.47157620   0.26150760
628.00  -0.49945382   0.26401606
630.00  -0.52741909   0.26654044
632.00  -0.55547198   0.26908081
634.00  -0.58361250   0.27163721
636.00  -0.61184063   0.27420969
638.00  -0.64015636   0.27679830
640.00  -0.66855967   0.27940309
642.00  -0.69705055   0.28202411
644.00  -0.72562899   0.28466141
646.00  -0.75429498   0.28731504
648.00  -0.78304850   0.28998504
650.00  -0.81188955   0.29267147
652.00  -0.84081811   0.29537438
654.00  -0.86983416   0.29809381
656.00  -0.89893770   0.30082982
658.00  -0.92812871   0.30358245
660.00  -0.95740718   0.30635176
662.00  -0.98677310   0.30913779
664.00  -1.01622645   0.31194059
666.00  -1.04576723   0.31476022
668.00  -1.07539541   0.31759671
670.00  -1.10511099   0.32045013
672.00  -1.13491395   0.32332051
674.00  -1.16480428   0.32620792
676.00  -1.19478197   0.32911239
678.00  -1.22484700   0.33203398
680.00  -1.25499937   0.33497274
682.00  -1.28523905   0.33792871
684.00  -1.31556604   0.34090195
686.00  -1.34598032   0.34389250
688.00  -1.37648187   0.34690042
690.00  -1.40707070   0.34992575
692.00  -1.43774677   0.35296854
694.00  -1.46851009   0.35602884
696.00  -1.49936063   0.35910670
698.00  -1.53029838   0.36220217
700.00  -1.56132333   0.36531530
702.00  -1.59243547   0.36844614
704.00  -1.62363478   0.37159473
706.00  -1.65492125   0.37476113
708.00  -1.68629486   0.37794539
710.00  -1.71775561   0.38114754
712.00  -1.74930347   0.38436765
714.00  -1.78093844   0.38760577
716.00  -1.81266050   0.39086193
718.00  -1.84446963   0.39413619
720.00  -1.87636583   0.39742860
722.00  -1.90834908   0.40073921
724.00  -1.94041936   0.40406807
726.00  -1.97257667   0.40741522
728.00  -2.00482098   0.41078072
730.00  -2.03715229   0.41416461
732.00  -2.06957057   0.41756694
734.00  -2.10207583   0.42098776
736.00  -2.13466803   0.42442713
738.00  -2.16734717   0.42788508
740.00  -2.20011324   0.43136167
742.00  -2.23296622   0.43485695
744.00  -2.26590609   0.43837096
746.00  -2.29893284   0.44190376
748.00  -2.33204646   0.44545539
750.00  -2.36524693   0.44902590
752.00  -2.39853424   0.45261534
754.00  -2.43190837   0.45622376
756.00  -2.46536932   0.45985121
758.00  -2.49891706   0.46349774
760.00  -2.53255158   0.46716339
762.00  -2.56627286   0.47084822
764.00  -2.60008090   0.47455227
766.00  -2.63397567   0.47827559
768.00  -2.66795717   0.48201823
770.00  -2.70202537   0.48578024
772.00  -2.73618027   0.48956167
774.00  -2.77042184   0.49336257
776.00  -2.80475008   0.49718298
778.00  -2.83916497   0.50102295
780.00  -2.87366649   0.50488253
782.00  -2.90825463   0.50876178
784.00  -2.94292937   0.51266073
786.00  -2.97769071   0.51657945
788.00  -3.01253862   0.52051796
790.00  -3.04747308   0.52447634
792.00  -3.08249409   0.52845461
794.00  -3.11760163   0.53245284
796.00  -3.15279569   0.53647107
798.00  -3.18807624   0.54050934
800.00  -3.22344327   0.54456772
802.00  -3.25889678   0.54864623
804.00  -3.29443673   0.55274495
806.00  -3.33006313   0.55686390
808.00  -3.36577594   0.56100315
810.00  -3.40157517   0.56516273
812.00  -3.43746078   0.56934270
814.00  -3.47343278   0.57354311
816.00  -3.50949113   0.57776400
818.00  -3.54563582   0.58200542
820.00  -3.58186685   0.58626742
822.00  -3.61818419   0.59055005
824.00  -3.65458783   0.59485336
826.00  -3.69107775   0.59917740
828.00  -3.72765394   0.60352220
830.00  -3.76431638   0.60788783
832.00  -3.80106506   0.61227433
834.00  -3.83789995   0.61668175
836.00  -3.87482105   0.62111013
838.00  -3.91182834   0.62555953
840.00  -3.94892180   0.63002999
842.00  -3.98610141   0.63452156
844.00  -4.02336717   0.63903429
846.00  -4.06071905   0.64356823
848.00  -4.09815703   0.64812342
850.00  -4.13568111   0.65269991
852.00  -4.17329127   0.65729776
854.00  -4.21098748   0.66191700
856.00  -4.24876974   0.66655769
858.00  -4.28663802   0.67121988
860.00  -4.32459232   0.67590361
862.00  -4.36263261   0.68060893
864.00  -4.40075888   0.68533589
866.00  -4.43897111   0.69008454
868.00  -4.47726929   0.69485492
870.00  -4.51565339   0.69964708
872.00  -4.55412341   0.70446108
874.00  -4.59267932   0.70929695
876.00  -4.63132112   0.71415475
878.00  -4.67004877   0.71903452
880.00  -4.70886228   0.72393632
882.00  -4.74776161   0.72886019
884.00  -4.78674675   0.73380617
886.00  -4.82581770   0.73877432
888.00  -4.86497442   0.74376468
890.00  -4.90421690   0.74877731
892.00  -4.94354513   0.75381224
894.00  -4.98295909   0.75886953
896.00  -5.02245876   0.76394922
898.00  -5.06204413   0.76905137
900.00  -5.10171517   0.77417601
902.00  -5.14147188   0.77932320
904.00  -5.18131422   0.78449299
906.00  -5.22124220   0.78968542
908.00  -5.26125579   0.79490054
910.00  -5.30135497   0.80013840
912.00  -5.34153972   0.80539904
914.00  -5.38181003   0.81068251
916.00  -5.42216589   0.81598887
918.00  -5.46260727   0.82131815
920.00  -5.50313415   0.82667041
922.00  -5.54374652   0.83204569
924.00  -5.58444437   0.83744404
926.00  -5.62522767   0.84286551
928.00  -5.66609641   0.84831015
930.00  -5.70705056   0.85377800
932.00  -5.74809012   0.85926911
934.00  -5.78921506   0.86478352
936.00  -5.83042537   0.87032129
938.00  -5.87172103   0.87588247
940.00  -5.91310202   0.88146709
942.00  -5.95456832   0.88707521
944.00  -5.99611992   0.89270687
946.00  -6.03775680   0.89836213
948.00  -6.07947893   0.90404102
950.00  -6.12128631   0.90974360
952.00  -6.16317892   0.91546991
954.00  -6.20515673   0.92122001
956.00  -6.24721973   0.92699393
958.00  -6.28936790   0.93279173
960.00  -6.33160122   0.93861345
962.00  -6.37391968   0.94445914
964.00  -6.41632326   0.95032884
966.00  -6.45881193   0.95622261
968.00  -6.50138568   0.96214049
970.00  -6.54404450   0.96808253
972.00  -6.58678836   0.97404877
974.00  -6.62961724   0.98003926
976.00  -6.67253114   0.98605406
978.00  -6.71553002   0.99209320
980.00  -6.75861387   0.99815673
982.00  -6.80178268   1.00424470
984.00  -6.84503641   1.01035716
986.00  -6.88837507   1.01649415
988.00  -6.93179862   1.02265573
990.00  -6.97530705   1.02884193
992.00  -7.01890034   1.03505281
994.00  -7.06257847   1.04128841
996.00  -7.10634142   1.04754877
998.00  -7.15018918   1.05383396
1000.00  -7.19412172   1.06014400
1002.00  -7.23813903   1.06647895
1004.00  -7.28224108   1.07283886
1006.00  -7.32642787   1.07922378
1008.00  -7.37069936   1.08563374
1010.00  -7.41505555   1.09206880
1012.00  -7.45949641   1.09852900
1014.00  -7.50402192   1.10501439
1016.00  -7.54863206   1.11152501
1018.00  -7.59332683   1.11806092
1020.00  -7.63810618   1.12462216
1022.00  -7.68297012   1.13120878
1024.00  -7.72791861   1.13782081
1026.00  -7.77295164   1.14445832
1028.00  -7.81806919   1.15112134
1030.00  -7.86327125   1.15780993
1032.00  -7.90855778   1.16452412
1034.00  -7.95392878   1.17126398
1036.00  -7.99938421   1.17802953
1038.00  -8.04492407   1.18482083
1040.00  -8.09054834   1.19163793
1042.00  -8.13625699   1.19848087
1044.00  -8.18205001   1.20534969
1046.00  -8.22792737   1.21224445
1048.00  -8.27388905   1.21916520
1050.00  -8.31993505   1.22611196
1052.00  -8.36606533   1.23308481
1054.00  -8.41227988   1.24008377
1056.00  -8.45857867   1.24710890
1058.00  -8.50496169   1.25416024
1060.00  -8.55142893   1.26123784
1062.00  -8.59798035   1.26834175
1064.00  -8.64461594   1.27547201
1066.00  -8.69133567   1.28262866
1068.00  -8.73813954   1.28981176
1070.00  -8.78502752   1.29702135
1072.00  -8.83199958   1.30425748
1074.00  -8.87905572   1.31152018
1076.00  -8.92619590   1.31880952
1078.00  -8.97342012   1.32612553
1080.00  -9.02072834   1.33346827
1082.00  -9.06812055   1.34083777
1084.00  -9.11559673   1.34823408
1086.00  -9.16315686   1.35565725
1088.00  -9.21080092   1.36310733
1090.00  -9.25852889   1.37058435
1092.00  -9.30634075   1.37808838
1094.00  -9.35423647   1.38561945
1096.00  -9.40221604   1.39317761
1098.00  -9.45027944   1.40076290
1100.00  -9.49842665   1.40837537
1102.00  -9.54665764   1.41601507
1104.00  -9.59497240   1.42368204
1106.00  -9.64337090   1.43137634
1108.00  -9.69185313   1.43909799
1110.00  -9.74041906   1.44684706
1112.00  -9.78906868   1.45462358
1114.00  -9.83780196   1.46242760
1116.00  -9.88661888   1.47025918
1118.00  -9.93551943   1.47811834
1120.00  -9.98450358   1.48600515
1122.00 -10.03357130   1.49391963
1124.00 -10.08272259   1.50186185
1126.00 -10.13195742   1.50983185
1128.00 -10.18127576   1.51782967
1130.00 -10.23067760   1.52585535
1132.00 -10.28016292   1.53390895
1134.00 -10.32973169   1.54199051
1136.00 -10.37938390   1.55010007
1138.00 -10.42911952   1.55823768
1140.00 -10.47893853   1.56640338
1142.00 -10.52884091   1.57459723
1144.00 -10.57882665   1.58281926
1146.00 -10.62889571   1.59106953
1148.00 -10.67904808   1.59934807
1150.00 -10.72928374   1.60765493
1152.00 -10.77960266   1.61599017
1154.00 -10.83000483   1.62435381
1156.00 -10.88049022   1.63274592
1158.00 -10.93105881   1.64116653
1160.00 -10.98171058   1.64961568
1162.00 -11.03244551   1.65809344
1164.00 -11.08326358   1.66659983
1166.00 -11.13416476   1.67513491
1168.00 -11.18514904   1.68369872
1170.00 -11.23621639   1.69229131
1172.00 -11.28736679   1.70091271
1174.00 -11.33860022   1.70956299
1176.00 -11.38991666   1.71824217
1178.00 -11.44131608   1.72695031
1180.00 -11.49279847   1.73568746
1182.00 -11.54436381   1.74445365
1184.00 -11.59601206   1.75324893
1186.00 -11.64774321   1.76207335
1188.00 -11.69955724   1.77092695
1190.00 -11.75145413   1.77980978
1192.00 -11.80343385   1.78872188
1194.00 -11.85549638   1.79766329
1196.00 -11.90764170   1.80663407
1198.00 -11.95986979   1.81563426
1200.00 -12.01218063   1.82466390
1202.00 -12.06457419   1.83372304
1204.00 -12.11705045   1.84281171
1206.00 -12.16960939   1.85192998
1208.00 -12.22225099   1.86107787
1210.00 -12.27497522   1.87025545
1212.00 -12.32778207   1.87946274
1214.00 -12.38067151   1.88869980
1216.00 -12.43364352   1.89796667
1218.00 -12.48669807   1.90726340
1220.00 -12.53983515   1.91659002
1222.00 -12.59305473   1.92594659
1224.00 -12.64635678   1.93533315
1226.00 -12.69974130   1.94474975
1228.00 -12.75320825   1.95419642
1230.00 -12.80675761   1.96367322
1232.00 -12.86038936   1.97318018
1234.00 -12.91410348   1.98271736
1236.00 -12.96789994   1.99228480
1238.00 -13.02177873   2.00188253
1240.00 -13.07573981   2.01151062
1242.00 -13.12978317   2.02116909
1244.00 -13.18390878   2.03085800
1246.00 -13.23811662   2.04057739
1248.00 -13.29240667   2.05032730
1250.00 -13.34677891   2.06010778
1252.00 -13.40123331   2.06991888
1254.00 -13.45576985   2.07976063
1256.00 -13.51038850   2.08963308
1258.00 -13.56508925   2.09953628
1260.00 -13.61987207   2.10947027
1262.00 -13.67473694   2.11943510
1264.00 -13.72968383   2.12943080
1266.00 -13.78471273   2.13945743
1268.00 -13.83982360   2.14951502
1270.00 -13.89501643   2.15960363
1272.00 -13.95029119   2.16972329
1274.00 -14.00564786   2.17987405
1276.00 -14.06108642   2.19005595
1278.00 -14.11660683   2.20026905
1280.00 -14.17220909   2.21051337
1282.00 -14.22789317   2.22078897
1284.00 -14.28365903   2.23109589
1286.00 -14.33950667   2.24143418
1288.00 -14.39543605   2.25180387
1290.00 -14.45144716   2.26220502
1292.00 -14.50753996   2.27263766
1294.00 -14.56371444   2.28310184
1296.00 -14.61997057   2.29359761
1298.00 -14.67630833   2.30412501
1300.00 -14.73272770   2.31468407
1302.00 -14.78922864   2.32527485
1304.00 -14.84581115   2.33589740
1306.00 -14.90247519   2.34655174
1308.00 -14.95922074   2.35723793
1310.00 -15.01604777   2.36795602
1312.00 -15.07295627   2.37870604
1314.00 -15.12994621   2.38948803
1316.00 -15.18701756   2.40030205
1318.00 -15.24417030   2.41114813
1320.00 -15.30140441   2.42202633
1322.00 -15.35871987   2.43293667
1324.00 -15.41611664   2.44387922
1326.00 -15.47359471   2.45485400
1328.00 -15.53115405   2.46586107
1330.00 -15.58879464   2.47690046
1332.00 -15.64651645   2.48797223
1334.00 -15.70431947   2.49907641
1336.00 -15.76220365   2.51021304
1338.00 -15.82016899   2.52138218
1340.00 -15.87821546   2.53258387
1342.00 -15.93634302   2.54381814
1344.00 -15.99455167   2.55508504
1346.00 -16.05284137   2.56638462
1348.00 -16.11121210   2.57771691
1350.00 -16.16966383   2.58908197
1352.00 -16.22819655   2.60047983
1354.00 -16.28681022   2.61191054
1356.00 -16.34550483   2.62337414
1358.00 -16.40428034   2.63487068
1360.00 -16.46313674   2.64640019
1362.00 -16.52207399   2.65796273
1364.00 -16.58109208   2.66955833
1366.00 -16.64019098   2.68118703
1368.00 -16.69937066   2.69284889
1370.00 -16.75863111   2.70454394
1372.00 -16.81797229   2.71627223
1374.00 -16.87739418   2.72803379
1376.00 -16.93689675   2.73982868
1378.00 -16.99647999   2.75165693
1380.00 -17.05614386   2.76351860
1382.00 -17.11588835   2.77541371
1384.00 -17.17571342   2.78734232
1386.00 -17.23561906   2.79930446
1388.00 -17.29560523   2.81130019
1390.00 -17.35567191   2.82332954
1392.00 -17.41581909   2.83539256
1394.00 -17.47604672   2.84748928
1396.00 -17.53635479   2.85961975
1398.00 -17.59674327   2.87178402
1400.00 -17.65721214   2.88398213
1402.00 -17.71776138   2.89621412
1404.00 -17.77839094   2.90848003
1406.00 -17.83910082   2.92077990
1408.00 -17.89989099   2.93311378
1410.00 -17.96076142   2.94548171
1412.00 -18.02171208   2.95788374
1414.00 -18.08274295   2.97031990
1416.00 -18.14385401   2.98279024
1418.00 -18.20504523   2.99529480
1420.00 -18.26631658   3.00783362
1422.00 -18.32766805   3.02040675
1424.00 -18.38909959   3.03301423
1426.00 -18.45061120   3.04565610
1428.00 -18.51220283   3.05833240
1430.00 -18.57387448   3.07104318
1432.00 -18.63562610   3.08378847
1434.00 -18.69745768   3.09656832
1436.00 -18.75936919   3.10938278
1438.00 -18.82136061   3.12223188
1440.00 -18.88343190   3.13511567
1442.00 -18.94558305   3.14803419
1444.00 -19.00781402   3.16098748
1446.00 -19.07012480   3.17397558
1448.00 -19.13251535   3.18699854
1450.00 -19.19498566   3.20005640
1452.00 -19.25753568   3.21314920
1454.00 -19.32016541   3.22627698
1456.00 -19.38287480   3.23943979
1458.00 -19.44566385   3.25263766
1460.00 -19.50853251   3.26587064
1462.00 -19.57148077   3.27913877
1464.00 -19.63450860   3.29244209
1466.00 -19.69761597   3.30578065
1468.00 -19.76080286   3.31915448
1470.00 -19.82406923   3.33256364
1472.00 -19.88741507   3.34600815
1474.00 -19.95084035   3.35948807
1476.00 -20.01434504   3.37300343
1478.00 -20.07792912   3.38655427
1480.00 -20.14159255   3.40014065
1482.00 -20.20533532   3.41376259
1484.00 -20.26915739   3.42742014
1486.00 -20.33305875   3.44111335
1488.00 -20.39703936   3.45484225
1490.00 -20.46109919   3.46860689
1492.00 -20.52523823   3.48240731
1494.00 -20.58945644   3.49624354
1496.00 -20.65375380   3.51011564
1498.00 -20.71813028   3.52402364
1500.00 -20.78258586   3.53796758
1502.00 -20.84712050   3.55194751
1504.00 -20.91173419   3.56596347
1506.00 -20.97642689   3.58001550
1508.00 -21.04119858   3.59410363
1510.00 -21.10604924   3.60822792
1512.00 -21.17097882   3.62238841
1514.00 -21.23598732   3.63658512
1516.00 -21.30107470   3.65081811
1518.00 -21.36624093   3.66508742
1520.00 -21.43148599   3.67939309
1522.00 -21.49680985   3.69373516
1524.00 -21.56221249   3.70811367
1526.00 -21.62769387   3.72252866
1528.00 -21.69325398   3.73698018
1530.00 -21.75889278   3.75146826
1532.00 -21.82461024   3.76599295
1534.00 -21.89040635   3.78055428
1536.00 -21.95628106   3.79515231
1538.00 -22.02223436   3.80978706
1540.00 -22.08826622   3.82445858
1542.00 -22.15437662   3.83916691
1544.00 -22.22056551   3.85391210
1546.00 -22.28683288   3.86869418
1548.00 -22.35317871   3.88351319
1550.00 -22.41960295   3.89836918
1552.00 -22.48610559   3.91326219
1554.00 -22.55268660   3.92819225
1556.00 -22.61934595   3.94315942
1558.00 -22.68608361   3.95816372
1560.00 -22.75289955   3.97320520
1562.00 -22.81979376   3.98828390
1564.00 -22.88676619   4.00339986
1566.00 -22.95381683   4.01855312
1568.00 -23.02094565   4.03374373
1570.00 -23.08815261   4.04897172
1572.00 -23.15543770   4.06423714
1574.00 -23.22280088   4.07954002
1576.00 -23.29024212   4.09488040
1578.00 -23.35776140   4.11025833
1580.00 -23.42535870   4.12567385
1582.00 -23.49303397   4.14112699
1584.00 -23.56078720   4.15661781
1586.00 -23.62861836   4.17214633
1588.00 -23.69652742   4.18771260
1590.00 -23.76451435   4.20331666
1592.00 -23.83257912   4.21895854
1594.00 -23.90072171   4.23463830
1596.00 -23.96894209   4.25035597
1598.00 -24.03724022   4.26611159
1600.00 -24.10561609   4.28190520
1602.00 -24.17406967   4.29773684
1604.00 -24.24260092   4.31360655
1606.00 -24.31120982   4.32951437
1608.00 -24.37989634   4.34546035
1610.00 -24.44866045   4.36144452
1612.00 -24.51750213   4.37746692
1614.00 -24.58642135   4.39352759
1616.00 -24.65541807   4.40962657
1618.00 -24.72449227   4.42576391
1620.00 -24.79364392   4.44193964
1622.00 -24.86287300   4.45815380
1624.00 -24.93217947   4.47440644
1626.00 -25.00156331   4.49069759
1628.00 -25.07102449   4.50702729
1630.00 -25.14056298   4.52339558
1632.00 -25.21017875   4.53980251
1634.00 -25.27987177   4.55624811
1636.00 -25.34964202   4.57273242
1638.00 -25.41948947   4.58925548
1640.00 -25.48941408   4.60581733
1642.00 -25.55941583   4.62241802
1644.00 -25.62949470   4.63905757
1646.00 -25.69965065   4.65573604
1648.00 -25.76988365   4.67245346
1650.00 -25.84019368   4.68920987
1652.00 -25.91058071   4.70600531
1654.00 -25.98104470   4.72283982
1656.00 -26.05158563   4.73971344
1658.00 -26.12220348   4.75662621
1660.00 -26.19289821   4.77357816
1662.00 -26.26366979   4.79056934
1664.00 -26.33451819   4.80759980
1666.00 -26.40544340   4.82466955
1668.00 -26.47644536   4.84177866
1670.00 -26.54752407   4.85892715
1672.00 -26.61867949   4.87611506
1674.00 -26.68991159   4.89334244
1676.00 -26.76122034   4.91060932
1678.00 -26.83260571   4.92791575
1680.00 -26.90406767   4.94526176
1682.00 -26.97560620   4.96264739
1684.00 -27.04722127   4.98007268
1686.00 -27.11891284   4.99753767
1688.00 -27.19068089   5.01504240
1690.00 -27.26252539   5.03258691
1692.00 -27.33444631   5.05017124
1694.00 -27.40644362   5.06779542
1696.00 -27.47851729   5.08545950
1698.00 -27.55066729   5.10316351
1700.00 -27.62289360   5.12090750
1702.00 -27.69519617   5.13869150
1704.00 -27.76757499   5.15651555
1706.00 -27.84003003   5.17437969
1708.00 -27.91256125   5.19228397
1710.00 -27.98516863   5.21022841
1712.00 -28.05785213   5.22821305
1714.00 -28.13061173   5.24623795
1716.00 -28.20344740   5.26430313
1718.00 -28.27635911   5.28240863
1720.00 -28.34934683   5.30055449
1722.00 -28.42241052   5.31874076
1724.00 -28.49555017   5.33696746
1726.00 -28.56876573   5.35523465
1728.00 -28.64205719   5.37354235
1730.00 -28.71542450   5.39189061
1732.00 -28.78886765   5.41027946
1734.00 -28.86238660   5.42870894
1736.00 -28.93598132   5.44717910
1738.00 -29.00965179   5.46568996
1740.00 -29.08339796   5.48424158
1742.00 -29.15721982   5.50283398
1744.00 -29.23111734   5.52146720
1746.00 -29.30509047   5.54014129
1748.00 -29.37913920   5.55885629
1750.00 -29.45326349   5.57761222
1752.00 -29.52746332   5.59640913
1754.00 -29.60173865   5.61524706
1756.00 -29.67608945   5.63412604
1758.00 -29.75051570   5.65304612
1760.00 -29.82501736   5.67200733
1762.00 -29.89959440   5.69100971
1764.00 -29.97424680   5.71005330
1766.00 -30.04897452   5.72913813
1768.00 -30.12377754   5.74826425
1770.00 -30.19865582   5.76743169
1772.00 -30.27360933   5.78664049
1774.00 -30.34863805   5.80589069
1776.00 -30.42374194   5.82518233
1778.00 -30.49892097   5.84451544
1780.00 -30.57417511   5.86389006
1782.00 -30.64950434   5.88330624
1784.00 -30.72490862   5.90276400
1786.00 -30.80038792   5.92226338
1788.00 -30.87594221   5.94180444
1790.00 -30.95157146   5.96138719
1792.00 -31.02727564   5.98101168
1794.00 -31.10305473   6.00067795
1796.00 -31.17890868   6.02038604
1798.00 -31.25483747   6.04013598
1800.00 -31.33084107   6.05992780
1802.00 -31.40691945   6.07976156
1804.00 -31.48307258   6.09963728
1806.00 -31.55930042   6.11955501
1808.00 -31.63560295   6.13951477
1810.00 -31.71198014   6.15951662
1812.00 -31.78843196   6.17956058
1814.00 -31.86495836   6.19964669
1816.00 -31.94155934   6.21977499
1818.00 -32.01823484   6.23994553
1820.00 -32.09498485   6.26015832
1822.00 -32.17180933   6.28041342
1824.00 -32.24870825   6.30071086
1826.00 -32.32568158   6.32105068
1828.00 -32.40272930   6.34143291
1830.00 -32.47985136   6.36185760
1832.00 -32.55704774   6.38232477
1834.00 -32.63431840   6.40283447
1836.00 -32.71166333   6.42338674
1838.00 -32.78908247   6.44398160
1840.00 -32.86657582   6.46461911
1842.00 -32.94414332   6.48529928
1844.00 -33.02178496   6.50602217
1846.00 -33.09950070   6.52678781
1848.00 -33.17729051   6.54759624
1850.00 -33.25515436   6.56844749
1852.00 -33.33309221   6.58934159
1854.00 -33.41110405   6.61027860
1856.00 -33.48918983   6.63125854
1858.00 -33.56734952   6.65228145
1860.00 -33.64558310   6.67334736
1862.00 -33.72389053   6.69445633
1864.00 -33.80227178   6.71560837
1866.00 -33.88072682   6.73680353
1868.00 -33.95925562   6.75804184
1870.00 -34.03785815   6.77932335
1872.00 -34.11653437   6.80064808
1874.00 -34.19528426   6.82201608
1876.00 -34.27410778   6.84342738
1878.00 -34.35300490   6.86488202
1880.00 -34.43197560   6.88638003
1882.00 -34.51101983   6.90792146
1884.00 -34.59013757   6.92950633
1886.00 -34.66932879   6.95113468
1888.00 -34.74859345   6.97280656
1890.00 -34.82793152   6.99452199
1892.00 -34.90734297   7.01628101
1894.00 -34.98682778   7.03808367
1896.00 -35.06638590   7.05992998
1898.00 -35.14601731   7.08182001
1900.00 -35.22572198   7.10375377
1902.00 -35.30549987   7.12573130
1904.00 -35.38535095   7.14775265
1906.00 -35.46527519   7.16981784
1908.00 -35.54527255   7.19192692
1910.00 -35.62534302   7.21407991
1912.00 -35.70548655   7.23627686
1914.00 -35.78570311   7.25851780
1916.00 -35.86599267   7.28080277
1918.00 -35.94635521   7.30313181
1920.00 -36.02679068   7.32550494
1922.00 -36.10729905   7.34792221
1924.00 -36.18788030   7.37038365
1926.00 -36.26853439   7.39288929
1928.00 -36.34926129   7.41543918
1930.00 -36.43006097   7.43803335
1932.00 -36.51093339   7.46067184
1934.00 -36.59187853   7.48335467
1936.00 -36.67289635   7.50608189
1938.00 -36.75398682   7.52885353
1940.00 -36.83514990   7.55166964
1942.00 -36.91638557   7.57453023
1944.00 -36.99769380   7.59743535
1946.00 -37.07907454   7.62038504
1948.00 -37.16052778   7.64337933
1950.00 -37.24205347   7.66641826
1952.00 -37.32365158   7.68950185
1954.00 -37.40532209   7.71263016
1956.00 -37.48706496   7.73580320
1958.00 -37.56888016   7.75902103
1960.00 -37.65076765   7.78228367
1962.00 -37.73272740   7.80559115
1964.00 -37.81475938   7.82894352
1966.00 -37.89686357   7.85234081
1968.00 -37.97903992   7.87578306
1970.00 -38.06128840   7.89927029
1972.00 -38.14360898   7.92280255
1974.00 -38.22600163   7.94637987
1976.00 -38.30846632   7.97000229
1978.00 -38.39100301   7.99366984
1980.00 -38.47361168   8.01738255
1982.00 -38.55629228   8.04114046
1984.00 -38.63904479   8.06494361
1986.00 -38.72186917   8.08879203
1988.00 -38.80476539   8.11268576
1990.00 -38.88773342   8.13662483
1992.00 -38.97077322   8.16060927
1994.00 -39.05388477   8.18463913
1996.00 -39.13706803   8.20871443
1998.00 -39.22032297   8.23283521
2000.00 -39.30364955   8.25700151
2002.00 -39.38704774   8.28121336
2004.00 -39.47051751   8.30547079
2006.00 -39.55405883   8.32977385
2008.00 -39.63767166   8.35412256
2010.00 -39.72135598   8.37851695
2012.00 -39.80511174   8.40295708
2014.00 -39.88893891   8.42744296
2016.00 -39.97283747   8.45197463
2018.00 -40.05680738   8.47655213
2020.00 -40.14084860   8.50117550
2022.00 -40.22496110   8.52584476
2024.00 -40.30914486   8.55055995
2026.00 -40.39339983   8.57532111
2028.00 -40.47772599   8.60012827
2030.00 -40.56212330   8.62498146
2032.00 -40.64659173   8.64988073
2034.00 -40.73113124   8.67482609
2036.00 -40.81574180   8.69981760
2038.00 -40.90042339   8.72485528
2040.00 -40.98517596   8.74993916
2042.00 -41.06999948   8.77506928
2044.00 -41.15489392   8.80024568
2046.00 -41.23985924   8.82546839
2048.00 -41.32489542   8.85073744
2050.00 -41.41000242   8.87605287
2052.00 -41.49518020   8.90141470
2054.00 -41.58042874   8.92682299
2056.00 -41.66574800   8.95227775
2058.00 -41.75113794   8.97777903
2060.00 -41.83659854   9.00332685
2062.00 -41.92212976   9.02892126
2064.00 -42.00773156   9.05456228
2066.00 -42.09340392   9.08024995
2068.00 -42.17914679   9.10598430
2070.00 -42.26496015   9.13176537
2072.00 -42.35084396   9.15759319
2074.00 -42.43679820   9.18346779
2076.00 -42.52282281   9.20938922
2078.00 -42.60891778   9.23535749
2080.00 -42.69508307   9.26137265
2082.00 -42.78131864   9.28743472
2084.00 -42.86762447   9.31354375
2086.00 -42.95400051   9.33969977
2088.00 -43.04044674   9.36590281
2090.00 -43.12696311   9.39215290
2092.00 -43.21354960   9.41845007
2094.00 -43.30020618   9.44479437
2096.00 -43.38693280   9.47118582
2098.00 -43.47372944   9.49762445
2100.00 -43.56059606   9.52411031
2102.00 -43.64753263   9.55064342
2104.00 -43.73453912   9.57722382
2106.00 -43.82161548   9.60385154
2108.00 -43.90876169   9.63052661
2110.00 -43.99597772   9.65724906
2112.00 -44.08326352   9.68401894
2114.00 -44.17061906   9.71083627
2116.00 -44.25804432   9.73770109
2118.00 -44.34553926   9.76461343
2120.00 -44.43310384   9.79157332
2122.00 -44.52073802   9.81858079
2124.00 -44.60844179   9.84563588
2126.00 -44.69621509   9.87273863
2128.00 -44.78405790   9.89988906
2130.00 -44.87197018   9.92708720
2132.00 -44.95995191   9.95433310
2134.00 -45.04800304   9.98162678
2136.00 -45.13612353  10.00896827
2138.00 -45.22431337  10.03635762
2140.00 -45.31257251  10.06379484
2142.00 -45.40090092  10.09127998
2144.00 -45.48929856  10.11881307
2146.00 -45.57776540  10.14639414
2148.00 -45.66630140  10.17402322
2150.00 -45.75490654  10.20170034
2152.00 -45.84358078  10.22942554
2154.00 -45.93232408  10.25719885
2156.00 -46.02113641  10.28502030
2158.00 -46.11001773  10.31288993
2160.00 -46.19896801  10.34080777
2162.00 -46.28798722  10.36877385
2164.00 -46.37707532  10.39678820
2166.00 -46.46623228  10.42485085
2168.00 -46.55545806  10.45296184
2170.00 -46.64475263  10.48112120
2172.00 -46.73411595  10.50932896
2174.00 -46.82354799  10.53758516
2176.00 -46.91304872  10.56588982
2178.00 -47.00261810  10.59424298
2180.00 -47.09225609  10.62264467
2182.00 -47.18196267  10.65109493
2184.00 -47.27173779  10.67959378
2186.00 -47.36158142  10.70814125
2188.00 -47.45149353  10.73673739
2190.00 -47.54147409  10.76538222
2192.00 -47.63152305  10.79407577
2194.00 -47.72164039  10.82281807
2196.00 -47.81182607  10.85160916
2198.00 -47.90208005  10.88044907
2200.00 -47.99240230  10.90933783
2202.00 -48.08279278  10.93827548
2204.00 -48.17325147  10.96726204
2206.00 -48.26377832  10.99629754
2208.00 -48.35437331  11.02538202
2210.00 -48.44503639  11.05451551
2212.00 -48.53576753  11.08369805
2214.00 -48.62656669  11.11292965
2216.00 -48.71743385  11.14221036
2218.00 -48.80836897  11.17154021
2220.00 -48.89937201  11.20091923
2222.00 -48.99044293  11.23034744
2224.00 -49.08158171  11.25982488
2226.00 -49.17278830  11.28935159
2228.00 -49.26406268  11.31892759
2230.00 -49.35540481  11.34855292
2232.00 -49.44681464  11.37822760
2234.00 -49.53829216  11.40795167
2236.00 -49.62983731  11.43772516
2238.00 -49.72145008  11.46754810
2240.00 -49.81313041  11.49742052
2242.00 -49.90487829  11.52734245
2244.00 -49.99669366  11.55731393
2246.00 -50.08857650  11.58733499
2248.00 -50.18052678  11.61740565
2250.00 -50.27254445  11.64752595
2252.00 -50.36462948  11.67769591
2254.00 -50.45678184  11.70791558
2256.00 -50.54900149  11.73818498
2258.00 -50.64128840  11.76850413
2260.00 -50.73364253  11.79887309
2262.00 -50.82606384  11.82929186
2264.00 -50.91855231  11.85976049
2266.00 -51.01110789  11.89027901
2268.00 -51.10373055  11.92084744
2270.00 -51.19642025  11.95146582
2272.00 -51.28917697  11.98213417
2274.00 -51.38200065  12.01285254
2276.00 -51.47489128  12.04362094
2278.00 -51.56784881  12.07443941
2280.00 -51.66087320  12.10530799
2282.00 -51.75396443  12.13622669
2284.00 -51.84712246  12.16719556
2286.00 -51.94034725  12.19821462
2288.00 -52.03363876  12.22928390
2290.00 -52.12699697  12.26040344
2292.00 -52.22042183  12.29157326
2294.00 -52.31391331  12.32279339
2296.00 -52.40747137  12.35406387
2298.00 -52.50109598  12.38538472
2300.00 -52.59478711  12.41675598
2302.00 -52.68854471  12.44817767
2304.00 -52.78236876  12.47964984
2306.00 -52.87625921  12.51117249
2308.00 -52.97021603  12.54274567
2310.00 -53.06423919  12.57436941
2312.00 -53.15832864  12.60604374
2314.00 -53.25248436  12.63776868
2316.00 -53.34670631  12.66954427
2318.00 -53.44099445  12.70137054
2320.00 -53.53534875  12.73324752
2322.00 -53.62976917  12.76517523
2324.00 -53.72425567  12.79715370
2326.00 -53.81880823  12.82918298
2328.00 -53.91342679  12.86126308
2330.00 -54.00811134  12.89339404
2332.00 -54.10286182  12.92557589
2334.00 -54.19767822  12.95780865
2336.00 -54.29256048  12.99009236
2338.00 -54.38750858  13.02242704
2340.00 -54.48252247  13.05481273
2342.00 -54.57760213  13.08724946
2344.00 -54.67274752  13.11973725
2346.00 -54.76795859  13.15227613
2348.00 -54.86323533  13.18486614
2350.00 -54.95857768  13.21750731
2352.00 -55.05398561  13.25019966
2354.00 -55.14945909  13.28294322
2356.00 -55.24499808  13.31573802
2358.00 -55.34060255  13.34858409
2360.00 -55.43627246  13.38148147
2362.00 -55.53200776  13.41443017
2364.00 -55.62780844  13.44743024
2366.00 -55.72367445  13.48048170
2368.00 -55.81960575  13.51358457
2370.00 -55.91560231  13.54673889
2372.00 -56.01166409  13.57994469
2374.00 -56.10779106  13.61320200
2376.00 -56.20398318  13.64651084
2378.00 -56.30024041  13.67987124
2380.00 -56.39656272  13.71328324
2382.00 -56.49295008  13.74674686
2384.00 -56.58940244  13.78026214
2386.00 -56.68591976  13.81382909
2388.00 -56.78250202  13.84744776
2390.00 -56.87914918  13.88111816
2392.00 -56.97586120  13.91484033
2394.00 -57.07263804  13.94861430
2396.00 -57.16947967  13.98244009
2398.00 -57.26638605  14.01631774
2400.00 -57.36335715  14.05024727
2402.00 -57.46039292  14.08422871
2404.00 -57.55749334  14.11826209
2406.00 -57.65465837  14.15234744
2408.00 -57.75188796  14.18648479
2410.00 -57.84918209  14.22067417
2412.00 -57.94654071  14.25491560
2414.00 -58.04396379  14.28920912
2416.00 -58.14145130  14.32355474
2418.00 -58.23900320  14.35795251
2420.00 -58.33661945  14.39240245
2422.00 -58.43430001  14.42690458
2424.00 -58.53204485  14.46145895
2426.00 -58.62985393  14.49606556
2428.00 -58.72772721  14.53072446
2430.00 -58.82566467  14.56543567
2432.00 -58.92366626  14.60019922
2434.00 -59.02173194  14.63501513
2436.00 -59.11986168  14.66988345
2438.00 -59.21805544  14.70480418
2440.00 -59.31631319  14.73977737
2442.00 -59.41463488  14.77480304
2444.00 -59.51302049  14.80988122
2446.00 -59.61146998  14.84501194
2448.00 -59.70998330  14.88019522
2450.00 -59.80856043  14.91543109
2452.00 -59.90720132  14.95071958
2454.00 -60.00590594  14.98606072
2456.00 -60.10467425  15.02145454
2458.00 -60.20350621  15.05690106
2460.00 -60.30240180  15.09240032
2462.00 -60.40136097  15.12795233
2464.00 -60.50038368  15.16355714
2466.00 -60.59946990  15.19921476
2468.00 -60.69861959  15.23492522
2470.00 -60.79783271  15.27068855
2472.00 -60.89710923  15.30650478
2474.00 -60.99644912  15.34237394
2476.00 -61.09585232  15.37829605
2478.00 -61.19531882  15.41427115
2480.00 -61.29484856  15.45029925
2482.00 -61.39444152  15.48638039
2484.00 -61.49409765  15.52251459
2486.00 -61.59381693  15.55870189
2488.00 -61.69359930  15.59494230
2490.00 -61.79344474  15.63123586
2492.00 -61.89335321  15.66758260
2494.00 -61.99332467  15.70398253
2496.00 -62.09335908  15.74043570
2498.00 -62.19345641  15.77694211
2500.00 -62.29361662  15.81350182
2502.00 -62.39383968  15.85011483
2504.00 -62.49412554  15.88678118
2506.00 -62.59447417  15.92350089
2508.00 -62.69488553  15.96027399
2510.00 -62.79535958  15.99710052
2512.00 -62.89589630  16.03398048
2514.00 -62.99649563  16.07091393
2516.00 -63.09715755  16.10790087
2518.00 -63.19788202  16.14494133
2520.00 -63.29866899  16.18203535
2522.00 -63.39951843  16.21918295
2524.00 -63.50043031  16.25638416
2526.00 -63.60140459  16.29363900
2528.00 -63.70244123  16.33094750
2530.00 -63.80354019  16.36830969
2532.00 -63.90470144  16.40572559
2534.00 -64.00592493  16.44319524
2536.00 -64.10721064  16.48071865
2538.00 -64.20855852  16.51829585
2540.00 -64.30996854  16.55592688
2542.00 -64.41144065  16.59361175
2544.00 -64.51297483  16.63135050
2546.00 -64.61457103  16.66914315
2548.00 -64.71622923  16.70698972
2550.00 -64.81794937  16.74489025
2552.00 -64.91973142  16.78284475
2554.00 -65.02157535  16.82085327
2556.00 -65.12348111  16.85891581
2558.00 -65.22544868  16.89703241
2560.00 -65.32747801  16.93520310
2562.00 -65.42956907  16.97342790
2564.00 -65.53172181  17.01170684
2566.00 -65.63393621  17.05003994
2568.00 -65.73621221  17.08842723
2570.00 -65.83854980  17.12686874
2572.00 -65.94094892  17.16536448
2574.00 -66.04340954  17.20391450
2576.00 -66.14593163  17.24251881
2578.00 -66.24851514  17.28117744
2580.00 -66.35116004  17.31989041
2582.00 -66.45386629  17.35865776
2584.00 -66.55663385  17.39747950
2586.00 -66.65946269  17.43635567
2588.00 -66.76235276  17.47528629
2590.00 -66.86530404  17.51427138
2592.00 -66.96831648  17.55331098
2594.00 -67.07139004  17.59240510
2596.00 -67.17452469  17.63155377
2598.00 -67.27772040  17.67075702
2600.00 -67.38097711  17.71001488
2602.00 -67.48429480  17.74932737
2604.00 -67.58767342  17.78869451
2606.00 -67.69111294  17.82811633
2608.00 -67.79461333  17.86759285
2610.00 -67.89817453  17.90712411
2612.00 -68.00179653  17.94671013
2614.00 -68.10547927  17.98635092
2616.00 -68.20922272  18.02604653
2618.00 -68.31302684  18.06579697
2620.00 -68.41689160  18.10560226
2622.00 -68.52081696  18.14546244
2624.00 -68.62480287  18.18537753
2626.00 -68.72884931  18.22534756
2628.00 -68.83295623  18.26537254
2630.00 -68.93712360  18.30545251
2632.00 -69.04135137  18.34558749
2634.00 -69.14563951  18.38577750
2636.00 -69.24998799  18.42602257
2638.00 -69.35439676  18.46632273
2640.00 -69.45886578  18.50667800
2642.00 -69.56339503  18.54708840
2644.00 -69.66798445  18.58755397
2646.00 -69.77263402  18.62807471
2648.00 -69.87734369  18.66865067
2650.00 -69.98211343  18.70928186
2652.00 -70.08694320  18.74996832
2654.00 -70.19183295  18.79071005
2656.00 -70.29678266  18.83150710
2658.00 -70.40179229  18.87235947
2660.00 -70.50686179  18.91326721
2662.00 -70.61199113  18.95423033
2664.00 -70.71718027  18.99524886
2666.00 -70.82242918  19.03632282
2668.00 -70.92773781  19.07745224
2670.00 -71.03310612  19.11863713
2672.00 -71.13853409  19.15987754
2674.00 -71.24402166  19.20117347
2676.00 -71.34956881  19.24252496
2678.00 -71.45517549  19.28393203
2680.00 -71.56084167  19.32539470
2682.00 -71.66656730  19.36691300
2684.00 -71.77235236  19.40848696
2686.00 -71.87819680  19.45011658
2688.00 -71.98410058  19.49180191
2690.00 -72.09006366  19.53354297
2692.00 -72.19608602  19.57533977
2694.00 -72.30216760  19.61719235
2696.00 -72.40830837  19.65910072
2698.00 -72.51450830  19.70106492
2700.00 -72.62076734  19.74308496
2702.00 -72.72708546  19.78516087
2704.00 -72.83346261  19.82729268
2706.00 -72.93989877  19.86948040
2708.00 -73.04639388  19.91172406
2710.00 -73.15294792  19.95402369
2712.00 -73.25956085  19.99637931
2714.00 -73.36623262  20.03879094
2716.00 -73.47296320  20.08125861
2718.00 -73.57975255  20.12378234
2720.00 -73.68660063  20.16636215
2722.00 -73.79350741  20.20899807
2724.00 -73.90047284  20.25169012
2726.00 -74.00749689  20.29443833
2728.00 -74.11457951  20.33724272
2730.00 -74.22172068  20.38010331
2732.00 -74.32892035  20.42302013
2734.00 -74.43617848  20.46599319
2736.00 -74.54349503  20.50902253
2738.00 -74.65086998  20.55210817
2740.00 -74.75830327  20.59525012
2742.00 -74.86579487  20.63844842
2744.00 -74.97334474  20.68170309
2746.00 -75.08095284  20.72501414
2748.00 -75.18861914  20.76838161
2750.00 -75.29634360  20.81180552
2752.00 -75.40412617  20.85528588
2754.00 -75.51196682  20.89882273
2756.00 -75.61986551  20.94241609
2758.00 -75.72782221  20.98606597
2760.00 -75.83583687  21.02977241
2762.00 -75.94390945  21.07353542
2764.00 -76.05203992  21.11735503
2766.00 -76.16022823  21.16123126
2768.00 -76.26847436  21.20516414
2770.00 -76.37677826  21.24915368
2772.00 -76.48513989  21.29319992
2774.00 -76.59355921  21.33730287
2776.00 -76.70203619  21.38146255
2778.00 -76.81057079  21.42567899
2780.00 -76.91916296  21.46995222
2782.00 -77.02781267  21.51428225
2784.00 -77.13651989  21.55866910
2786.00 -77.24528456  21.60311281
2788.00 -77.35410666  21.64761339
2790.00 -77.46298615  21.69217086
2792.00 -77.57192298  21.73678525
2794.00 -77.68091711  21.78145659
2796.00 -77.78996852  21.82618488
2798.00 -77.89907716  21.87097016
2800.00 -78.00824299  21.91581245
2802.00 -78.11746597  21.96071177
2804.00 -78.22674606  22.00566814
2806.00 -78.33608323  22.05068158
2808.00 -78.44547744  22.09575212
2810.00 -78.55492865  22.14087979
2812.00 -78.66443681  22.18606459
2814.00 -78.77400190  22.23130656
2816.00 -78.88362387  22.27660571
2818.00 -78.99330268  22.32196208
2820.00 -79.10303829  22.36737567
2822.00 -79.21283067  22.41284652
2824.00 -79.32267978  22.45837464
2826.00 -79.43258557  22.50396006
2828.00 -79.54254802  22.54960279
2830.00 -79.65256707  22.59530287
2832.00 -79.76264270  22.64106031
2834.00 -79.87277486  22.68687514
2836.00 -79.98296351  22.73274737
2838.00 -80.09320862  22.77867703
2840.00 -80.20351014  22.82466414
2842.00 -80.31386804  22.87070872
2844.00 -80.42428228  22.91681080
2846.00 -80.53475282  22.96297039
2848.00 -80.64527962  23.00918752
2850.00 -80.75586264  23.05546221
2852.00 -80.86650184  23.10179448
2854.00 -80.97719719  23.14818435
2856.00 -81.08794864  23.19463185
2858.00 -81.19875616  23.24113699
2860.00 -81.30961971  23.28769980
2862.00 -81.42053924  23.33432029
2864.00 -81.53151473  23.38099850
2866.00 -81.64254612  23.42773444
2868.00 -81.75363338  23.47452813
2870.00 -81.86477648  23.52137959
2872.00 -81.97597537  23.56828885
2874.00 -82.08723002  23.61525592
2876.00 -82.19854038  23.66228084
2878.00 -82.30990642  23.70936361
2880.00 -82.42132809  23.75650426
2882.00 -82.53280537  23.80370281
2884.00 -82.64433820  23.85095929
2886.00 -82.75592655  23.89827371
2888.00 -82.86757039  23.94564609
2890.00 -82.97926967  23.99307646
2892.00 -83.09102435  24.04056484
2894.00 -83.20283439  24.08811124
2896.00 -83.31469976  24.13571569
2898.00 -83.42662042  24.18337821
2900.00 -83.53859632  24.23109882
2902.00 -83.65062743  24.27887755
2904.00 -83.76271371  24.32671440
2906.00 -83.87485512  24.37460941
2908.00 -83.98705162  24.42256259
2910.00 -84.09930317  24.47057396
2912.00 -84.21160974  24.51864355
2914.00 -84.32397127  24.56677138
2916.00 -84.43638775  24.61495746
2918.00 -84.54885911  24.66320182
2920.00 -84.66138534  24.71150447
2922.00 -84.77396638  24.75986545
2924.00 -84.88660219  24.80828476
2926.00 -84.99929275  24.85676243
2928.00 -85.11203800  24.90529848
2930.00 -85.22483792  24.95389292
2932.00 -85.33769245  25.00254579
2934.00 -85.45060157  25.05125710
2936.00 -85.56356523  25.10002687
2938.00 -85.67658339  25.14885512
2940.00 -85.78965602  25.19774187
2942.00 -85.90278307  25.24668714
2944.00 -86.01596451  25.29569095
2946.00 -86.12920029  25.34475333
2948.00 -86.24249038  25.39387428
2950.00 -86.35583474  25.44305384
2952.00 -86.46923332  25.49229202
2954.00 -86.58268610  25.54158884
2956.00 -86.69619303  25.59094432
2958.00 -86.80975406  25.64035849
2960.00 -86.92336917  25.68983135
2962.00 -87.03703831  25.73936294
2964.00 -87.15076145  25.78895327
2966.00 -87.26453853  25.83860236
2968.00 -87.37836954  25.88831023
2970.00 -87.49225441  25.93807690
2972.00 -87.60619313  25.98790239
2974.00 -87.72018563  26.03778672
2976.00 -87.83423190  26.08772992
2978.00 -87.94833188  26.13773199
2980.00 -88.06248555  26.18779296
2982.00 -88.17669285  26.23791284
2984.00 -88.29095375  26.28809167
2986.00 -88.40526821  26.33832945
2988.00 -88.51963619  26.38862622
2990.00 -88.63405766  26.43898197
2992.00 -88.74853256  26.48939675
2994.00 -88.86306087  26.53987055
2996.00 -88.97764254  26.59040342
2998.00 -89.09227754  26.64099535
3000.00 -89.20696582  26.69164638
3002.00 -89.32170735  26.74235653
3004.00 -89.43650208  26.79312580
3006.00 -89.55134998  26.84395422
3008.00 -89.66625100  26.89484182
3010.00 -89.78120512  26.94578860
3012.00 -89.89621228  26.99679459
3014.00 -90.01127245  27.04785981
3016.00 -90.12638559  27.09898428
3018.00 -90.24155166  27.15016801
3020.00 -90.35677062  27.20141102
3022.00 -90.47204243  27.25271334
3024.00 -90.58736705  27.30407498
3026.00 -90.70274445  27.35549596
3028.00 -90.81817457  27.40697630
3030.00 -90.93365739  27.45851602
3032.00 -91.04919287  27.51011514
3034.00 -91.16478095  27.56177367
3036.00 -91.28042162  27.61349164
3038.00 -91.39611481  27.66526906
3040.00 -91.51186051  27.71710595
3042.00 -91.62765866  27.76900234
3044.00 -91.74350922  27.82095823
3046.00 -91.85941217  27.87297365
3048.00 -91.97536745  27.92504862
3050.00 -92.09137502  27.97718315
3052.00 -92.20743486  28.02937726
3054.00 -92.32354692  28.08163098
3056.00 -92.43971115  28.13394432
3058.00 -92.55592753  28.18631729
3060.00 -92.67219600  28.23874993
3062.00 -92.78851654  28.29124223
3064.00 -92.90488909  28.34379423
3066.00 -93.02131363  28.39640595
3068.00 -93.13779011  28.44907739
3070.00 -93.25431850  28.50180858
3072.00 -93.37089874  28.55459954
3074.00 -93.48753081  28.60745028
3076.00 -93.60421466  28.66036082
3078.00 -93.72095026  28.71333118
3080.00 -93.83773756  28.76636138
3082.00 -93.95457653  28.81945144
3084.00 -94.07146712  28.87260137
3086.00 -94.18840930  28.92581120
3088.00 -94.30540302  28.97908093
3090.00 -94.42244825  29.03241059
3092.00 -94.53954495  29.08580020
3094.00 -94.65669307  29.13924977
3096.00 -94.77389258  29.19275933
3098.00 -94.89114344  29.24632888
3100.00 -95.00844561  29.29995845
3102.00 -95.12579905  29.35364805
3104.00 -95.24320371  29.40739771
3106.00 -95.36065957  29.46120743
3108.00 -95.47816657  29.51507724
3110.00 -95.59572468  29.56900716
3112.00 -95.71333387  29.62299720
3114.00 -95.83099408  29.67704738
3116.00 -95.94870529  29.73115771
3118.00 -96.06646745  29.78532822
3120.00 -96.18428051  29.83955893
3122.00 -96.30214446  29.89384984
3124.00 -96.42005923  29.94820098
3126.00 -96.53802479  30.00261236
3128.00 -96.65604111  30.05708400
3130.00 -96.77410814  30.11161592
3132.00 -96.89222585  30.16620814
3134.00 -97.01039419  30.22086067
3136.00 -97.12861312  30.27557353
3138.00 -97.24688260  30.33034674
3140.00 -97.36520261  30.38518031
3142.00 -97.48357308  30.44007426
3144.00 -97.60199399  30.49502861
3146.00 -97.72046530  30.55004338
3148.00 -97.83898696  30.60511858
3150.00 -97.95755894  30.66025422
3152.00 -98.07618119  30.71545033
3154.00 -98.19485368  30.77070693
3156.00 -98.31357637  30.82602402
3158.00 -98.43234922  30.88140163
3160.00 -98.55117218  30.93683978
3162.00 -98.67004522  30.99233847
3164.00 -98.78896829  31.04789773
3166.00 -98.90794137  31.10351757
3168.00 -99.02696440  31.15919802
3170.00 -99.14603735  31.21493907
3172.00 -99.26516018  31.27074077
3174.00 -99.38433285  31.32660311
3176.00 -99.50355531  31.38252611
3178.00 -99.62282754  31.43850980
3180.00 -99.74214948  31.49455419
3182.00 -99.86152111  31.55065929
3184.00 -99.98094237  31.60682513
3186.00 -100.10041324  31.66305171
3188.00 -100.21993366  31.71933906
3190.00 -100.33950361  31.77568719
3192.00 -100.45912304  31.83209611
3194.00 -100.57879190  31.88856585
3196.00 -100.69851017  31.94509642
3198.00 -100.81827780  32.00168783
3200.00 -100.93809475  32.05834010
3202.00 -101.05796098  32.11505325
3204.00 -101.17787646  32.17182730
3206.00 -101.29784113  32.22866225
3208.00 -101.41785497  32.28555813
3210.00 -101.53791793  32.34251495
3212.00 -101.65802997  32.39953273
3214.00 -101.77819106  32.45661148
3216.00 -101.89840114  32.51375123
3218.00 -102.01866019  32.57095197
3220.00 -102.13896817  32.62821374
3222.00 -102.25932502  32.68553655
3224.00 -102.37973072  32.74292040
3226.00 -102.50018523  32.80036533
3228.00 -102.62068850  32.85787134
3230.00 -102.74124049  32.91543845
3232.00 -102.86184116  32.97306667
3234.00 -102.98249048  33.03075603
3236.00 -103.10318840  33.08850653
3238.00 -103.22393489  33.14631819
3240.00 -103.34472990  33.20419103
3242.00 -103.46557340  33.26212507
3244.00 -103.58646534  33.32012031
3246.00 -103.70740569  33.37817677
3248.00 -103.82839440  33.43629448
3250.00 -103.94943144  33.49447344
3252.00 -104.07051676  33.55271367
3254.00 -104.19165032  33.61101518
3256.00 -104.31283210  33.66937800
3258.00 -104.43406204  33.72780213
3260.00 -104.55534010  33.78628759
3262.00 -104.67666625  33.84483440
3264.00 -104.79804044  33.90344256
3266.00 -104.91946265  33.96211211
3268.00 -105.04093281  34.02084304
3270.00 -105.16245091  34.07963538
3272.00 -105.28401689  34.13848915
3274.00 -105.40563071  34.19740435
3276.00 -105.52729235  34.25638099
3278.00 -105.64900175  34.31541911
3280.00 -105.77075887  34.37451871
3282.00 -105.89256369  34.43367980
3284.00 -106.01441615  34.49290240
3286.00 -106.13631621  34.55218653
3288.00 -106.25826385  34.61153220
3290.00 -106.38025901  34.67093942
3292.00 -106.50230166  34.73040822
3294.00 -106.62439175  34.78993859
3296.00 -106.74652926  34.84953057
3298.00 -106.86871413  34.90918416
3300.00 -106.99094633  34.96889938
3302.00 -107.11322581  35.02867624
3304.00 -107.23555255  35.08851475
3306.00 -107.35792649  35.14841494
3308.00 -107.48034760  35.20837682
3310.00 -107.60281584  35.26840039
3312.00 -107.72533116  35.32848568
3314.00 -107.84789354  35.38863270
3316.00 -107.97050292  35.44884146
3318.00 -108.09315927  35.50911198
3320.00 -108.21586255  35.56944428
3322.00 -108.33861271  35.62983835
3324.00 -108.46140973  35.69029423
3326.00 -108.58425355  35.75081193
3328.00 -108.70714414  35.81139145
3330.00 -108.83008147  35.87203281
3332.00 -108.95306548  35.93273603
3334.00 -109.07609613  35.99350113
3336.00 -109.19917340  36.05432811
3338.00 -109.32229724  36.11521698
3340.00 -109.44546760  36.17616777
3342.00 -109.56868445  36.23718049
3344.00 -109.69194776  36.29825514
3346.00 -109.81525747  36.35939176
3348.00 -109.93861355  36.42059034
3350.00 -110.06201596  36.48185090
3352.00 -110.18546466  36.54317346
3354.00 -110.30895961  36.60455803
3356.00 -110.43250077  36.66600462
3358.00 -110.55608809  36.72751325
3360.00 -110.67972155  36.78908392
3362.00 -110.80340110  36.85071667
3364.00 -110.92712669  36.91241149
3366.00 -111.05089830  36.97416840
3368.00 -111.17471587  37.03598742
3370.00 -111.29857938  37.09786856
3372.00 -111.42248877  37.15981183
3374.00 -111.54644402  37.22181724
3376.00 -111.67044507  37.28388481
3378.00 -111.79449190  37.34601456
3380.00 -111.91858445  37.40820649
3382.00 -112.04272269  37.47046062
3384.00 -112.16690659  37.53277696
3386.00 -112.29113609  37.59515552
3388.00 -112.41541117  37.65759633
3390.00 -112.53973177  37.72009939
3392.00 -112.66409786  37.78266471
3394.00 -112.78850941  37.84529231
3396.00 -112.91296636  37.90798220
3398.00 -113.03746869  37.97073439
3400.00 -113.16201634  38.03354890
3402.00 -113.28660929  38.09642575
3404.00 -113.41124749  38.15936493
3406.00 -113.53593089  38.22236647
3408.00 -113.66065947  38.28543038
3410.00 -113.78543318  38.34855668
3412.00 -113.91025198  38.41174536
3414.00 -114.03511583  38.47499646
3416.00 -114.16002469  38.53830997
3418.00 -114.28497852  38.60168592
3420.00 -114.40997728  38.66512431
3422.00 -114.53502093  38.72862517
3424.00 -114.66010943  38.79218849
3426.00 -114.78524275  38.85581430
3428.00 -114.91042083  38.91950260
3430.00 -115.03564365  38.98325341
3432.00 -115.16091116  39.04706675
3434.00 -115.28622331  39.11094261
3436.00 -115.41158008  39.17488103
3438.00 -115.53698142  39.23888200
3440.00 -115.66242730  39.30294555
3442.00 -115.78791766  39.36707168
3444.00 -115.91345247  39.43126040
3446.00 -116.03903170  39.49551174
3448.00 -116.16465530  39.55982569
3450.00 -116.29032323  39.62420228
3452.00 -116.41603545  39.68864151
3454.00 -116.54179192  39.75314340
3456.00 -116.66759260  39.81770796
3458.00 -116.79343746  39.88233520
3460.00 -116.91932645  39.94702514
3462.00 -117.04525952  40.01177778
3464.00 -117.17123666  40.07659314
3466.00 -117.29725780  40.14147123
3468.00 -117.42332291  40.20641206
3470.00 -117.54943196  40.27141565
3472.00 -117.67558490  40.33648200
3474.00 -117.80178169  40.40161113
3476.00 -117.92802229  40.46680305
3478.00 -118.05430667  40.53205777
3480.00 -118.18063478  40.59737531
3482.00 -118.30700658  40.66275567
3484.00 -118.43342203  40.72819886
3486.00 -118.55988110  40.79370491
3488.00 -118.68638373  40.85927382
3490.00 -118.81292991  40.92490560
3492.00 -118.93951957  40.99060026
3494.00 -119.06615269  41.05635782
3496.00 -119.19282921  41.12217828
3498.00 -119.31954912  41.18806166
3500.00 -119.44631235  41.25400798
3502.00 -119.57311888  41.32001723
3504.00 -119.69996866  41.38608944
3506.00 -119.82686166  41.45222461
3508.00 -119.95379783  41.51842276
3510.00 -120.08077713  41.58468389
3512.00 -120.20779952  41.65100803
3514.00 -120.33486497  41.71739517
3516.00 -120.46197343  41.78384533
3518.00 -120.58912487  41.85035853
3520.00 -120.71631924  41.91693477
3522.00 -120.84355651  41.98357406
3524.00 -120.97083662  42.05027642
3526.00 -121.09815956  42.11704186
3528.00 -121.22552526  42.18387038
3530.00 -121.35293370  42.25076201
3532.00 -121.48038484  42.31771674
3534.00 -121.60787863  42.38473460
3536.00 -121.73541503  42.45181558
3538.00 -121.86299401  42.51895971
3540.00 -121.99061553  42.58616700
3542.00 -122.11827954  42.65343745
3544.00 -122.24598600  42.72077107
3546.00 -122.37373488  42.78816788
3548.00 -122.50152613  42.85562789
3550.00 -122.62935972  42.92315111
3552.00 -122.75723561  42.99073755
3554.00 -122.88515375  43.05838721
3556.00 -123.01311411  43.12610012
3558.00 -123.14111664  43.19387627
3560.00 -123.26916131  43.26171569
3562.00 -123.39724807  43.32961838
3564.00 -123.52537689  43.39758435
3566.00 -123.65354773  43.46561362
3568.00 -123.78176054  43.53370619
3570.00 -123.91001529  43.60186207
3572.00 -124.03831194  43.67008128
3574.00 -124.16665045  43.73836382
3576.00 -124.29503077  43.80670971
3578.00 -124.42345286  43.87511895
3580.00 -124.55191670  43.94359156
3582.00 -124.68042223  44.01212755
3584.00 -124.80896942  44.08072692
3586.00 -124.93755823  44.14938969
3588.00 -125.06618862  44.21811587
3590.00 -125.19486054  44.28690546
3592.00 -125.32357397  44.35575848
3594.00 -125.45232885  44.42467494
3596.00 -125.58112515  44.49365485
3598.00 -125.70996283  44.56269821
3600.00 -125.83884184  44.63180504
3602.00 -125.96776216  44.70097535
3604.00 -126.09672373  44.77020914
3606.00 -126.22572653  44.83950644
3608.00 -126.35477050  44.90886724
3610.00 -126.48385562  44.97829155
3612.00 -126.61298183  45.04777940
3614.00 -126.74214911  45.11733078
3616.00 -126.87135740  45.18694571
3618.00 -127.00060668  45.25662419
3620.00 -127.12989690  45.32636624
3622.00 -127.25922801  45.39617187
3624.00 -127.38859999  45.46604108
3626.00 -127.51801279  45.53597389
3628.00 -127.64746637  45.60597030
3630.00 -127.77696069  45.67603033
3632.00 -127.90649572  45.74615398
3634.00 -128.03607141  45.81634126
3636.00 -128.16568772  45.88659219
3638.00 -128.29534461  45.95690677
3640.00 -128.42504204  46.02728501
3642.00 -128.55477998  46.09772692
3644.00 -128.68455838  46.16823251
3646.00 -128.81437721  46.23880180
3648.00 -128.94423642  46.30943478
3650.00 -129.07413597  46.38013147
3652.00 -129.20407583  46.45089188
3654.00 -129.33405595  46.52171601
3656.00 -129.46407629  46.59260388
3658.00 -129.59413682  46.66355550
3660.00 -129.72423750  46.73457087
3662.00 -129.85437828  46.80565000
3664.00 -129.98455913  46.87679291
3666.00 -130.11478000  46.94799960
3668.00 -130.24504086  47.01927008
3670.00 -130.37534167  47.09060436
3672.00 -130.50568238  47.16200245
3674.00 -130.63606296  47.23346435
3676.00 -130.76648337  47.30499009
3678.00 -130.89694357  47.37657965
3680.00 -131.02744351  47.44823307
3682.00 -131.15798316  47.51995033
3684.00 -131.28856248  47.59173146
3686.00 -131.41918143  47.66357646
3688.00 -131.54983997  47.73548533
3690.00 -131.68053806  47.80745810
3692.00 -131.81127566  47.87949476
3694.00 -131.94205272  47.95159533
3696.00 -132.07286922  48.02375981
3698.00 -132.20372511  48.09598822
3700.00 -132.33462035  48.16828055
3702.00 -132.46555490  48.24063683
3704.00 -132.59652872  48.31305705
3706.00 -132.72754178  48.38554123
3708.00 -132.85859403  48.45808937
3710.00 -132.98968543  48.53070149
3712.00 -133.12081594  48.60337759
3714.00 -133.25198553  48.67611768
3716.00 -133.38319415  48.74892177
3718.00 -133.51444176  48.82178987
3720.00 -133.64572833  48.89472198
3722.00 -133.77705382  48.96771811
3724.00 -133.90841818  49.04077828
3726.00 -134.03982137  49.11390249
3728.00 -134.17126336  49.18709074
3730.00 -134.30274411  49.26034305
3732.00 -134.43426357  49.33365943
3734.00 -134.56582171  49.40703987
3736.00 -134.69741849  49.48048440
3738.00 -134.82905387  49.55399301
3740.00 -134.96072780  49.62756572
3742.00 -135.09244026  49.70120254
3744.00 -135.22419119  49.77490347
3746.00 -135.35598056  49.84866851
3748.00 -135.48780834  49.92249769
3750.00 -135.61967447  49.99639100
3752.00 -135.75157892  50.07034845
3754.00 -135.88352166  50.14437006
3756.00 -136.01550263  50.21845582
3758.00 -136.14752181  50.29260576
3760.00 -136.27957916  50.36681986
3762.00 -136.41167462  50.44109815
3764.00 -136.54380817  50.51544063
3766.00 -136.67597976  50.58984730
3768.00 -136.80818936  50.66431818
3770.00 -136.94043692  50.73885327
3772.00 -137.07272241  50.81345259
3774.00 -137.20504578  50.88811613
3776.00 -137.33740700  50.96284390
3778.00 -137.46980602  51.03763592
3780.00 -137.60224282  51.11249218
3782.00 -137.73471734  51.18741271
3784.00 -137.86722955  51.26239750
3786.00 -137.99977941  51.33744656
3788.00 -138.13236687  51.41255990
3790.00 -138.26499191  51.48773752
3792.00 -138.39765448  51.56297944
3794.00 -138.53035454  51.63828566
3796.00 -138.66309205  51.71365619
3798.00 -138.79586697  51.78909103
3800.00 -138.92867927  51.86459020
3802.00 -139.06152889  51.94015370
3804.00 -139.19441582  52.01578153
3806.00 -139.32733999  52.09147370
3808.00 -139.46030138  52.16723023
3810.00 -139.59329995  52.24305111
3812.00 -139.72633565  52.31893636
3814.00 -139.85940845  52.39488598
3816.00 -139.99251830  52.47089997
3818.00 -140.12566517  52.54697835
3820.00 -140.25884902  52.62312113
3822.00 -140.39206981  52.69932830
3824.00 -140.52532750  52.77559988
3826.00 -140.65862205  52.85193587
3828.00 -140.79195342  52.92833628
3830.00 -140.92532157  53.00480111
3832.00 -141.05872646  53.08133038
3834.00 -141.19216806  53.15792409
3836.00 -141.32564631  53.23458224
3838.00 -141.45916119  53.31130484
3840.00 -141.59271266  53.38809190
3842.00 -141.72630067  53.46494343
3844.00 -141.85992519  53.54185943
3846.00 -141.99358617  53.61883991
3848.00 -142.12728358  53.69588487
3850.00 -142.26101738  53.77299433
3852.00 -142.39478752  53.85016828
3854.00 -142.52859398  53.92740673
3856.00 -142.66243670  54.00470970
3858.00 -142.79631565  54.08207718
3860.00 -142.93023080  54.15950918
3862.00 -143.06418210  54.23700572
3864.00 -143.19816951  54.31456679
3866.00 -143.33219299  54.39219240
3868.00 -143.46625250  54.46988255
3870.00 -143.60034802  54.54763727
3872.00 -143.73447948  54.62545654
3874.00 -143.86864686  54.70334037
3876.00 -144.00285012  54.78128878
3878.00 -144.13708922  54.85930177
3880.00 -144.27136412  54.93737934
3882.00 -144.40567477  55.01552150
3884.00 -144.54002114  55.09372826
3886.00 -144.67440320  55.17199962
3888.00 -144.80882089  55.25033558
3890.00 -144.94327419  55.32873616
3892.00 -145.07776305  55.40720136
3894.00 -145.21228744  55.48573119
3896.00 -145.34684731  55.56432564
3898.00 -145.48144262  55.64298473
3900.00 -145.61607334  55.72170847
3902.00 -145.75073943  55.80049685
3904.00 -145.88544084  55.87934988
3906.00 -146.02017755  55.95826758
3908.00 -146.15494950  56.03724994
3910.00 -146.28975666  56.11629697
3912.00 -146.42459900  56.19540868
3914.00 -146.55947646  56.27458507
3916.00 -146.69438902  56.35382614
3918.00 -146.82933664  56.43313191
3920.00 -146.96431926  56.51250238
3922.00 -147.09933687  56.59193755
3924.00 -147.23438941  56.67143742
3926.00 -147.36947684  56.75100202
3928.00 -147.50459914  56.83063133
3930.00 -147.63975625  56.91032537
3932.00 -147.77494814  56.99008413
3934.00 -147.91017478  57.06990764
3936.00 -148.04543611  57.14979588
3938.00 -148.18073211  57.22974887
3940.00 -148.31606274  57.30976661
3942.00 -148.45142794  57.38984910
3944.00 -148.58682769  57.46999636
3946.00 -148.72226195  57.55020838
3948.00 -148.85773068  57.63048518
3950.00 -148.99323383  57.71082675
3952.00 -149.12877138  57.79123310
3954.00 -149.26434327  57.87170424
3956.00 -149.39994948  57.95224017
3958.00 -149.53558995  58.03284089
3960.00 -149.67126466  58.11350642
3962.00 -149.80697357  58.19423675
3964.00 -149.94271663  58.27503190
3966.00 -150.07849381  58.35589186
3968.00 -150.21430506  58.43681664
3970.00 -150.35015035  58.51780624
3972.00 -150.48602965  58.59886068
3974.00 -150.62194290  58.67997995
3976.00 -150.75789007  58.76116405
3978.00 -150.89387113  58.84241301
3980.00 -151.02988603  58.92372681
3982.00 -151.16593473  59.00510546
3984.00 -151.30201720  59.08654897
3986.00 -151.43813340  59.16805734
3988.00 -151.57428329  59.24963058
3990.00 -151.71046682  59.33126870
3992.00 -151.84668396  59.41297168
3994.00 -151.98293468  59.49473955
3996.00 -152.11921893  59.57657230
3998.00 -152.25553667  59.65846994
4000.00 -152.39188787  59.74043248
4002.00 -152.52827248  59.82245991
4004.00 -152.66469047  59.90455224
4006.00 -152.80114179  59.98670948
4008.00 -152.93762642  60.06893163
4010.00 -153.07414431  60.15121869
4012.00 -153.21069542  60.23357067
4014.00 -153.34727971  60.31598758
4016.00 -153.48389714  60.39846941
4018.00 -153.62054768  60.48101617
4020.00 -153.75723129  60.56362787
4022.00 -153.89394792  60.64630451
4024.00 -154.03069755  60.72904609
4026.00 -154.16748012  60.81185262
4028.00 -154.30429560  60.89472410
4030.00 -154.44114396  60.97766053
4032.00 -154.57802515  61.06066192
4034.00 -154.71493914  61.14372828
4036.00 -154.85188588  61.22685960
4038.00 -154.98886534  61.31005590
4040.00 -155.12587748  61.39331717
4042.00 -155.26292225  61.47664341
4044.00 -155.39999963  61.56003464
4046.00 -155.53710958  61.64349085
4048.00 -155.67425204  61.72701206
4050.00 -155.81142700  61.81059826
4052.00 -155.94863439  61.89424945
4054.00 -156.08587420  61.97796564
4056.00 -156.22314638  62.06174684
4058.00 -156.36045088  62.14559305
4060.00 -156.49778768  62.22950426
4062.00 -156.63515673  62.31348049
4064.00 -156.77255800  62.39752174
4066.00 -156.90999144  62.48162801
4068.00 -157.04745702  62.56579931
4070.00 -157.18495470  62.65003563
4072.00 -157.32248444  62.73433699
4074.00 -157.46004620  62.81870338
4076.00 -157.59763995  62.90313481
4078.00 -157.73526564  62.98763128
4080.00 -157.87292323  63.07219280
4082.00 -158.01061269  63.15681936
4084.00 -158.14833398  63.24151098
4086.00 -158.28608707  63.32626765
4088.00 -158.42387190  63.41108938
4090.00 -158.56168844  63.49597617
4092.00 -158.69953667  63.58092803
4094.00 -158.83741652  63.66594495
4096.00 -158.97532798  63.75102694
4098.00 -159.11327099  63.83617400
4100.00 -159.25124553  63.92138615
4102.00 -159.38925154  64.00666337
4104.00 -159.52728900  64.09200567
4106.00 -159.66535787  64.17741306
4108.00 -159.80345810  64.26288554
4110.00 -159.94158966  64.34842310
4112.00 -160.07975252  64.43402577
4114.00 -160.21794662  64.51969352
4116.00 -160.35617193  64.60542638
4118.00 -160.49442843  64.69122434
4120.00 -160.63271605  64.77708741
4122.00 -160.77103478  64.86301558
4124.00 -160.90938456  64.94900887
4126.00 -161.04776537  65.03506726
4128.00 -161.18617715  65.12119078
4130.00 -161.32461988  65.20737941
4132.00 -161.46309352  65.29363316
4134.00 -161.60159803  65.37995204
4136.00 -161.74013336  65.46633604
4138.00 -161.87869949  65.55278517
4140.00 -162.01729637  65.63929943
4142.00 -162.15592396  65.72587883
4144.00 -162.29458223  65.81252336
4146.00 -162.43327113  65.89923303
4148.00 -162.57199064  65.98600784
4150.00 -162.71074071  66.07284780
4152.00 -162.84952130  66.15975290
4154.00 -162.98833237  66.24672314
4156.00 -163.12717389  66.33375854
4158.00 -163.26604582  66.42085909
4160.00 -163.40494812  66.50802480
4162.00 -163.54388075  66.59525566
4164.00 -163.68284367  66.68255168
4166.00 -163.82183685  66.76991286
4168.00 -163.96086024  66.85733921
4170.00 -164.09991381  66.94483072
4172.00 -164.23899753  67.03238740
4174.00 -164.37811134  67.12000925
4176.00 -164.51725523  67.20769627
4178.00 -164.65642913  67.29544846
4180.00 -164.79563303  67.38326583
4182.00 -164.93486687  67.47114838
4184.00 -165.07413063  67.55909610
4186.00 -165.21342425  67.64710901
4188.00 -165.35274772  67.73518710
4190.00 -165.49210098  67.82333037
4192.00 -165.63148400  67.91153884
4194.00 -165.77089674  67.99981249
4196.00 -165.91033917  68.08815133
4198.00 -166.04981124  68.17655536
4200.00 -166.18931291  68.26502459
4202.00 -166.32884416  68.35355901
4204.00 -166.46840493  68.44215863
4206.00 -166.60799520  68.53082345
4208.00 -166.74761492  68.61955347
4210.00 -166.88726406  68.70834869
4212.00 -167.02694258  68.79720912
4214.00 -167.16665044  68.88613475
4216.00 -167.30638760  68.97512559
4218.00 -167.44615402  69.06418163
4220.00 -167.58594967  69.15330289
4222.00 -167.72577451  69.24248936
4224.00 -167.86562850  69.33174103
4226.00 -168.00551161  69.42105793
4228.00 -168.14542378  69.51044004
4230.00 -168.28536500  69.59988736
4232.00 -168.42533521  69.68939990
4234.00 -168.56533439  69.77897767
4236.00 -168.70536249  69.86862065
4238.00 -168.84541947  69.95832885
4240.00 -168.98550530  70.04810228
4242.00 -169.12561994  70.13794093
4244.00 -169.26576335  70.22784481
4246.00 -169.40593550  70.31781391
4248.00 -169.54613634  70.40784824
4250.00 -169.68636584  70.49794780
4252.00 -169.82662396  70.58811259
4254.00 -169.96691066  70.67834261
4256.00 -170.10722590  70.76863786
4258.00 -170.24756966  70.85899834
4260.00 -170.38794188  70.94942406
4262.00 -170.52834253  71.03991501
4264.00 -170.66877158  71.13047120
4266.00 -170.80922898  71.22109262
4268.00 -170.94971470  71.31177929
4270.00 -171.09022870  71.40253119
4272.00 -171.23077094  71.49334832
4274.00 -171.37134139  71.58423070
4276.00 -171.51194000  71.67517832
4278.00 -171.65256674  71.76619118
4280.00 -171.79322158  71.85726928
4282.00 -171.93390447  71.94841262
4284.00 -172.07461537  72.03962121
4286.00 -172.21535425  72.13089504
4288.00 -172.35612108  72.22223412
4290.00 -172.49691580  72.31363844
4292.00 -172.63773840  72.40510801
4294.00 -172.77858882  72.49664282
4296.00 -172.91946703  72.58824288
4298.00 -173.06037299  72.67990818
4300.00 -173.20130667  72.77163874
4302.00 -173.34226803  72.86343454
4304.00 -173.48325702  72.95529559
4306.00 -173.62427362  73.04722189
4308.00 -173.76531779  73.13921344
4310.00 -173.90638948  73.23127024
4312.00 -174.04748866  73.32339228
4314.00 -174.18861529  73.41557958
4316.00 -174.32976934  73.50783213
4318.00 -174.47095076  73.60014993
4320.00 -174.61215953  73.69253298
4322.00 -174.75339559  73.78498128
4324.00 -174.89465892  73.87749483
4326.00 -175.03594948  73.97007364
4328.00 -175.17726723  74.06271769
4330.00 -175.31861213  74.15542700
4332.00 -175.45998414  74.24820156
4334.00 -175.60138324  74.34104137
4336.00 -175.74280937  74.43394643
4338.00 -175.88426250  74.52691674
4340.00 -176.02574260  74.61995231
4342.00 -176.16724963  74.71305313
4344.00 -176.30878355  74.80621920
4346.00 -176.45034432  74.89945052
4348.00 -176.59193191  74.99274709
4350.00 -176.73354627  75.08610891
4352.00 -176.87518738  75.17953598
4354.00 -177.01685519  75.27302831
4356.00 -177.15854967  75.36658588
4358.00 -177.30027077  75.46020871
4360.00 -177.44201847  75.55389679
4362.00 -177.58379272  75.64765011
4364.00 -177.72559349  75.74146869
4366.00 -177.86742074  75.83535251
4368.00 -178.00927443  75.92930158
4370.00 -178.15115453  76.02331590
4372.00 -178.29306099  76.11739547
4374.00 -178.43499379  76.21154029
4376.00 -178.57695288  76.30575035
4378.00 -178.71893823  76.40002566
4380.00 -178.86094979  76.49436622
4382.00 -179.00298754  76.58877202
4384.00 -179.14505143  76.68324307
4386.00 -179.28714143  76.77777936
4388.00 -179.42925751  76.87238089
4390.00 -179.57139961  76.96704767
4392.00 -179.71356771  77.06177969
4394.00 -179.85576177  77.15657695
4396.00 -179.99798175  77.25143945
4398.00 -180.14022762  77.34636720
4400.00 -180.28249934  77.44136018
4402.00 -180.42479686  77.53641840
4404.00 -180.56712017  77.63154186
4406.00 -180.70946920  77.72673056
4408.00 -180.85184394  77.82198449
4410.00 -180.99424434  77.91730366
4412.00 -181.13667036  78.01268806
4414.00 -181.27912198  78.10813770
4416.00 -181.42159914  78.20365257
4418.00 -181.56410182  78.29923267
4420.00 -181.70662998  78.39487800
4422.00 -181.84918358  78.49058856
4424.00 -181.99176258  78.58636435
4426.00 -182.13436695  78.68220537
4428.00 -182.27699665  78.77811161
4430.00 -182.41965164  78.87408308
4432.00 -182.56233189  78.97011978
4434.00 -182.70503736  79.06622169
4436.00 -182.84776801  79.16238883
4438.00 -182.99052380  79.25862119
4440.00 -183.13330470  79.35491877
4442.00 -183.27611068  79.45128157
4444.00 -183.41894169  79.54770958
4446.00 -183.56179770  79.64420281
4448.00 -183.70467866  79.74076126
4450.00 -183.84758456  79.83738492
4452.00 -183.99051534  79.93407379
4454.00 -184.13347097  80.03082787
4456.00 -184.27645141  80.12764715
4458.00 -184.41945663  80.22453165
4460.00 -184.56248659  80.32148135
4462.00 -184.70554126  80.41849626
4464.00 -184.84862059  80.51557637
4466.00 -184.99172455  80.61272168
4468.00 -185.13485311  80.70993219
4470.00 -185.27800622  80.80720790
4472.00 -185.42118385  80.90454880
4474.00 -185.56438597  81.00195490
4476.00 -185.70761253  81.09942620
4478.00 -185.85086350  81.19696268
4480.00 -185.99413885  81.29456436
4482.00 -186.13743853  81.39223122
4484.00 -186.28076251  81.48996327
4486.00 -186.42411076  81.58776051
4488.00 -186.56748323  81.68562293
4490.00 -186.71087989  81.78355053
4492.00 -186.85430071  81.88154330
4494.00 -186.99774564  81.97960126
4496.00 -187.14121465  82.07772439
4498.00 -187.28470771  82.17591270
4500.00 -187.42822477  82.27416618
4502.00 -187.57176581  82.37248482
4504.00 -187.71533078  82.47086864
4506.00 -187.85891965  82.56931762
4508.00 -188.00253238  82.66783177
4510.00 -188.14616893  82.76641107
4512.00 -188.28982927  82.86505554
4514.00 -188.43351337  82.96376516
4516.00 -188.57722118  83.06253994
4518.00 -188.72095266  83.16137988
4520.00 -188.86470780  83.26028496
4522.00 -189.00848653  83.35925520
4524.00 -189.15228884  83.45829058
4526.00 -189.29611468  83.55739110
4528.00 -189.43996402  83.65655677
4530.00 -189.58383682  83.75578758
4532.00 -189.72773304  83.85508352
4534.00 -189.87165265  83.95444460
4536.00 -190.01559561  84.05387082
4538.00 -190.15956189  84.15336216
4540.00 -190.30355145  84.25291864
4542.00 -190.44756425  84.35254024
4544.00 -190.59160025  84.45222696
4546.00 -190.73565943  84.55197881
4548.00 -190.87974174  84.65179577
4550.00 -191.02384715  84.75167785
4552.00 -191.16797561  84.85162504
4554.00 -191.31212711  84.95163735
4556.00 -191.45630159  85.05171476
4558.00 -191.60049903  85.15185728
4560.00 -191.74471938  85.25206490
4562.00 -191.88896261  85.35233762
4564.00 -192.03322869  85.45267544
4566.00 -192.17751757  85.55307836
4568.00 -192.32182923  85.65354637
4570.00 -192.46616362  85.75407947
4572.00 -192.61052072  85.85467766
4574.00 -192.75490047  85.95534093
4576.00 -192.89930286  86.05606928
4578.00 -193.04372783  86.15686271
4580.00 -193.18817536  86.25772122
4582.00 -193.33264541  86.35864480
4584.00 -193.47713794  86.45963345
4586.00 -193.62165292  86.56068717
4588.00 -193.76619031  86.66180595
4590.00 -193.91075008  86.76298980
4592.00 -194.05533218  86.86423870
4594.00 -194.19993659  86.96555266
4596.00 -194.34456327  87.06693167
4598.00 -194.48921217  87.16837573
4600.00 -194.63388327  87.26988484
4602.00 -194.77857654  87.37145899
4604.00 -194.92329192  87.47309818
4606.00 -195.06802939  87.57480241
4608.00 -195.21278892  87.67657167
4610.00 -195.35757045  87.77840596
4612.00 -195.50237397  87.88030528
4614.00 -195.64719944  87.98226963
4616.00 -195.79204681  88.08429899
4618.00 -195.93691605  88.18639338
4620.00 -196.08180713  88.28855277
4622.00 -196.22672001  88.39077718
4624.00 -196.37165465  88.49306660
4626.00 -196.51661103  88.59542103
4628.00 -196.66158909  88.69784045
4630.00 -196.80658882  88.80032487
4632.00 -196.95161016  88.90287429
4634.00 -197.09665310  89.00548870
4636.00 -197.24171758  89.10816809
4638.00 -197.38680357  89.21091247
4640.00 -197.53191105  89.31372183
4642.00 -197.67703997  89.41659617
4644.00 -197.82219029  89.51953548
4646.00 -197.96736199  89.62253976
4648.00 -198.11255502  89.72560901
4650.00 -198.25776936  89.82874322
4652.00 -198.40300496  89.93194239
4654.00 -198.54826178  90.03520651
4656.00 -198.69353980  90.13853559
4658.00 -198.83883898  90.24192962
4660.00 -198.98415928  90.34538859
4662.00 -199.12950067  90.44891250
4664.00 -199.27486311  90.55250134
4666.00 -199.42024657  90.65615512
4668.00 -199.56565100  90.75987384
4670.00 -199.71107638  90.86365747
4672.00 -199.85652267  90.96750603
4674.00 -200.00198983  91.07141950
4676.00 -200.14747783  91.17539789
4678.00 -200.29298664  91.27944119
4680.00 -200.43851621  91.38354940
4682.00 -200.58406651  91.48772251
4684.00 -200.72963751  91.59196051
4686.00 -200.87522917  91.69626341
4688.00 -201.02084145  91.80063121
4690.00 -201.16647433  91.90506388
4692.00 -201.31212776  92.00956144
4694.00 -201.45780171  92.11412388
4696.00 -201.60349614  92.21875119
4698.00 -201.74921102  92.32344337
4700.00 -201.89494631  92.42820042
4702.00 -202.04070199  92.53302233
4704.00 -202.18647800  92.63790909
4706.00 -202.33227433  92.74286071
4708.00 -202.47809092  92.84787718
4710.00 -202.62392775  92.95295849
4712.00 -202.76978479  93.05810464
4714.00 -202.91566199  93.16331563
4716.00 -203.06155932  93.26859145
4718.00 -203.20747674  93.37393210
4720.00 -203.35341423  93.47933757
4722.00 -203.49937174  93.58480786
4724.00 -203.64534925  93.69034297
4726.00 -203.79134670  93.79594288
4728.00 -203.93736408  93.90160760
4730.00 -204.08340135  94.00733712
4732.00 -204.22945846  94.11313144
4734.00 -204.37553539  94.21899055
4736.00 -204.52163209  94.32491444
4738.00 -204.66774854  94.43090312
4740.00 -204.81388470  94.53695658
4742.00 -204.96004054  94.64307481
4744.00 -205.10621601  94.74925781
4746.00 -205.25241109  94.85550558
4748.00 -205.39862574  94.96181810
4750.00 -205.54485992  95.06819538
4752.00 -205.69111360  95.17463741
4754.00 -205.83738675  95.28114419
4756.00 -205.98367932  95.38771571
4758.00 -206.12999129  95.49435196
4760.00 -206.27632262  95.60105295
4762.00 -206.42267327  95.70781866
4764.00 -206.56904321  95.81464909
4766.00 -206.71543241  95.92154424
4768.00 -206.86184083  96.02850411
4770.00 -207.00826843  96.13552868
4772.00 -207.15471518  96.24261795
4774.00 -207.30118104  96.34977192
4776.00 -207.44766599  96.45699059
4778.00 -207.59416998  96.56427394
4780.00 -207.74069298  96.67162197
4782.00 -207.88723496  96.77903468
4784.00 -208.03379588  96.88651207
4786.00 -208.18037570  96.99405412
4788.00 -208.32697440  97.10166083
4790.00 -208.47359193  97.20933220
4792.00 -208.62022827  97.31706823
4794.00 -208.76688337  97.42486890
4796.00 -208.91355720  97.53273421
4798.00 -209.06024974  97.64066416
4800.00 -209.20696093  97.74865874
4802.00 -209.35369076  97.85671795
4804.00 -209.50043918  97.96484178
4806.00 -209.64720615  98.07303023
4808.00 -209.79399166  98.18128328
4810.00 -209.94079565  98.28960095
4812.00 -210.08761810  98.39798321
4814.00 -210.23445896  98.50643006
4816.00 -210.38131822  98.61494151
4818.00 -210.52819582  98.72351754
4820.00 -210.67509175  98.83215815
4822.00 -210.82200595  98.94086333
4824.00 -210.96893841  99.04963308
4826.00 -211.11588907  99.15846740
4828.00 -211.26285792  99.26736627
4830.00 -211.40984491  99.37632969
4832.00 -211.55685001  99.48535765
4834.00 -211.70387319  99.59445016
4836.00 -211.85091441  99.70360720
4838.00 -211.99797363  99.81282877
4840.00 -212.14505083  99.92211487
4842.00 -212.29214597 100.03146548
4844.00 -212.43925900 100.14088061
4846.00 -212.58638991 100.25036024
4848.00 -212.73353866 100.35990438
4850.00 -212.88070520 100.46951301
4852.00 -213.02788951 100.57918612
4854.00 -213.17509155 100.68892373
4856.00 -213.32231129 100.79872581
4858.00 -213.46954869 100.90859236
4860.00 -213.61680372 101.01852338
4862.00 -213.76407635 101.12851886
4864.00 -213.91136654 101.23857880
4866.00 -214.05867425 101.34870319
4868.00 -214.20599945 101.45889201
4870.00 -214.35334212 101.56914528
4872.00 -214.50070220 101.67946298
4874.00 -214.64807968 101.78984510
4876.00 -214.79547451 101.90029165
4878.00 -214.94288666 102.01080260
4880.00 -215.09031610 102.12137797
4882.00 -215.23776279 102.23201773
4884.00 -215.38522670 102.34272189
4886.00 -215.53270780 102.45349045
4888.00 -215.68020605 102.56432338
4890.00 -215.82772141 102.67522069
4892.00 -215.97525385 102.78618238
4894.00 -216.12280335 102.89720843
4896.00 -216.27036985 103.00829883
4898.00 -216.41795334 103.11945360
4900.00 -216.56555378 103.23067270
4902.00 -216.71317112 103.34195615
4904.00 -216.86080535 103.45330393
4906.00 -217.00845642 103.56471604
4908.00 -217.15612430 103.67619248
4910.00 -217.30380896 103.78773322
4912.00 -217.45151036 103.89933828
4914.00 -217.59922846 104.01100764
4916.00 -217.74696325 104.12274130
4918.00 -217.89471467 104.23453924
4920.00 -218.04248270 104.34640148
4922.00 -218.19026731 104.45832798
4924.00 -218.33806845 104.57031876
4926.00 -218.48588610 104.68237381
4928.00 -218.63372022 104.79449311
4930.00 -218.78157078 104.90667666
4932.00 -218.92943775 105.01892446
4934.00 -219.07732108 105.13123650
4936.00 -219.22522075 105.24361276
4938.00 -219.37313672 105.35605326
4940.00 -219.52106897 105.46855797
4942.00 -219.66901745 105.58112690
4944.00 -219.81698213 105.69376003
4946.00 -219.96496298 105.80645736
4948.00 -220.11295996 105.91921888
4950.00 -220.26097304 106.03204459
4952.00 -220.40900219 106.14493448
4954.00 -220.55704738 106.25788854
4956.00 -220.70510856 106.37090677
4958.00 -220.85318572 106.48398915
4960.00 -221.00127880 106.59713569
4962.00 -221.14938778 106.71034637
4964.00 -221.29751263 106.82362119
4966.00 -221.44565331 106.93696015
4968.00 -221.59380979 107.05036322
4970.00 -221.74198204 107.16383042
4972.00 -221.89017002 107.27736173
4974.00 -222.03837369 107.39095714
4976.00 -222.18659303 107.50461665
4978.00 -222.33482800 107.61834025
4980.00 -222.48307857 107.73212793
4982.00 -222.63134470 107.84597969
4984.00 -222.77962637 107.95989552
4986.00 -222.92792353 108.07387541
4988.00 -223.07623615 108.18791936
4990.00 -223.22456421 108.30202736
4992.00 -223.37290766 108.41619939
4994.00 -223.52126648 108.53043547
4996.00 -223.66964063 108.64473556
4998.00 -223.81803008 108.75909968
5000.00 -223.96643479 108.87352782
