wavelength(nm)         real         imag
200.00   3.61887066   0.00537289
201.00   3.61605338   0.00545387
202.00   3.61322207   0.00553566
203.00   3.61037672   0.00561825
204.00   3.60751735   0.00570167
205.00   3.60464395   0.00578591
206.00   3.60175652   0.00587097
207.00   3.59885505   0.00595687
208.00   3.59593957   0.00604359
209.00   3.59301005   0.00613116
210.00   3.59006650   0.00621956
211.00   3.58710893   0.00630881
212.00   3.58413733   0.00639891
213.00   3.58115170   0.00648986
214.00   3.57815205   0.00658168
215.00   3.57513837   0.00667435
216.00   3.57211066   0.00676789
217.00   3.56906893   0.00686229
218.00   3.56601317   0.00695757
219.00   3.56294339   0.00705373
220.00   3.55985958   0.00715077
221.00   3.55676175   0.00724870
222.00   3.55364989   0.00734751
223.00   3.55052401   0.00744722
224.00   3.54738411   0.00754783
225.00   3.54423018   0.00764933
226.00   3.54106224   0.00775175
227.00   3.53788027   0.00785507
228.00   3.53468427   0.00795931
229.00   3.53147426   0.00806446
230.00   3.52825022   0.00817053
231.00   3.52501217   0.00827754
232.00   3.52176009   0.00838547
233.00   3.51849399   0.00849433
234.00   3.51521388   0.00860413
235.00   3.51191974   0.00871488
236.00   3.50861158   0.00882657
237.00   3.50528941   0.00893921
238.00   3.50195322   0.00905280
239.00   3.49860301   0.00916735
240.00   3.49523878   0.00928287
241.00   3.49186053   0.00939934
242.00   3.48846827   0.00951679
243.00   3.48506199   0.00963522
244.00   3.48164170   0.00975462
245.00   3.47820739   0.00987500
246.00   3.47475906   0.00999637
247.00   3.47129672   0.01011872
248.00   3.46782036   0.01024207
249.00   3.46432999   0.01036642
250.00   3.46082561   0.01049177
251.00   3.45730721   0.01061813
252.00   3.45377480   0.01074550
253.00   3.45022837   0.01087388
254.00   3.44666794   0.01100328
255.00   3.44309349   0.01113370
256.00   3.43950503   0.01126515
257.00   3.43590256   0.01139762
258.00   3.43228608   0.01153113
259.00   3.42865559   0.01166568
260.00   3.42501108   0.01180127
261.00   3.42135257   0.01193791
262.00   3.41768005   0.01207559
263.00   3.41399352   0.01221433
264.00   3.41029298   0.01235413
265.00   3.40657844   0.01249499
266.00   3.40284988   0.01263692
267.00   3.39910732   0.01277991
268.00   3.39535076   0.01292398
269.00   3.39158018   0.01306913
270.00   3.38779560   0.01321536
271.00   3.38399702   0.01336268
272.00   3.38018443   0.01351108
273.00   3.37635783   0.01366058
274.00   3.37251723   0.01381118
275.00   3.36866263   0.01396288
276.00   3.36479402   0.01411569
277.00   3.36091141   0.01426960
278.00   3.35701480   0.01442463
279.00   3.35310419   0.01458078
280.00   3.34917957   0.01473805
281.00   3.34524095   0.01489645
282.00   3.34128833   0.01505597
283.00   3.33732172   0.01521663
284.00   3.33334110   0.01537843
285.00   3.32934648   0.01554137
286.00   3.32533786   0.01570546
287.00   3.32131524   0.01587069
288.00   3.31727863   0.01603708
289.00   3.31322802   0.01620463
290.00   3.30916341   0.01637334
291.00   3.30508480   0.01654322
292.00   3.30099220   0.01671426
293.00   3.29688560   0.01688648
294.00   3.29276500   0.01705988
295.00   3.28863041   0.01723446
296.00   3.28448183   0.01741023
297.00   3.28031925   0.01758719
298.00   3.27614268   0.01776534
299.00   3.27195211   0.01794469
300.00   3.26774755   0.01812524
301.00   3.26352900   0.01830699
302.00   3.25929646   0.01848996
303.00   3.25504992   0.01867414
304.00   3.25078940   0.01885954
305.00   3.24651488   0.01904616
306.00   3.24222638   0.01923401
307.00   3.23792388   0.01942309
308.00   3.23360739   0.01961340
309.00   3.22927692   0.01980495
310.00   3.22493246   0.01999774
311.00   3.22057401   0.02019177
312.00   3.21620157   0.02038706
313.00   3.21181515   0.02058360
314.00   3.20741474   0.02078140
315.00   3.20300034   0.02098046
316.00   3.19857196   0.02118079
317.00   3.19412960   0.02138239
318.00   3.18967325   0.02158526
319.00   3.18520291   0.02178941
320.00   3.18071859   0.02199484
321.00   3.17622029   0.02220155
322.00   3.17170801   0.02240956
323.00   3.16718175   0.02261886
324.00   3.16264150   0.02282946
325.00   3.15808727   0.02304136
326.00   3.15351906   0.02325457
327.00   3.14893688   0.02346908
328.00   3.14434071   0.02368491
329.00   3.13973056   0.02390206
330.00   3.13510644   0.02412053
331.00   3.13046834   0.02434033
332.00   3.12581626   0.02456145
333.00   3.12115020   0.02478391
334.00   3.11647017   0.02500771
335.00   3.11177616   0.02523285
336.00   3.10706818   0.02545934
337.00   3.10234622   0.02568717
338.00   3.09761028   0.02591636
339.00   3.09286038   0.02614691
340.00   3.08809650   0.02637881
341.00   3.08331864   0.02661209
342.00   3.07852682   0.02684673
343.00   3.07372102   0.02708275
344.00   3.06890125   0.02732015
345.00   3.06406751   0.02755892
346.00   3.05921981   0.02779909
347.00   3.05435813   0.02804064
348.00   3.04948248   0.02828358
349.00   3.04459286   0.02852793
350.00   3.03968928   0.02877367
351.00   3.03477173   0.02902082
352.00   3.02984021   0.02926939
353.00   3.02489472   0.02951936
354.00   3.01993527   0.02977075
355.00   3.01496185   0.03002357
356.00   3.00997447   0.03027781
357.00   3.00497313   0.03053347
358.00   2.99995782   0.03079058
359.00   2.99492855   0.03104912
360.00   2.98988531   0.03130910
361.00   2.98482811   0.03157053
362.00   2.97975696   0.03183340
363.00   2.97467184   0.03209773
364.00   2.96957276   0.03236352
365.00   2.96445972   0.03263077
366.00   2.95933272   0.03289948
367.00   2.95419176   0.03316967
368.00   2.94903684   0.03344132
369.00   2.94386797   0.03371446
370.00   2.93868514   0.03398907
371.00   2.93348835   0.03426517
372.00   2.92827761   0.03454276
373.00   2.92305291   0.03482185
374.00   2.91781426   0.03510243
375.00   2.91256165   0.03538451
376.00   2.90729509   0.03566810
377.00   2.90201458   0.03595319
378.00   2.89672011   0.03623980
379.00   2.89141169   0.03652793
380.00   2.88608933   0.03681758
381.00   2.88075301   0.03710875
382.00   2.87540274   0.03740145
383.00   2.87003852   0.03769569
384.00   2.86466035   0.03799146
385.00   2.85926823   0.03828878
386.00   2.85386217   0.03858763
387.00   2.84844215   0.03888804
388.00   2.84300819   0.03919000
389.00   2.83756029   0.03949352
390.00   2.83209844   0.03979860
391.00   2.82662265   0.04010524
392.00   2.82113291   0.04041345
393.00   2.81562922   0.04072324
394.00   2.81011160   0.04103460
395.00   2.80458003   0.04134754
396.00   2.79903452   0.04166207
397.00   2.79347507   0.04197818
398.00   2.78790168   0.04229589
399.00   2.78231434   0.04261520
400.00   2.77671307   0.04293610
401.00   2.77109786   0.04325861
402.00   2.76546871   0.04358273
403.00   2.75982563   0.04390846
404.00   2.75416861   0.04423581
405.00   2.74849765   0.04456478
406.00   2.74281275   0.04489538
407.00   2.73711392   0.04522760
408.00   2.73140116   0.04556145
409.00   2.72567446   0.04589694
410.00   2.71993383   0.04623407
411.00   2.71417927   0.04657285
412.00   2.70841077   0.04691327
413.00   2.70262834   0.04725535
414.00   2.69683198   0.04759908
415.00   2.69102170   0.04794447
416.00   2.68519748   0.04829153
417.00   2.67935933   0.04864025
418.00   2.67350726   0.04899065
419.00   2.66764126   0.04934272
420.00   2.66176133   0.04969648
421.00   2.65586747   0.05005191
422.00   2.64995969   0.05040904
423.00   2.64403799   0.05076785
424.00   2.63810236   0.05112837
425.00   2.63215280   0.05149058
426.00   2.62618933   0.05185450
427.00   2.62021193   0.05222012
428.00   2.61422061   0.05258746
429.00   2.60821537   0.05295651
430.00   2.60219620   0.05332728
431.00   2.59616312   0.05369977
432.00   2.59011612   0.05407400
433.00   2.58405520   0.05444995
434.00   2.57798036   0.05482764
435.00   2.57189161   0.05520707
436.00   2.56578894   0.05558824
437.00   2.55967235   0.05597117
438.00   2.55354185   0.05635584
439.00   2.54739743   0.05674226
440.00   2.54123910   0.05713045
441.00   2.53506686   0.05752040
442.00   2.52888071   0.05791212
443.00   2.52268064   0.05830561
444.00   2.51646666   0.05870087
445.00   2.51023877   0.05909791
446.00   2.50399697   0.05949674
447.00   2.49774127   0.05989735
448.00   2.49147165   0.06029975
449.00   2.48518813   0.06070395
450.00   2.47889070   0.06110995
451.00   2.47257936   0.06151775
452.00   2.46625412   0.06192736
453.00   2.45991497   0.06233878
454.00   2.45356192   0.06275201
455.00   2.44719496   0.06316706
456.00   2.44081411   0.06358393
457.00   2.43441935   0.06400264
458.00   2.42801068   0.06442317
459.00   2.42158812   0.06484553
460.00   2.41515166   0.06526974
461.00   2.40870130   0.06569578
462.00   2.40223704   0.06612368
463.00   2.39575888   0.06655342
464.00   2.38926682   0.06698502
465.00   2.38276087   0.06741847
466.00   2.37624102   0.06785379
467.00   2.36970728   0.06829098
468.00   2.36315964   0.06873003
469.00   2.35659811   0.06917096
470.00   2.35002269   0.06961377
471.00   2.34343337   0.07005846
472.00   2.33683016   0.07050503
473.00   2.33021306   0.07095349
474.00   2.32358208   0.07140385
475.00   2.31693720   0.07185611
476.00   2.31027843   0.07231027
477.00   2.30360577   0.07276633
478.00   2.29691923   0.07322430
479.00   2.29021880   0.07368419
480.00   2.28350449   0.07414599
481.00   2.27677629   0.07460972
482.00   2.27003421   0.07507537
483.00   2.26327824   0.07554295
484.00   2.25650839   0.07601246
485.00   2.24972466   0.07648391
486.00   2.24292704   0.07695730
487.00   2.23611555   0.07743264
488.00   2.22929017   0.07790992
489.00   2.22245092   0.07838916
490.00   2.21559779   0.07887036
491.00   2.20873078   0.07935352
492.00   2.20184990   0.07983864
493.00   2.19495513   0.08032573
494.00   2.18804650   0.08081479
495.00   2.18112398   0.08130583
496.00   2.17418760   0.08179885
497.00   2.16723734   0.08229385
498.00   2.16027321   0.08279085
499.00   2.15329520   0.08328983
500.00   2.14630333   0.08379082
501.00   2.13929758   0.08429380
502.00   2.13227797   0.08479878
503.00   2.12524449   0.08530578
504.00   2.11819714   0.08581479
505.00   2.11113592   0.08632581
506.00   2.10406084   0.08683885
507.00   2.09697189   0.08735392
508.00   2.08986908   0.08787101
509.00   2.08275240   0.08839014
510.00   2.07562186   0.08891130
511.00   2.06847746   0.08943450
512.00   2.06131919   0.08995975
513.00   2.05414707   0.09048704
514.00   2.04696108   0.09101639
515.00   2.03976124   0.09154779
516.00   2.03254753   0.09208125
517.00   2.02531997   0.09261677
518.00   2.01807856   0.09315436
519.00   2.01082328   0.09369402
520.00   2.00355415   0.09423576
521.00   1.99627117   0.09477957
522.00   1.98897433   0.09532547
523.00   1.98166364   0.09587346
524.00   1.97433910   0.09642353
525.00   1.96700070   0.09697570
526.00   1.95964846   0.09752997
527.00   1.95228236   0.09808634
528.00   1.94490242   0.09864482
529.00   1.93750863   0.09920541
530.00   1.93010099   0.09976811
531.00   1.92267950   0.10033294
532.00   1.91524417   0.10089988
533.00   1.90779500   0.10146895
534.00   1.90033198   0.10204015
535.00   1.89285511   0.10261349
536.00   1.88536441   0.10318896
537.00   1.87785986   0.10376657
538.00   1.87034147   0.10434633
539.00   1.86280924   0.10492824
540.00   1.85526317   0.10551231
541.00   1.84770327   0.10609853
542.00   1.84012952   0.10668691
543.00   1.83254194   0.10727746
544.00   1.82494052   0.10787017
545.00   1.81732527   0.10846507
546.00   1.80969618   0.10906213
547.00   1.80205326   0.10966138
548.00   1.79439651   0.11026282
549.00   1.78672593   0.11086644
550.00   1.77904151   0.11147226
551.00   1.77134327   0.11208027
552.00   1.76363119   0.11269048
553.00   1.75590529   0.11330290
554.00   1.74816556   0.11391753
555.00   1.74041200   0.11453437
556.00   1.73264462   0.11515342
557.00   1.72486341   0.11577470
558.00   1.71706837   0.11639820
559.00   1.70925952   0.11702393
560.00   1.70143684   0.11765189
561.00   1.69360034   0.11828209
562.00   1.68575002   0.11891452
563.00   1.67788587   0.11954920
564.00   1.67000791   0.12018613
565.00   1.66211613   0.12082531
566.00   1.65421054   0.12146675
567.00   1.64629112   0.12211044
568.00   1.63835789   0.12275640
569.00   1.63041085   0.12340463
570.00   1.62244999   0.12405513
571.00   1.61447532   0.12470790
572.00   1.60648684   0.12536295
573.00   1.59848454   0.12602028
574.00   1.59046844   0.12667990
575.00   1.58243852   0.12734182
576.00   1.57439480   0.12800602
577.00   1.56633727   0.12867253
578.00   1.55826593   0.12934134
579.00   1.55018079   0.13001245
580.00   1.54208184   0.13068588
581.00   1.53396908   0.13136162
582.00   1.52584252   0.13203967
583.00   1.51770216   0.13272005
584.00   1.50954800   0.13340276
585.00   1.50138004   0.13408779
586.00   1.49319827   0.13477516
587.00   1.48500271   0.13546487
588.00   1.47679335   0.13615692
589.00   1.46857019   0.13685131
590.00   1.46033324   0.13754806
591.00   1.45208249   0.13824715
592.00   1.44381795   0.13894861
593.00   1.43553961   0.13965242
594.00   1.42724748   0.14035860
595.00   1.41894155   0.14106715
596.00   1.41062184   0.14177807
597.00   1.40228834   0.14249137
598.00   1.39394104   0.14320705
599.00   1.38557996   0.14392512
600.00   1.37720509   0.14464557
601.00   1.36881644   0.14536841
602.00   1.36041399   0.14609365
603.00   1.35199777   0.14682129
604.00   1.34356776   0.14755134
605.00   1.33512397   0.14828379
606.00   1.32666639   0.14901866
607.00   1.31819504   0.14975594
608.00   1.30970990   0.15049564
609.00   1.30121099   0.15123776
610.00   1.29269829   0.15198232
611.00   1.28417182   0.15272930
612.00   1.27563157   0.15347872
613.00   1.26707755   0.15423057
614.00   1.25850976   0.15498487
615.00   1.24992818   0.15574162
616.00   1.24133284   0.15650082
617.00   1.23272373   0.15726247
618.00   1.22410084   0.15802658
619.00   1.21546418   0.15879316
620.00   1.20681376   0.15956220
621.00   1.19814957   0.16033371
622.00   1.18947161   0.16110769
623.00   1.18077988   0.16188416
624.00   1.17207439   0.16266310
625.00   1.16335513   0.16344453
626.00   1.15462212   0.16422845
627.00   1.14587533   0.16501487
628.00   1.13711479   0.16580378
629.00   1.12834049   0.16659519
630.00   1.11955243   0.16738911
631.00   1.11075060   0.16818553
632.00   1.10193503   0.16898448
633.00   1.09310569   0.16978593
634.00   1.08426260   0.17058991
635.00   1.07540575   0.17139641
636.00   1.06653515   0.17220544
637.00   1.05765080   0.17301701
638.00   1.04875270   0.17383111
639.00   1.03984084   0.17464775
640.00   1.03091524   0.17546693
641.00   1.02197588   0.17628867
642.00   1.01302278   0.17711295
643.00   1.00405593   0.17793979
644.00   0.99507533   0.17876919
645.00   0.98608099   0.17960115
646.00   0.97707291   0.18043569
647.00   0.96805108   0.18127279
648.00   0.95901551   0.18211247
649.00   0.94996620   0.18295472
650.00   0.94090315   0.18379956
651.00   0.93182636   0.18464699
652.00   0.92273583   0.18549700
653.00   0.91363156   0.18634962
654.00   0.90451356   0.18720483
655.00   0.89538182   0.18806264
656.00   0.88623635   0.18892306
657.00   0.87707715   0.18978608
658.00   0.86790421   0.19065173
659.00   0.85871754   0.19151999
660.00   0.84951714   0.19239087
661.00   0.84030302   0.19326438
662.00   0.83107516   0.19414051
663.00   0.82183357   0.19501928
664.00   0.81257826   0.19590069
665.00   0.80330923   0.19678474
666.00   0.79402647   0.19767143
667.00   0.78472999   0.19856078
668.00   0.77541978   0.19945277
669.00   0.76609585   0.20034742
670.00   0.75675821   0.20124473
671.00   0.74740684   0.20214471
672.00   0.73804176   0.20304736
673.00   0.72866295   0.20395267
674.00   0.71927044   0.20486066
675.00   0.70986420   0.20577134
676.00   0.70044426   0.20668469
677.00   0.69101059   0.20760073
678.00   0.68156322   0.20851947
679.00   0.67210214   0.20944090
680.00   0.66262734   0.21036503
681.00   0.65313884   0.21129186
682.00   0.64363663   0.21222140
683.00   0.63412071   0.21315365
684.00   0.62459109   0.21408861
685.00   0.61504776   0.21502629
686.00   0.60549073   0.21596670
687.00   0.59591999   0.21690983
688.00   0.58633555   0.21785569
689.00   0.57673741   0.21880428
690.00   0.56712557   0.21975561
691.00   0.55750004   0.22070969
692.00   0.54786080   0.22166650
693.00   0.53820787   0.22262607
694.00   0.52854124   0.22358839
695.00   0.51886092   0.22455347
696.00   0.50916691   0.22552131
697.00   0.49945920   0.22649191
698.00   0.48973780   0.22746529
699.00   0.48000271   0.22844143
700.00   0.47025393   0.22942035
701.00   0.46049146   0.23040205
702.00   0.45071531   0.23138654
703.00   0.44092547   0.23237381
704.00   0.43112194   0.23336387
705.00   0.42130473   0.23435673
706.00   0.41147384   0.23535239
707.00   0.40162926   0.23635086
708.00   0.39177101   0.23735213
709.00   0.38189907   0.23835621
710.00   0.37201346   0.23936310
711.00   0.36211417   0.24037281
712.00   0.35220120   0.24138535
713.00   0.34227455   0.24240071
714.00   0.33233423   0.24341891
715.00   0.32238024   0.24443993
716.00   0.31241258   0.24546380
717.00   0.30243124   0.24649050
718.00   0.29243624   0.24752006
719.00   0.28242756   0.24855246
720.00   0.27240522   0.24958771
721.00   0.26236921   0.25062582
722.00   0.25231954   0.25166680
723.00   0.24225620   0.25271063
724.00   0.23217919   0.25375734
725.00   0.22208853   0.25480692
726.00   0.21198420   0.25585937
727.00   0.20186621   0.25691471
728.00   0.19173456   0.25797292
729.00   0.18158926   0.25903403
730.00   0.17143030   0.26009803
731.00   0.16125768   0.26116492
732.00   0.15107140   0.26223472
733.00   0.14087148   0.26330741
734.00   0.13065790   0.26438301
735.00   0.12043066   0.26546153
736.00   0.11018978   0.26654296
737.00   0.09993525   0.26762730
738.00   0.08966707   0.26871457
739.00   0.07938524   0.26980477
740.00   0.06908977   0.27089789
741.00   0.05878065   0.27199395
742.00   0.04845789   0.27309295
743.00   0.03812149   0.27419489
744.00   0.02777144   0.27529977
745.00   0.01740776   0.27640761
746.00   0.00703043   0.27751839
747.00  -0.00336053   0.27863213
748.00  -0.01376514   0.27974884
749.00  -0.02418337   0.28086851
750.00  -0.03461524   0.28199114
751.00  -0.04506075   0.28311675
752.00  -0.05551989   0.28424534
753.00  -0.06599266   0.28537690
754.00  -0.07647906   0.28651145
755.00  -0.08697909   0.28764898
756.00  -0.09749275   0.28878951
757.00  -0.10802003   0.28993303
758.00  -0.11856094   0.29107955
759.00  -0.12911548   0.29222908
760.00  -0.13968363   0.29338161
761.00  -0.15026542   0.29453715
762.00  -0.16086082   0.29569570
763.00  -0.17146984   0.29685727
764.00  -0.18209248   0.29802187
765.00  -0.19272874   0.29918949
766.00  -0.20337862   0.30036014
767.00  -0.21404211   0.30153382
768.00  -0.22471922   0.30271054
769.00  -0.23540993   0.30389030
770.00  -0.24611427   0.30507311
771.00  -0.25683221   0.30625896
772.00  -0.26756376   0.30744787
773.00  -0.27830892   0.30863983
774.00  -0.28906769   0.30983486
775.00  -0.29984006   0.31103294
776.00  -0.31062604   0.31223410
777.00  -0.32142563   0.31343832
778.00  -0.33223881   0.31464562
779.00  -0.34306560   0.31585600
780.00  -0.35390599   0.31706947
781.00  -0.36475998   0.31828602
782.00  -0.37562756   0.31950566
783.00  -0.38650875   0.32072839
784.00  -0.39740352   0.32195423
785.00  -0.40831190   0.32318316
786.00  -0.41923386   0.32441520
787.00  -0.43016942   0.32565035
788.00  -0.44111857   0.32688862
789.00  -0.45208131   0.32813000
790.00  -0.46305764   0.32937450
791.00  -0.47404756   0.33062213
792.00  -0.48505106   0.33187288
793.00  -0.49606815   0.33312677
794.00  -0.50709882   0.33438380
795.00  -0.51814308   0.33564396
796.00  -0.52920091   0.33690727
797.00  -0.54027233   0.33817373
798.00  -0.55135733   0.33944333
799.00  -0.56245590   0.34071610
800.00  -0.57356805   0.34199202
801.00  -0.58469378   0.34327110
802.00  -0.59583308   0.34455335
803.00  -0.60698595   0.34583877
804.00  -0.61815240   0.34712737
805.00  -0.62933242   0.34841914
806.00  -0.64052600   0.34971410
807.00  -0.65173316   0.35101224
808.00  -0.66295388   0.35231357
809.00  -0.67418817   0.35361810
810.00  -0.68543602   0.35492582
811.00  -0.69669744   0.35623674
812.00  -0.70797242   0.35755087
813.00  -0.71926096   0.35886820
814.00  -0.73056306   0.36018875
815.00  -0.74187872   0.36151251
816.00  -0.75320794   0.36283949
817.00  -0.76455071   0.36416970
818.00  -0.77590704   0.36550313
819.00  -0.78727692   0.36683980
820.00  -0.79866036   0.36817970
821.00  -0.81005734   0.36952284
822.00  -0.82146788   0.37086922
823.00  -0.83289196   0.37221885
824.00  -0.84432960   0.37357173
825.00  -0.85578078   0.37492786
826.00  -0.86724550   0.37628725
827.00  -0.87872377   0.37764990
828.00  -0.89021558   0.37901581
829.00  -0.90172094   0.38038500
830.00  -0.91323983   0.38175746
831.00  -0.92477226   0.38313319
832.00  -0.93631823   0.38451221
833.00  -0.94787774   0.38589450
834.00  -0.95945078   0.38728009
835.00  -0.97103736   0.38866897
836.00  -0.98263747   0.39006114
837.00  -0.99425111   0.39145662
838.00  -1.00587828   0.39285539
839.00  -1.01751899   0.39425748
840.00  -1.02917321   0.39566287
841.00  -1.04084097   0.39707158
842.00  -1.05252225   0.39848361
843.00  -1.06421706   0.39989896
844.00  -1.07592538   0.40131763
845.00  -1.08764723   0.40273963
846.00  -1.09938260   0.40416497
847.00  -1.11113149   0.40559365
848.00  -1.12289390   0.40702566
849.00  -1.13466982   0.40846102
850.00  -1.14645926   0.40989973
851.00  -1.15826221   0.41134179
852.00  -1.17007868   0.41278721
853.00  -1.18190866   0.41423598
854.00  -1.19375214   0.41568812
855.00  -1.20560914   0.41714363
856.00  -1.21747964   0.41860250
857.00  -1.22936366   0.42006476
858.00  -1.24126117   0.42153039
859.00  -1.25317219   0.42299940
860.00  -1.26509671   0.42447180
861.00  -1.27703474   0.42594759
862.00  -1.28898626   0.42742677
863.00  -1.30095128   0.42890935
864.00  -1.31292980   0.43039533
865.00  -1.32492182   0.43188472
866.00  -1.33692733   0.43337751
867.00  -1.34894633   0.43487372
868.00  -1.36097883   0.43637334
869.00  -1.37302481   0.43787639
870.00  -1.38508429   0.43938285
871.00  -1.39715726   0.44089275
872.00  -1.40924371   0.44240607
873.00  -1.42134365   0.44392283
874.00  -1.43345707   0.44544303
875.00  -1.44558398   0.44696667
876.00  -1.45772436   0.44849376
877.00  -1.46987823   0.45002430
878.00  -1.48204558   0.45155829
879.00  -1.49422641   0.45309574
880.00  -1.50642071   0.45463665
881.00  -1.51862849   0.45618103
882.00  -1.53084974   0.45772887
883.00  -1.54308446   0.45928019
884.00  -1.55533266   0.46083498
885.00  -1.56759433   0.46239325
886.00  -1.57986946   0.46395501
887.00  -1.59215807   0.46552025
888.00  -1.60446013   0.46708899
889.00  -1.61677567   0.46866122
890.00  -1.62910467   0.47023695
891.00  -1.64144713   0.47181618
892.00  -1.65380305   0.47339892
893.00  -1.66617243   0.47498517
894.00  -1.67855527   0.47657493
895.00  -1.69095156   0.47816821
896.00  -1.70336131   0.47976501
897.00  -1.71578452   0.48136534
898.00  -1.72822118   0.48296919
899.00  -1.74067129   0.48457658
900.00  -1.75313485   0.48618750
901.00  -1.76561185   0.48780196
902.00  -1.77810231   0.48941997
903.00  -1.79060621   0.49104152
904.00  -1.80312356   0.49266663
905.00  -1.81565435   0.49429529
906.00  -1.82819859   0.49592751
907.00  -1.84075626   0.49756329
908.00  -1.85332738   0.49920264
909.00  -1.86591193   0.50084555
910.00  -1.87850992   0.50249204
911.00  -1.89112134   0.50414211
912.00  -1.90374620   0.50579576
913.00  -1.91638449   0.50745299
914.00  -1.92903622   0.50911382
915.00  -1.94170137   0.51077823
916.00  -1.95437995   0.51244624
917.00  -1.96707196   0.51411785
918.00  -1.97977740   0.51579307
919.00  -1.99249626   0.51747189
920.00  -2.00522854   0.51915432
921.00  -2.01797424   0.52084037
922.00  -2.03073337   0.52253003
923.00  -2.04350592   0.52422332
924.00  -2.05629188   0.52592023
925.00  -2.06909126   0.52762077
926.00  -2.08190405   0.52932495
927.00  -2.09473026   0.53103276
928.00  -2.10756988   0.53274421
929.00  -2.12042291   0.53445931
930.00  -2.13328935   0.53617806
931.00  -2.14616920   0.53790045
932.00  -2.15906246   0.53962651
933.00  -2.17196912   0.54135622
934.00  -2.18488919   0.54308960
935.00  -2.19782265   0.54482664
936.00  -2.21076952   0.54656735
937.00  -2.22372979   0.54831174
938.00  -2.23670346   0.55005980
939.00  -2.24969053   0.55181155
940.00  -2.26269099   0.55356698
941.00  -2.27570484   0.55532610
942.00  -2.28873209   0.55708892
943.00  -2.30177273   0.55885543
944.00  -2.31482676   0.56062564
945.00  -2.32789418   0.56239955
946.00  -2.34097499   0.56417718
947.00  -2.35406918   0.56595851
948.00  -2.36717676   0.56774356
949.00  -2.38029772   0.56953232
950.00  -2.39343206   0.57132481
951.00  -2.40657978   0.57312103
952.00  -2.41974089   0.57492098
953.00  -2.43291536   0.57672466
954.00  -2.44610322   0.57853207
955.00  -2.45930445   0.58034323
956.00  -2.47251905   0.58215813
957.00  -2.48574703   0.58397678
958.00  -2.49898838   0.58579919
959.00  -2.51224309   0.58762535
960.00  -2.52551117   0.58945526
961.00  -2.53879262   0.59128894
962.00  -2.55208744   0.59312639
963.00  -2.56539561   0.59496761
964.00  -2.57871715   0.59681261
965.00  -2.59205205   0.59866138
966.00  -2.60540031   0.60051393
967.00  -2.61876193   0.60237027
968.00  -2.63213690   0.60423040
969.00  -2.64552523   0.60609432
970.00  -2.65892691   0.60796203
971.00  -2.67234195   0.60983355
972.00  -2.68577033   0.61170887
973.00  -2.69921206   0.61358800
974.00  -2.71266714   0.61547094
975.00  -2.72613557   0.61735770
976.00  -2.73961734   0.61924827
977.00  -2.75311246   0.62114267
978.00  -2.76662092   0.62304089
979.00  -2.78014272   0.62494294
980.00  -2.79367785   0.62684883
981.00  -2.80722633   0.62875855
982.00  -2.82078814   0.63067211
983.00  -2.83436329   0.63258952
984.00  -2.84795176   0.63451078
985.00  -2.86155358   0.63643588
986.00  -2.87516872   0.63836485
987.00  -2.88879719   0.64029767
988.00  -2.90243899   0.64223435
989.00  -2.91609411   0.64417491
990.00  -2.92976256   0.64611933
991.00  -2.94344433   0.64806763
992.00  -2.95713942   0.65001980
993.00  -2.97084784   0.65197586
994.00  -2.98456957   0.65393580
995.00  -2.99830462   0.65589963
996.00  -3.01205298   0.65786735
997.00  -3.02581466   0.65983896
998.00  -3.03958966   0.66181448
999.00  -3.05337796   0.66379390
1000.00  -3.06717957   0.66577723
1001.00  -3.08099450   0.66776447
1002.00  -3.09482273   0.66975562
1003.00  -3.10866426   0.67175069
1004.00  -3.12251910   0.67374969
1005.00  -3.13638724   0.67575260
1006.00  -3.15026868   0.67775945
1007.00  -3.16416343   0.67977023
1008.00  -3.17807147   0.68178495
1009.00  -3.19199280   0.68380361
1010.00  -3.20592744   0.68582621
1011.00  -3.21987536   0.68785275
1012.00  -3.23383658   0.68988325
1013.00  -3.24781109   0.69191771
1014.00  -3.26179889   0.69395612
1015.00  -3.27579997   0.69599849
1016.00  -3.28981434   0.69804483
1017.00  -3.30384200   0.70009514
1018.00  -3.31788294   0.70214943
1019.00  -3.33193716   0.70420769
1020.00  -3.34600466   0.70626993
1021.00  -3.36008545   0.70833615
1022.00  -3.37417950   0.71040636
1023.00  -3.38828684   0.71248057
1024.00  -3.40240745   0.71455877
1025.00  -3.41654133   0.71664096
1026.00  -3.43068848   0.71872716
1027.00  -3.44484890   0.72081737
1028.00  -3.45902259   0.72291158
1029.00  -3.47320955   0.72500981
1030.00  -3.48740977   0.72711206
1031.00  -3.50162325   0.72921833
1032.00  -3.51585000   0.73132862
1033.00  -3.53009001   0.73344294
1034.00  -3.54434328   0.73556129
1035.00  -3.55860980   0.73768367
1036.00  -3.57288958   0.73981010
1037.00  -3.58718262   0.74194056
1038.00  -3.60148891   0.74407508
1039.00  -3.61580845   0.74621364
1040.00  -3.63014124   0.74835626
1041.00  -3.64448728   0.75050293
1042.00  -3.65884657   0.75265367
1043.00  -3.67321910   0.75480847
1044.00  -3.68760487   0.75696734
1045.00  -3.70200389   0.75913027
1046.00  -3.71641615   0.76129729
1047.00  -3.73084165   0.76346838
1048.00  -3.74528038   0.76564356
1049.00  -3.75973236   0.76782282
1050.00  -3.77419756   0.77000618
1051.00  -3.78867600   0.77219362
1052.00  -3.80316767   0.77438517
1053.00  -3.81767258   0.77658081
1054.00  -3.83219071   0.77878056
1055.00  -3.84672206   0.78098442
1056.00  -3.86126665   0.78319239
1057.00  -3.87582445   0.78540447
1058.00  -3.89039548   0.78762067
1059.00  -3.90497973   0.78984100
1060.00  -3.91957720   0.79206545
1061.00  -3.93418789   0.79429403
1062.00  -3.94881179   0.79652675
1063.00  -3.96344891   0.79876360
1064.00  -3.97809924   0.80100460
1065.00  -3.99276279   0.80324974
1066.00  -4.00743954   0.80549902
1067.00  -4.02212950   0.80775246
1068.00  -4.03683267   0.81001006
1069.00  -4.05154904   0.81227181
1070.00  -4.06627862   0.81453772
1071.00  -4.08102140   0.81680781
1072.00  -4.09577738   0.81908206
1073.00  -4.11054655   0.82136048
1074.00  -4.12532893   0.82364309
1075.00  -4.14012450   0.82592987
1076.00  -4.15493327   0.82822084
1077.00  -4.16975523   0.83051599
1078.00  -4.18459038   0.83281534
1079.00  -4.19943872   0.83511888
1080.00  -4.21430024   0.83742662
1081.00  -4.22917496   0.83973856
1082.00  -4.24406286   0.84205471
1083.00  -4.25896394   0.84437507
1084.00  -4.27387820   0.84669965
1085.00  -4.28880565   0.84902844
1086.00  -4.30374627   0.85136145
1087.00  -4.31870007   0.85369868
1088.00  -4.33366705   0.85604014
1089.00  -4.34864719   0.85838583
1090.00  -4.36364052   0.86073576
1091.00  -4.37864701   0.86308993
1092.00  -4.39366667   0.86544834
1093.00  -4.40869950   0.86781099
1094.00  -4.42374549   0.87017790
1095.00  -4.43880465   0.87254906
1096.00  -4.45387697   0.87492447
1097.00  -4.46896245   0.87730414
1098.00  -4.48406109   0.87968808
1099.00  -4.49917289   0.88207629
1100.00  -4.51429784   0.88446876
1101.00  -4.52943595   0.88686551
1102.00  -4.54458722   0.88926654
1103.00  -4.55975163   0.89167186
1104.00  -4.57492919   0.89408145
1105.00  -4.59011991   0.89649534
1106.00  -4.60532377   0.89891352
1107.00  -4.62054077   0.90133599
1108.00  -4.63577092   0.90376277
1109.00  -4.65101420   0.90619384
1110.00  -4.66627063   0.90862923
1111.00  -4.68154020   0.91106893
1112.00  -4.69682290   0.91351294
1113.00  -4.71211874   0.91596126
1114.00  -4.72742772   0.91841391
1115.00  -4.74274982   0.92087089
1116.00  -4.75808506   0.92333219
1117.00  -4.77343342   0.92579782
1118.00  -4.78879491   0.92826780
1119.00  -4.80416953   0.93074211
1120.00  -4.81955727   0.93322076
1121.00  -4.83495814   0.93570376
1122.00  -4.85037212   0.93819111
1123.00  -4.86579922   0.94068281
1124.00  -4.88123944   0.94317887
1125.00  -4.89669278   0.94567930
1126.00  -4.91215923   0.94818408
1127.00  -4.92763879   0.95069324
1128.00  -4.94313147   0.95320676
1129.00  -4.95863725   0.95572466
1130.00  -4.97415614   0.95824694
1131.00  -4.98968813   0.96077361
1132.00  -5.00523323   0.96330466
1133.00  -5.02079144   0.96584009
1134.00  -5.03636274   0.96837992
1135.00  -5.05194715   0.97092415
1136.00  -5.06754465   0.97347278
1137.00  -5.08315524   0.97602581
1138.00  -5.09877893   0.97858325
1139.00  -5.11441572   0.98114510
1140.00  -5.13006559   0.98371137
1141.00  -5.14572856   0.98628205
1142.00  -5.16140461   0.98885716
1143.00  -5.17709375   0.99143669
1144.00  -5.19279597   0.99402065
1145.00  -5.20851128   0.99660904
1146.00  -5.22423967   0.99920186
1147.00  -5.23998113   1.00179913
1148.00  -5.25573568   1.00440084
1149.00  -5.27150330   1.00700700
1150.00  -5.28728399   1.00961761
1151.00  -5.30307776   1.01223267
1152.00  -5.31888460   1.01485219
1153.00  -5.33470450   1.01747616
1154.00  -5.35053748   1.02010461
1155.00  -5.36638352   1.02273752
1156.00  -5.38224263   1.02537490
1157.00  -5.39811480   1.02801676
1158.00  -5.41400003   1.03066310
1159.00  -5.42989832   1.03331392
1160.00  -5.44580967   1.03596923
1161.00  -5.46173407   1.03862902
1162.00  -5.47767153   1.04129331
1163.00  -5.49362204   1.04396210
1164.00  -5.50958560   1.04663538
1165.00  -5.52556221   1.04931317
1166.00  -5.54155187   1.05199546
1167.00  -5.55755457   1.05468227
1168.00  -5.57357032   1.05737359
1169.00  -5.58959911   1.06006943
1170.00  -5.60564094   1.06276979
1171.00  -5.62169582   1.06547468
1172.00  -5.63776372   1.06818409
1173.00  -5.65384467   1.07089804
1174.00  -5.66993865   1.07361652
1175.00  -5.68604566   1.07633954
1176.00  -5.70216570   1.07906710
1177.00  -5.71829877   1.08179921
1178.00  -5.73444487   1.08453587
1179.00  -5.75060399   1.08727708
1180.00  -5.76677614   1.09002285
1181.00  -5.78296131   1.09277318
1182.00  -5.79915950   1.09552807
1183.00  -5.81537071   1.09828754
1184.00  -5.83159493   1.10105157
1185.00  -5.84783217   1.10382018
1186.00  -5.86408243   1.10659336
1187.00  -5.88034570   1.10937113
1188.00  -5.89662197   1.11215348
1189.00  -5.91291126   1.11494042
1190.00  -5.92921355   1.11773195
1191.00  -5.94552885   1.12052808
1192.00  -5.96185715   1.12332881
1193.00  -5.97819845   1.12613414
1194.00  -5.99455275   1.12894408
1195.00  -6.01092005   1.13175862
1196.00  -6.02730035   1.13457778
1197.00  -6.04369364   1.13740156
1198.00  -6.06009992   1.14022996
1199.00  -6.07651920   1.14306298
1200.00  -6.09295146   1.14590063
1201.00  -6.10939672   1.14874291
1202.00  -6.12585495   1.15158982
1203.00  -6.14232618   1.15444138
1204.00  -6.15881038   1.15729757
1205.00  -6.17530757   1.16015841
1206.00  -6.19181773   1.16302390
1207.00  -6.20834088   1.16589404
1208.00  -6.22487700   1.16876884
1209.00  -6.24142609   1.17164829
1210.00  -6.25798815   1.17453241
1211.00  -6.27456319   1.17742120
1212.00  -6.29115119   1.18031465
1213.00  -6.30775216   1.18321278
1214.00  -6.32436610   1.18611558
1215.00  -6.34099300   1.18902307
1216.00  -6.35763286   1.19193524
1217.00  -6.37428568   1.19485209
1218.00  -6.39095146   1.19777364
1219.00  -6.40763019   1.20069988
1220.00  -6.42432188   1.20363082
1221.00  -6.44102653   1.20656646
1222.00  -6.45774412   1.20950681
1223.00  -6.47447466   1.21245186
1224.00  -6.49121815   1.21540163
1225.00  -6.50797459   1.21835611
1226.00  -6.52474397   1.22131531
1227.00  -6.54152630   1.22427923
1228.00  -6.55832156   1.22724788
1229.00  -6.57512976   1.23022126
1230.00  -6.59195090   1.23319937
1231.00  -6.60878498   1.23618222
1232.00  -6.62563199   1.23916981
1233.00  -6.64249193   1.24216214
1234.00  -6.65936480   1.24515922
1235.00  -6.67625059   1.24816104
1236.00  -6.69314932   1.25116763
1237.00  -6.71006097   1.25417897
1238.00  -6.72698554   1.25719507
1239.00  -6.74392303   1.26021593
1240.00  -6.76087345   1.26324156
1241.00  -6.77783678   1.26627197
1242.00  -6.79481302   1.26930715
1243.00  -6.81180218   1.27234711
1244.00  -6.82880425   1.27539185
1245.00  -6.84581924   1.27844137
1246.00  -6.86284713   1.28149568
1247.00  -6.87988793   1.28455479
1248.00  -6.89694163   1.28761869
1249.00  -6.91400823   1.29068739
1250.00  -6.93108774   1.29376090
1251.00  -6.94818015   1.29683921
1252.00  -6.96528545   1.29992233
1253.00  -6.98240365   1.30301026
1254.00  -6.99953475   1.30610301
1255.00  -7.01667874   1.30920058
1256.00  -7.03383562   1.31230298
1257.00  -7.05100538   1.31541020
1258.00  -7.06818804   1.31852225
1259.00  -7.08538358   1.32163913
1260.00  -7.10259200   1.32476086
1261.00  -7.11981330   1.32788742
1262.00  -7.13704749   1.33101883
1263.00  -7.15429455   1.33415509
1264.00  -7.17155449   1.33729620
1265.00  -7.18882730   1.34044216
1266.00  -7.20611299   1.34359298
1267.00  -7.22341154   1.34674867
1268.00  -7.24072297   1.34990922
1269.00  -7.25804726   1.35307463
1270.00  -7.27538442   1.35624492
1271.00  -7.29273444   1.35942009
1272.00  -7.31009732   1.36260014
1273.00  -7.32747307   1.36578506
1274.00  -7.34486167   1.36897488
1275.00  -7.36226312   1.37216958
1276.00  -7.37967743   1.37536918
1277.00  -7.39710460   1.37857367
1278.00  -7.41454461   1.38178307
1279.00  -7.43199748   1.38499737
1280.00  -7.44946319   1.38821657
1281.00  -7.46694174   1.39144069
1282.00  -7.48443314   1.39466971
1283.00  -7.50193738   1.39790366
1284.00  -7.51945447   1.40114253
1285.00  -7.53698438   1.40438632
1286.00  -7.55452714   1.40763504
1287.00  -7.57208273   1.41088869
1288.00  -7.58965115   1.41414727
1289.00  -7.60723240   1.41741079
1290.00  -7.62482648   1.42067926
1291.00  -7.64243339   1.42395267
1292.00  -7.66005312   1.42723102
1293.00  -7.67768568   1.43051433
1294.00  -7.69533106   1.43380260
1295.00  -7.71298925   1.43709582
1296.00  -7.73066027   1.44039401
1297.00  -7.74834410   1.44369716
1298.00  -7.76604074   1.44700528
1299.00  -7.78375020   1.45031837
1300.00  -7.80147247   1.45363644
1301.00  -7.81920754   1.45695949
1302.00  -7.83695542   1.46028752
1303.00  -7.85471611   1.46362054
1304.00  -7.87248960   1.46695854
1305.00  -7.89027589   1.47030154
1306.00  -7.90807498   1.47364954
1307.00  -7.92588686   1.47700254
1308.00  -7.94371155   1.48036054
1309.00  -7.96154902   1.48372354
1310.00  -7.97939929   1.48709156
1311.00  -7.99726235   1.49046459
1312.00  -8.01513819   1.49384264
1313.00  -8.03302682   1.49722571
1314.00  -8.05092824   1.50061381
1315.00  -8.06884243   1.50400693
1316.00  -8.08676941   1.50740508
1317.00  -8.10470917   1.51080826
1318.00  -8.12266170   1.51421649
1319.00  -8.14062701   1.51762975
1320.00  -8.15860509   1.52104806
1321.00  -8.17659594   1.52447142
1322.00  -8.19459956   1.52789983
1323.00  -8.21261595   1.53133330
1324.00  -8.23064511   1.53477182
1325.00  -8.24868702   1.53821540
1326.00  -8.26674170   1.54166405
1327.00  -8.28480914   1.54511777
1328.00  -8.30288934   1.54857656
1329.00  -8.32098229   1.55204043
1330.00  -8.33908800   1.55550937
1331.00  -8.35720646   1.55898340
1332.00  -8.37533766   1.56246251
1333.00  -8.39348162   1.56594671
1334.00  -8.41163833   1.56943601
1335.00  -8.42980778   1.57293040
1336.00  -8.44798997   1.57642989
1337.00  -8.46618490   1.57993448
1338.00  -8.48439257   1.58344418
1339.00  -8.50261298   1.58695899
1340.00  -8.52084612   1.59047891
1341.00  -8.53909200   1.59400394
1342.00  -8.55735061   1.59753410
1343.00  -8.57562195   1.60106938
1344.00  -8.59390601   1.60460979
1345.00  -8.61220280   1.60815532
1346.00  -8.63051232   1.61170600
1347.00  -8.64883455   1.61526180
1348.00  -8.66716951   1.61882275
1349.00  -8.68551718   1.62238884
1350.00  -8.70387757   1.62596008
1351.00  -8.72225068   1.62953647
1352.00  -8.74063649   1.63311801
1353.00  -8.75903502   1.63670471
1354.00  -8.77744626   1.64029657
1355.00  -8.79587020   1.64389359
1356.00  -8.81430685   1.64749578
1357.00  -8.83275619   1.65110315
1358.00  -8.85121824   1.65471568
1359.00  -8.86969299   1.65833340
1360.00  -8.88818044   1.66195629
1361.00  -8.90668058   1.66558437
1362.00  -8.92519341   1.66921764
1363.00  -8.94371894   1.67285609
1364.00  -8.96225715   1.67649975
1365.00  -8.98080805   1.68014860
1366.00  -8.99937164   1.68380265
1367.00  -9.01794791   1.68746190
1368.00  -9.03653686   1.69112637
1369.00  -9.05513849   1.69479604
1370.00  -9.07375280   1.69847094
1371.00  -9.09237978   1.70215104
1372.00  -9.11101944   1.70583637
1373.00  -9.12967177   1.70952693
1374.00  -9.14833677   1.71322271
1375.00  -9.16701443   1.71692373
1376.00  -9.18570477   1.72062998
1377.00  -9.20440776   1.72434147
1378.00  -9.22312342   1.72805820
1379.00  -9.24185174   1.73178017
1380.00  -9.26059272   1.73550740
1381.00  -9.27934635   1.73923987
1382.00  -9.29811264   1.74297761
1383.00  -9.31689158   1.74672060
1384.00  -9.33568317   1.75046885
1385.00  -9.35448740   1.75422237
1386.00  -9.37330429   1.75798115
1387.00  -9.39213382   1.76174521
1388.00  -9.41097599   1.76551455
1389.00  -9.42983080   1.76928916
1390.00  -9.44869825   1.77306905
1391.00  -9.46757834   1.77685424
1392.00  -9.48647106   1.78064470
1393.00  -9.50537642   1.78444047
1394.00  -9.52429440   1.78824153
1395.00  -9.54322502   1.79204788
1396.00  -9.56216826   1.79585954
1397.00  -9.58112412   1.79967651
1398.00  -9.60009261   1.80349878
1399.00  -9.61907372   1.80732637
1400.00  -9.63806745   1.81115927
1401.00  -9.65707380   1.81499749
1402.00  -9.67609276   1.81884104
1403.00  -9.69512433   1.82268991
1404.00  -9.71416851   1.82654411
1405.00  -9.73322531   1.83040364
1406.00  -9.75229471   1.83426851
1407.00  -9.77137671   1.83813871
1408.00  -9.79047132   1.84201426
1409.00  -9.80957853   1.84589516
1410.00  -9.82869834   1.84978140
1411.00  -9.84783075   1.85367300
1412.00  -9.86697575   1.85756995
1413.00  -9.88613334   1.86147227
1414.00  -9.90530353   1.86537994
1415.00  -9.92448630   1.86929299
1416.00  -9.94368166   1.87321140
1417.00  -9.96288961   1.87713518
1418.00  -9.98211014   1.88106434
1419.00 -10.00134325   1.88499888
1420.00 -10.02058894   1.88893880
1421.00 -10.03984721   1.89288411
1422.00 -10.05911806   1.89683481
1423.00 -10.07840147   1.90079090
1424.00 -10.09769746   1.90475238
1425.00 -10.11700602   1.90871927
1426.00 -10.13632714   1.91269156
1427.00 -10.15566083   1.91666925
1428.00 -10.17500708   1.92065236
1429.00 -10.19436590   1.92464087
1430.00 -10.21373727   1.92863481
1431.00 -10.23312120   1.93263416
1432.00 -10.25251769   1.93663893
1433.00 -10.27192673   1.94064913
1434.00 -10.29134832   1.94466476
1435.00 -10.31078246   1.94868583
1436.00 -10.33022914   1.95271232
1437.00 -10.34968837   1.95674426
1438.00 -10.36916015   1.96078164
1439.00 -10.38864446   1.96482447
1440.00 -10.40814132   1.96887274
1441.00 -10.42765071   1.97292647
1442.00 -10.44717264   1.97698566
1443.00 -10.46670710   1.98105030
1444.00 -10.48625409   1.98512041
1445.00 -10.50581361   1.98919598
1446.00 -10.52538566   1.99327702
1447.00 -10.54497023   1.99736353
1448.00 -10.56456732   2.00145552
1449.00 -10.58417694   2.00555299
1450.00 -10.60379908   2.00965594
1451.00 -10.62343373   2.01376437
1452.00 -10.64308089   2.01787830
1453.00 -10.66274057   2.02199772
1454.00 -10.68241276   2.02612263
1455.00 -10.70209746   2.03025304
1456.00 -10.72179467   2.03438896
1457.00 -10.74150438   2.03853038
1458.00 -10.76122659   2.04267730
1459.00 -10.78096130   2.04682974
1460.00 -10.80070851   2.05098770
1461.00 -10.82046822   2.05515118
1462.00 -10.84024042   2.05932017
1463.00 -10.86002512   2.06349469
1464.00 -10.87982230   2.06767474
1465.00 -10.89963198   2.07186033
1466.00 -10.91945414   2.07605144
1467.00 -10.93928878   2.08024810
1468.00 -10.95913591   2.08445030
1469.00 -10.97899551   2.08865804
1470.00 -10.99886760   2.09287133
1471.00 -11.01875216   2.09709018
1472.00 -11.03864919   2.10131457
1473.00 -11.05855870   2.10554453
1474.00 -11.07848067   2.10978005
1475.00 -11.09841511   2.11402113
1476.00 -11.11836202   2.11826778
1477.00 -11.13832140   2.12252000
1478.00 -11.15829323   2.12677780
1479.00 -11.17827752   2.13104117
1480.00 -11.19827428   2.13531013
1481.00 -11.21828348   2.13958467
1482.00 -11.23830514   2.14386479
1483.00 -11.25833925   2.14815051
1484.00 -11.27838581   2.15244183
1485.00 -11.29844482   2.15673874
1486.00 -11.31851628   2.16104125
1487.00 -11.33860017   2.16534936
1488.00 -11.35869651   2.16966309
1489.00 -11.37880528   2.17398242
1490.00 -11.39892650   2.17830737
1491.00 -11.41906014   2.18263793
1492.00 -11.43920622   2.18697412
1493.00 -11.45936473   2.19131593
1494.00 -11.47953567   2.19566336
1495.00 -11.49971904   2.20001643
1496.00 -11.51991482   2.20437513
1497.00 -11.54012304   2.20873946
1498.00 -11.56034367   2.21310944
1499.00 -11.58057672   2.21748506
1500.00 -11.60082218   2.22186633
1501.00 -11.62108006   2.22625324
1502.00 -11.64135035   2.23064581
1503.00 -11.66163305   2.23504404
1504.00 -11.68192816   2.23944792
1505.00 -11.70223568   2.24385747
1506.00 -11.72255559   2.24827269
1507.00 -11.74288791   2.25269357
1508.00 -11.76323263   2.25712013
1509.00 -11.78358975   2.26155236
1510.00 -11.80395926   2.26599027
1511.00 -11.82434116   2.27043387
1512.00 -11.84473545   2.27488314
1513.00 -11.86514214   2.27933811
1514.00 -11.88556121   2.28379877
1515.00 -11.90599266   2.28826513
1516.00 -11.92643650   2.29273718
1517.00 -11.94689271   2.29721494
1518.00 -11.96736131   2.30169840
1519.00 -11.98784228   2.30618757
1520.00 -12.00833563   2.31068245
1521.00 -12.02884134   2.31518305
1522.00 -12.04935943   2.31968937
1523.00 -12.06988989   2.32420140
1524.00 -12.09043271   2.32871916
1525.00 -12.11098789   2.33324265
1526.00 -12.13155544   2.33777187
1527.00 -12.15213534   2.34230682
1528.00 -12.17272760   2.34684751
1529.00 -12.19333222   2.35139395
1530.00 -12.21394919   2.35594612
1531.00 -12.23457851   2.36050405
1532.00 -12.25522018   2.36506772
1533.00 -12.27587419   2.36963715
1534.00 -12.29654055   2.37421233
1535.00 -12.31721925   2.37879327
1536.00 -12.33791030   2.38337998
1537.00 -12.35861368   2.38797246
1538.00 -12.37932939   2.39257070
1539.00 -12.40005744   2.39717472
1540.00 -12.42079782   2.40178451
1541.00 -12.44155054   2.40640008
1542.00 -12.46231557   2.41102144
1543.00 -12.48309294   2.41564858
1544.00 -12.50388263   2.42028151
1545.00 -12.52468463   2.42492023
1546.00 -12.54549896   2.42956475
1547.00 -12.56632560   2.43421507
1548.00 -12.58716456   2.43887119
1549.00 -12.60801583   2.44353311
1550.00 -12.62887941   2.44820084
1551.00 -12.64975530   2.45287439
1552.00 -12.67064350   2.45755375
1553.00 -12.69154400   2.46223892
1554.00 -12.71245680   2.46692992
1555.00 -12.73338190   2.47162675
1556.00 -12.75431929   2.47632940
1557.00 -12.77526899   2.48103788
1558.00 -12.79623097   2.48575219
1559.00 -12.81720525   2.49047235
1560.00 -12.83819182   2.49519834
1561.00 -12.85919067   2.49993018
1562.00 -12.88020181   2.50466786
1563.00 -12.90122523   2.50941139
1564.00 -12.92226093   2.51416078
1565.00 -12.94330890   2.51891602
1566.00 -12.96436916   2.52367713
1567.00 -12.98544168   2.52844409
1568.00 -13.00652648   2.53321693
1569.00 -13.02762355   2.53799563
1570.00 -13.04873289   2.54278020
1571.00 -13.06985449   2.54757065
1572.00 -13.09098835   2.55236698
1573.00 -13.11213448   2.55716919
1574.00 -13.13329286   2.56197729
1575.00 -13.15446350   2.56679127
1576.00 -13.17564639   2.57161115
1577.00 -13.19684154   2.57643692
1578.00 -13.21804894   2.58126859
1579.00 -13.23926858   2.58610616
1580.00 -13.26050047   2.59094963
1581.00 -13.28174460   2.59579901
1582.00 -13.30300098   2.60065431
1583.00 -13.32426959   2.60551551
1584.00 -13.34555044   2.61038263
1585.00 -13.36684352   2.61525568
1586.00 -13.38814884   2.62013465
1587.00 -13.40946639   2.62501954
1588.00 -13.43079617   2.62991036
1589.00 -13.45213817   2.63480712
1590.00 -13.47349239   2.63970981
1591.00 -13.49485884   2.64461844
1592.00 -13.51623751   2.64953302
1593.00 -13.53762839   2.65445354
1594.00 -13.55903149   2.65938001
1595.00 -13.58044680   2.66431243
1596.00 -13.60187432   2.66925080
1597.00 -13.62331406   2.67419514
1598.00 -13.64476599   2.67914543
1599.00 -13.66623013   2.68410169
1600.00 -13.68770648   2.68906392
1601.00 -13.70919502   2.69403212
1602.00 -13.73069576   2.69900629
1603.00 -13.75220870   2.70398644
1604.00 -13.77373383   2.70897257
1605.00 -13.79527115   2.71396469
1606.00 -13.81682066   2.71896279
1607.00 -13.83838235   2.72396688
1608.00 -13.85995623   2.72897696
1609.00 -13.88154229   2.73399304
1610.00 -13.90314054   2.73901512
1611.00 -13.92475096   2.74404320
1612.00 -13.94637355   2.74907729
1613.00 -13.96800832   2.75411739
1614.00 -13.98965526   2.75916350
1615.00 -14.01131437   2.76421562
1616.00 -14.03298564   2.76927376
1617.00 -14.05466908   2.77433793
1618.00 -14.07636468   2.77940811
1619.00 -14.09807245   2.78448433
1620.00 -14.11979237   2.78956658
1621.00 -14.14152444   2.79465486
1622.00 -14.16326867   2.79974917
1623.00 -14.18502505   2.80484953
1624.00 -14.20679358   2.80995593
1625.00 -14.22857425   2.81506838
1626.00 -14.25036707   2.82018688
1627.00 -14.27217204   2.82531143
1628.00 -14.29398914   2.83044204
1629.00 -14.31581838   2.83557870
1630.00 -14.33765976   2.84072143
1631.00 -14.35951327   2.84587022
1632.00 -14.38137891   2.85102508
1633.00 -14.40325668   2.85618602
1634.00 -14.42514657   2.86135302
1635.00 -14.44704859   2.86652611
1636.00 -14.46896274   2.87170528
1637.00 -14.49088900   2.87689053
1638.00 -14.51282738   2.88208187
1639.00 -14.53477788   2.88727929
1640.00 -14.55674049   2.89248282
1641.00 -14.57871521   2.89769244
1642.00 -14.60070204   2.90290815
1643.00 -14.62270097   2.90812998
1644.00 -14.64471201   2.91335790
1645.00 -14.66673516   2.91859194
1646.00 -14.68877040   2.92383209
1647.00 -14.71081774   2.92907835
1648.00 -14.73287718   2.93433073
1649.00 -14.75494870   2.93958924
1650.00 -14.77703232   2.94485387
1651.00 -14.79912803   2.95012462
1652.00 -14.82123583   2.95540151
1653.00 -14.84335571   2.96068453
1654.00 -14.86548767   2.96597369
1655.00 -14.88763171   2.97126899
1656.00 -14.90978783   2.97657043
1657.00 -14.93195602   2.98187802
1658.00 -14.95413629   2.98719176
1659.00 -14.97632862   2.99251165
1660.00 -14.99853303   2.99783769
1661.00 -15.02074950   3.00316990
1662.00 -15.04297803   3.00850827
1663.00 -15.06521863   3.01385280
1664.00 -15.08747129   3.01920350
1665.00 -15.10973600   3.02456037
1666.00 -15.13201277   3.02992341
1667.00 -15.15430159   3.03529264
1668.00 -15.17660246   3.04066804
1669.00 -15.19891538   3.04604963
1670.00 -15.22124035   3.05143740
1671.00 -15.24357735   3.05683137
1672.00 -15.26592640   3.06223152
1673.00 -15.28828749   3.06763788
1674.00 -15.31066062   3.07305043
1675.00 -15.33304578   3.07846918
1676.00 -15.35544297   3.08389414
1677.00 -15.37785219   3.08932531
1678.00 -15.40027344   3.09476269
1679.00 -15.42270672   3.10020628
1680.00 -15.44515201   3.10565609
1681.00 -15.46760933   3.11111213
1682.00 -15.49007867   3.11657438
1683.00 -15.51256002   3.12204286
1684.00 -15.53505339   3.12751758
1685.00 -15.55755877   3.13299852
1686.00 -15.58007616   3.13848570
1687.00 -15.60260555   3.14397912
1688.00 -15.62514695   3.14947879
1689.00 -15.64770036   3.15498469
1690.00 -15.67026576   3.16049685
1691.00 -15.69284316   3.16601526
1692.00 -15.71543256   3.17153992
1693.00 -15.73803395   3.17707084
1694.00 -15.76064733   3.18260802
1695.00 -15.78327270   3.18815146
1696.00 -15.80591006   3.19370117
1697.00 -15.82855940   3.19925715
1698.00 -15.85122072   3.20481941
1699.00 -15.87389402   3.21038794
1700.00 -15.89657930   3.21596275
1701.00 -15.91927656   3.22154384
1702.00 -15.94198578   3.22713121
1703.00 -15.96470698   3.23272488
1704.00 -15.98744015   3.23832483
1705.00 -16.01018528   3.24393108
1706.00 -16.03294237   3.24954363
1707.00 -16.05571143   3.25516247
1708.00 -16.07849245   3.26078762
1709.00 -16.10128542   3.26641908
1710.00 -16.12409034   3.27205685
1711.00 -16.14690722   3.27770093
1712.00 -16.16973605   3.28335132
1713.00 -16.19257683   3.28900803
1714.00 -16.21542955   3.29467107
1715.00 -16.23829421   3.30034043
1716.00 -16.26117081   3.30601612
1717.00 -16.28405936   3.31169814
1718.00 -16.30695983   3.31738649
1719.00 -16.32987224   3.32308118
1720.00 -16.35279659   3.32878221
1721.00 -16.37573286   3.33448958
1722.00 -16.39868106   3.34020330
1723.00 -16.42164118   3.34592337
1724.00 -16.44461322   3.35164979
1725.00 -16.46759719   3.35738256
1726.00 -16.49059307   3.36312170
1727.00 -16.51360086   3.36886719
1728.00 -16.53662057   3.37461905
1729.00 -16.55965219   3.38037728
1730.00 -16.58269572   3.38614187
1731.00 -16.60575115   3.39191284
1732.00 -16.62881848   3.39769019
1733.00 -16.65189772   3.40347392
1734.00 -16.67498886   3.40926402
1735.00 -16.69809189   3.41506052
1736.00 -16.72120681   3.42086340
1737.00 -16.74433363   3.42667267
1738.00 -16.76747234   3.43248834
1739.00 -16.79062293   3.43831041
1740.00 -16.81378541   3.44413888
1741.00 -16.83695977   3.44997375
1742.00 -16.86014601   3.45581502
1743.00 -16.88334413   3.46166271
1744.00 -16.90655412   3.46751681
1745.00 -16.92977599   3.47337732
1746.00 -16.95300973   3.47924426
1747.00 -16.97625533   3.48511761
1748.00 -16.99951280   3.49099739
1749.00 -17.02278214   3.49688360
1750.00 -17.04606333   3.50277624
1751.00 -17.06935639   3.50867531
1752.00 -17.09266130   3.51458082
1753.00 -17.11597806   3.52049277
1754.00 -17.13930668   3.52641116
1755.00 -17.16264715   3.53233600
1756.00 -17.18599946   3.53826728
1757.00 -17.20936362   3.54420502
1758.00 -17.23273962   3.55014921
1759.00 -17.25612747   3.55609986
1760.00 -17.27952714   3.56205697
1761.00 -17.30293866   3.56802055
1762.00 -17.32636201   3.57399059
1763.00 -17.34979719   3.57996710
1764.00 -17.37324419   3.58595008
1765.00 -17.39670302   3.59193954
1766.00 -17.42017368   3.59793548
1767.00 -17.44365616   3.60393790
1768.00 -17.46715045   3.60994681
1769.00 -17.49065657   3.61596220
1770.00 -17.51417449   3.62198408
1771.00 -17.53770423   3.62801246
1772.00 -17.56124578   3.63404733
1773.00 -17.58479913   3.64008871
1774.00 -17.60836429   3.64613658
1775.00 -17.63194126   3.65219096
1776.00 -17.65553002   3.65825185
1777.00 -17.67913058   3.66431925
1778.00 -17.70274293   3.67039317
1779.00 -17.72636708   3.67647360
1780.00 -17.75000302   3.68256056
1781.00 -17.77365074   3.68865404
1782.00 -17.79731025   3.69475404
1783.00 -17.82098155   3.70086057
1784.00 -17.84466462   3.70697364
1785.00 -17.86835948   3.71309324
1786.00 -17.89206611   3.71921938
1787.00 -17.91578451   3.72535206
1788.00 -17.93951469   3.73149128
1789.00 -17.96325663   3.73763706
1790.00 -17.98701034   3.74378938
1791.00 -18.01077582   3.74994826
1792.00 -18.03455306   3.75611369
1793.00 -18.05834205   3.76228568
1794.00 -18.08214281   3.76846423
1795.00 -18.10595531   3.77464935
1796.00 -18.12977957   3.78084103
1797.00 -18.15361558   3.78703929
1798.00 -18.17746334   3.79324412
1799.00 -18.20132285   3.79945553
1800.00 -18.22519409   3.80567352
1801.00 -18.24907708   3.81189809
1802.00 -18.27297180   3.81812924
1803.00 -18.29687826   3.82436699
1804.00 -18.32079645   3.83061132
1805.00 -18.34472638   3.83686225
1806.00 -18.36866803   3.84311978
1807.00 -18.39262141   3.84938391
1808.00 -18.41658651   3.85565464
1809.00 -18.44056333   3.86193198
1810.00 -18.46455187   3.86821593
1811.00 -18.48855213   3.87450649
1812.00 -18.51256410   3.88080367
1813.00 -18.53658778   3.88710746
1814.00 -18.56062318   3.89341787
1815.00 -18.58467027   3.89973491
1816.00 -18.60872908   3.90605858
1817.00 -18.63279958   3.91238887
1818.00 -18.65688179   3.91872580
1819.00 -18.68097569   3.92506936
1820.00 -18.70508128   3.93141957
1821.00 -18.72919857   3.93777641
1822.00 -18.75332755   3.94413990
1823.00 -18.77746822   3.95051004
1824.00 -18.80162057   3.95688682
1825.00 -18.82578460   3.96327026
1826.00 -18.84996031   3.96966036
1827.00 -18.87414770   3.97605711
1828.00 -18.89834677   3.98246053
1829.00 -18.92255751   3.98887061
1830.00 -18.94677992   3.99528736
1831.00 -18.97101400   4.00171079
1832.00 -18.99525974   4.00814088
1833.00 -19.01951715   4.01457765
1834.00 -19.04378621   4.02102110
1835.00 -19.06806694   4.02747124
1836.00 -19.09235932   4.03392806
1837.00 -19.11666336   4.04039157
1838.00 -19.14097904   4.04686176
1839.00 -19.16530638   4.05333866
1840.00 -19.18964536   4.05982225
1841.00 -19.21399598   4.06631254
1842.00 -19.23835825   4.07280953
1843.00 -19.26273215   4.07931323
1844.00 -19.28711769   4.08582364
1845.00 -19.31151487   4.09234076
1846.00 -19.33592368   4.09886460
1847.00 -19.36034411   4.10539515
1848.00 -19.38477618   4.11193242
1849.00 -19.40921986   4.11847642
1850.00 -19.43367517   4.12502714
1851.00 -19.45814210   4.13158459
1852.00 -19.48262065   4.13814877
1853.00 -19.50711081   4.14471969
1854.00 -19.53161258   4.15129734
1855.00 -19.55612596   4.15788174
1856.00 -19.58065095   4.16447288
1857.00 -19.60518754   4.17107077
1858.00 -19.62973574   4.17767540
1859.00 -19.65429553   4.18428679
1860.00 -19.67886693   4.19090493
1861.00 -19.70344991   4.19752983
1862.00 -19.72804449   4.20416150
1863.00 -19.75265067   4.21079992
1864.00 -19.77726842   4.21744512
1865.00 -19.80189777   4.22409708
1866.00 -19.82653869   4.23075581
1867.00 -19.85119120   4.23742132
1868.00 -19.87585528   4.24409361
1869.00 -19.90053094   4.25077268
1870.00 -19.92521817   4.25745853
1871.00 -19.94991698   4.26415117
1872.00 -19.97462735   4.27085060
1873.00 -19.99934928   4.27755682
1874.00 -20.02408278   4.28426984
1875.00 -20.04882784   4.29098966
1876.00 -20.07358446   4.29771628
1877.00 -20.09835263   4.30444970
1878.00 -20.12313236   4.31118993
1879.00 -20.14792363   4.31793696
1880.00 -20.17272646   4.32469082
1881.00 -20.19754083   4.33145148
1882.00 -20.22236674   4.33821897
1883.00 -20.24720420   4.34499327
1884.00 -20.27205319   4.35177440
1885.00 -20.29691372   4.35856236
1886.00 -20.32178578   4.36535715
1887.00 -20.34666938   4.37215877
1888.00 -20.37156450   4.37896723
1889.00 -20.39647114   4.38578252
1890.00 -20.42138932   4.39260466
1891.00 -20.44631901   4.39943364
1892.00 -20.47126022   4.40626946
1893.00 -20.49621295   4.41311214
1894.00 -20.52117719   4.41996167
1895.00 -20.54615294   4.42681805
1896.00 -20.57114020   4.43368130
1897.00 -20.59613896   4.44055140
1898.00 -20.62114923   4.44742837
1899.00 -20.64617100   4.45431221
1900.00 -20.67120427   4.46120291
1901.00 -20.69624904   4.46810049
1902.00 -20.72130530   4.47500495
1903.00 -20.74637305   4.48191628
1904.00 -20.77145229   4.48883449
1905.00 -20.79654302   4.49575959
1906.00 -20.82164522   4.50269158
1907.00 -20.84675892   4.50963045
1908.00 -20.87188408   4.51657622
1909.00 -20.89702073   4.52352888
1910.00 -20.92216885   4.53048844
1911.00 -20.94732844   4.53745490
1912.00 -20.97249950   4.54442827
1913.00 -20.99768203   4.55140854
1914.00 -21.02287602   4.55839572
1915.00 -21.04808147   4.56538982
1916.00 -21.07329838   4.57239083
1917.00 -21.09852674   4.57939875
1918.00 -21.12376656   4.58641360
1919.00 -21.14901783   4.59343537
1920.00 -21.17428055   4.60046407
1921.00 -21.19955472   4.60749970
1922.00 -21.22484033   4.61454226
1923.00 -21.25013738   4.62159175
1924.00 -21.27544587   4.62864819
1925.00 -21.30076580   4.63571156
1926.00 -21.32609716   4.64278188
1927.00 -21.35143995   4.64985914
1928.00 -21.37679417   4.65694335
1929.00 -21.40215981   4.66403452
1930.00 -21.42753688   4.67113264
1931.00 -21.45292537   4.67823771
1932.00 -21.47832528   4.68534975
1933.00 -21.50373661   4.69246875
1934.00 -21.52915935   4.69959472
1935.00 -21.55459350   4.70672765
1936.00 -21.58003906   4.71386756
1937.00 -21.60549602   4.72101444
1938.00 -21.63096439   4.72816829
1939.00 -21.65644416   4.73532913
1940.00 -21.68193533   4.74249695
1941.00 -21.70743789   4.74967176
1942.00 -21.73295185   4.75685355
1943.00 -21.75847720   4.76404234
1944.00 -21.78401394   4.77123812
1945.00 -21.80956206   4.77844089
1946.00 -21.83512157   4.78565067
1947.00 -21.86069246   4.79286745
1948.00 -21.88627472   4.80009123
1949.00 -21.91186836   4.80732202
1950.00 -21.93747338   4.81455982
1951.00 -21.96308976   4.82180464
1952.00 -21.98871752   4.82905647
1953.00 -22.01435664   4.83631532
1954.00 -22.04000712   4.84358119
1955.00 -22.06566896   4.85085409
1956.00 -22.09134217   4.85813401
1957.00 -22.11702672   4.86542097
1958.00 -22.14272263   4.87271496
1959.00 -22.16842989   4.88001598
1960.00 -22.19414850   4.88732404
1961.00 -22.21987846   4.89463915
1962.00 -22.24561975   4.90196129
1963.00 -22.27137239   4.90929049
1964.00 -22.29713637   4.91662673
1965.00 -22.32291168   4.92397003
1966.00 -22.34869832   4.93132038
1967.00 -22.37449629   4.93867779
1968.00 -22.40030559   4.94604226
1969.00 -22.42612622   4.95341379
1970.00 -22.45195817   4.96079239
1971.00 -22.47780144   4.96817806
1972.00 -22.50365602   4.97557080
1973.00 -22.52952192   4.98297062
1974.00 -22.55539914   4.99037751
1975.00 -22.58128766   4.99779148
1976.00 -22.60718749   5.00521254
1977.00 -22.63309862   5.01264068
1978.00 -22.65902106   5.02007591
1979.00 -22.68495480   5.02751823
1980.00 -22.71089983   5.03496765
1981.00 -22.73685616   5.04242416
1982.00 -22.76282378   5.04988777
1983.00 -22.78880269   5.05735848
1984.00 -22.81479288   5.06483630
1985.00 -22.84079436   5.07232123
1986.00 -22.86680713   5.07981326
1987.00 -22.89283117   5.08731241
1988.00 -22.91886649   5.09481868
1989.00 -22.94491308   5.10233206
1990.00 -22.97097094   5.10985256
1991.00 -22.99704007   5.11738019
1992.00 -23.02312047   5.12491495
1993.00 -23.04921213   5.13245683
1994.00 -23.07531506   5.14000585
1995.00 -23.10142924   5.14756201
1996.00 -23.12755468   5.15512530
1997.00 -23.15369137   5.16269573
1998.00 -23.17983931   5.17027330
1999.00 -23.20599850   5.17785802
2000.00 -23.23216894   5.18544989
