wavelength(nm)         real         imag
200.00   3.86238361   0.00071892
201.00   3.86200664   0.00072975
202.00   3.86162780   0.00074070
203.00   3.86124708   0.00075175
204.00   3.86086448   0.00076291
205.00   3.86048001   0.00077418
206.00   3.86009366   0.00078556
207.00   3.85970543   0.00079706
208.00   3.85931532   0.00080866
209.00   3.85892334   0.00082038
210.00   3.85852948   0.00083221
211.00   3.85813374   0.00084415
212.00   3.85773613   0.00085620
213.00   3.85733664   0.00086837
214.00   3.85693527   0.00088066
215.00   3.85653203   0.00089306
216.00   3.85612691   0.00090557
217.00   3.85571991   0.00091821
218.00   3.85531103   0.00093096
219.00   3.85490028   0.00094382
220.00   3.85448766   0.00095681
221.00   3.85407315   0.00096991
222.00   3.85365677   0.00098313
223.00   3.85323851   0.00099647
224.00   3.85281838   0.00100993
225.00   3.85239637   0.00102352
226.00   3.85197249   0.00103722
227.00   3.85154672   0.00105104
228.00   3.85111909   0.00106499
229.00   3.85068957   0.00107906
230.00   3.85025818   0.00109325
231.00   3.84982491   0.00110757
232.00   3.84938977   0.00112201
233.00   3.84895275   0.00113658
234.00   3.84851386   0.00115127
235.00   3.84807309   0.00116609
236.00   3.84763044   0.00118104
237.00   3.84718592   0.00119611
238.00   3.84673952   0.00121131
239.00   3.84629125   0.00122663
240.00   3.84584110   0.00124209
241.00   3.84538907   0.00125768
242.00   3.84493517   0.00127339
243.00   3.84447940   0.00128924
244.00   3.84402175   0.00130521
245.00   3.84356222   0.00132132
246.00   3.84310082   0.00133756
247.00   3.84263754   0.00135393
248.00   3.84217239   0.00137044
249.00   3.84170536   0.00138707
250.00   3.84123646   0.00140385
251.00   3.84076568   0.00142075
252.00   3.84029303   0.00143780
253.00   3.83981850   0.00145497
254.00   3.83934210   0.00147229
255.00   3.83886382   0.00148974
256.00   3.83838367   0.00150733
257.00   3.83790164   0.00152505
258.00   3.83741774   0.00154292
259.00   3.83693196   0.00156092
260.00   3.83644431   0.00157906
261.00   3.83595479   0.00159735
262.00   3.83546339   0.00161577
263.00   3.83497011   0.00163433
264.00   3.83447496   0.00165304
265.00   3.83397794   0.00167189
266.00   3.83347904   0.00169088
267.00   3.83297827   0.00171001
268.00   3.83247562   0.00172929
269.00   3.83197110   0.00174871
270.00   3.83146471   0.00176828
271.00   3.83095644   0.00178799
272.00   3.83044630   0.00180784
273.00   3.82993428   0.00182785
274.00   3.82942039   0.00184800
275.00   3.82890463   0.00186830
276.00   3.82838699   0.00188874
277.00   3.82786748   0.00190934
278.00   3.82734610   0.00193008
279.00   3.82682284   0.00195097
280.00   3.82629771   0.00197202
281.00   3.82577070   0.00199321
282.00   3.82524182   0.00201456
283.00   3.82471107   0.00203605
284.00   3.82417845   0.00205770
285.00   3.82364395   0.00207951
286.00   3.82310758   0.00210146
287.00   3.82256933   0.00212357
288.00   3.82202922   0.00214583
289.00   3.82148723   0.00216825
290.00   3.82094336   0.00219083
291.00   3.82039763   0.00221356
292.00   3.81985002   0.00223644
293.00   3.81930054   0.00225949
294.00   3.81874918   0.00228269
295.00   3.81819595   0.00230605
296.00   3.81764085   0.00232957
297.00   3.81708388   0.00235325
298.00   3.81652504   0.00237708
299.00   3.81596432   0.00240108
300.00   3.81540173   0.00242524
301.00   3.81483727   0.00244956
302.00   3.81427094   0.00247404
303.00   3.81370273   0.00249869
304.00   3.81313265   0.00252349
305.00   3.81256070   0.00254846
306.00   3.81198688   0.00257360
307.00   3.81141119   0.00259890
308.00   3.81083362   0.00262436
309.00   3.81025419   0.00264999
310.00   3.80967288   0.00267579
311.00   3.80908970   0.00270175
312.00   3.80850464   0.00272788
313.00   3.80791772   0.00275418
314.00   3.80732893   0.00278065
315.00   3.80673826   0.00280728
316.00   3.80614572   0.00283409
317.00   3.80555131   0.00286106
318.00   3.80495503   0.00288821
319.00   3.80435688   0.00291552
320.00   3.80375686   0.00294301
321.00   3.80315497   0.00297067
322.00   3.80255120   0.00299850
323.00   3.80194557   0.00302651
324.00   3.80133806   0.00305469
325.00   3.80072868   0.00308304
326.00   3.80011744   0.00311157
327.00   3.79950432   0.00314027
328.00   3.79888933   0.00316915
329.00   3.79827247   0.00319821
330.00   3.79765374   0.00322744
331.00   3.79703314   0.00325685
332.00   3.79641068   0.00328643
333.00   3.79578634   0.00331620
334.00   3.79516013   0.00334615
335.00   3.79453205   0.00337627
336.00   3.79390210   0.00340658
337.00   3.79327028   0.00343706
338.00   3.79263659   0.00346773
339.00   3.79200103   0.00349858
340.00   3.79136360   0.00352961
341.00   3.79072430   0.00356082
342.00   3.79008313   0.00359222
343.00   3.78944009   0.00362380
344.00   3.78879519   0.00365556
345.00   3.78814841   0.00368751
346.00   3.78749977   0.00371964
347.00   3.78684925   0.00375197
348.00   3.78619687   0.00378447
349.00   3.78554261   0.00381717
350.00   3.78488649   0.00385005
351.00   3.78422850   0.00388312
352.00   3.78356864   0.00391638
353.00   3.78290691   0.00394983
354.00   3.78224332   0.00398346
355.00   3.78157785   0.00401729
356.00   3.78091051   0.00405131
357.00   3.78024131   0.00408552
358.00   3.77957024   0.00411992
359.00   3.77889730   0.00415451
360.00   3.77822249   0.00418930
361.00   3.77754582   0.00422428
362.00   3.77686727   0.00425945
363.00   3.77618686   0.00429482
364.00   3.77550458   0.00433039
365.00   3.77482043   0.00436615
366.00   3.77413442   0.00440210
367.00   3.77344653   0.00443825
368.00   3.77275678   0.00447460
369.00   3.77206516   0.00451115
370.00   3.77137168   0.00454789
371.00   3.77067632   0.00458484
372.00   3.76997910   0.00462198
373.00   3.76928001   0.00465932
374.00   3.76857906   0.00469687
375.00   3.76787623   0.00473461
376.00   3.76717154   0.00477255
377.00   3.76646499   0.00481070
378.00   3.76575656   0.00484905
379.00   3.76504627   0.00488760
380.00   3.76433412   0.00492636
381.00   3.76362009   0.00496532
382.00   3.76290420   0.00500449
383.00   3.76218644   0.00504386
384.00   3.76146682   0.00508343
385.00   3.76074533   0.00512321
386.00   3.76002197   0.00516320
387.00   3.75929675   0.00520340
388.00   3.75856966   0.00524380
389.00   3.75784071   0.00528441
390.00   3.75710989   0.00532523
391.00   3.75637720   0.00536626
392.00   3.75564265   0.00540750
393.00   3.75490623   0.00544896
394.00   3.75416795   0.00549062
395.00   3.75342780   0.00553249
396.00   3.75268578   0.00557458
397.00   3.75194190   0.00561687
398.00   3.75119616   0.00565938
399.00   3.75044855   0.00570211
400.00   3.74969907   0.00574505
401.00   3.74894773   0.00578820
402.00   3.74819453   0.00583157
403.00   3.74743946   0.00587515
404.00   3.74668252   0.00591895
405.00   3.74592372   0.00596297
406.00   3.74516305   0.00600721
407.00   3.74440053   0.00605166
408.00   3.74363613   0.00609633
409.00   3.74286987   0.00614122
410.00   3.74210175   0.00618633
411.00   3.74133176   0.00623166
412.00   3.74055991   0.00627721
413.00   3.73978620   0.00632298
414.00   3.73901062   0.00636897
415.00   3.73823317   0.00641519
416.00   3.73745387   0.00646163
417.00   3.73667270   0.00650829
418.00   3.73588966   0.00655517
419.00   3.73510476   0.00660228
420.00   3.73431800   0.00664962
421.00   3.73352938   0.00669717
422.00   3.73273889   0.00674496
423.00   3.73194654   0.00679297
424.00   3.73115233   0.00684121
425.00   3.73035625   0.00688967
426.00   3.72955831   0.00693837
427.00   3.72875850   0.00698729
428.00   3.72795684   0.00703644
429.00   3.72715331   0.00708582
430.00   3.72634792   0.00713543
431.00   3.72554066   0.00718528
432.00   3.72473155   0.00723535
433.00   3.72392057   0.00728565
434.00   3.72310773   0.00733619
435.00   3.72229302   0.00738696
436.00   3.72147646   0.00743796
437.00   3.72065803   0.00748920
438.00   3.71983774   0.00754067
439.00   3.71901559   0.00759237
440.00   3.71819158   0.00764432
441.00   3.71736570   0.00769649
442.00   3.71653797   0.00774891
443.00   3.71570837   0.00780156
444.00   3.71487691   0.00785444
445.00   3.71404359   0.00790757
446.00   3.71320841   0.00796094
447.00   3.71237137   0.00801454
448.00   3.71153247   0.00806838
449.00   3.71069170   0.00812247
450.00   3.70984908   0.00817679
451.00   3.70900459   0.00823136
452.00   3.70815825   0.00828616
453.00   3.70731004   0.00834121
454.00   3.70645997   0.00839651
455.00   3.70560804   0.00845204
456.00   3.70475426   0.00850782
457.00   3.70389861   0.00856385
458.00   3.70304110   0.00862011
459.00   3.70218173   0.00867663
460.00   3.70132050   0.00873339
461.00   3.70045741   0.00879040
462.00   3.69959247   0.00884765
463.00   3.69872566   0.00890515
464.00   3.69785699   0.00896290
465.00   3.69698647   0.00902090
466.00   3.69611408   0.00907915
467.00   3.69523984   0.00913765
468.00   3.69436373   0.00919639
469.00   3.69348577   0.00925539
470.00   3.69260595   0.00931464
471.00   3.69172427   0.00937414
472.00   3.69084073   0.00943390
473.00   3.68995533   0.00949390
474.00   3.68906807   0.00955416
475.00   3.68817896   0.00961468
476.00   3.68728798   0.00967544
477.00   3.68639515   0.00973647
478.00   3.68550046   0.00979775
479.00   3.68460392   0.00985928
480.00   3.68370551   0.00992107
481.00   3.68280525   0.00998312
482.00   3.68190312   0.01004543
483.00   3.68099914   0.01010799
484.00   3.68009331   0.01017081
485.00   3.67918561   0.01023390
486.00   3.67827606   0.01029724
487.00   3.67736465   0.01036084
488.00   3.67645139   0.01042470
489.00   3.67553626   0.01048883
490.00   3.67461928   0.01055321
491.00   3.67370044   0.01061786
492.00   3.67277975   0.01068277
493.00   3.67185720   0.01074795
494.00   3.67093279   0.01081339
495.00   3.67000653   0.01087909
496.00   3.66907841   0.01094506
497.00   3.66814843   0.01101129
498.00   3.66721660   0.01107779
499.00   3.66628291   0.01114456
500.00   3.66534737   0.01121159
501.00   3.66440997   0.01127890
502.00   3.66347071   0.01134647
503.00   3.66252960   0.01141430
504.00   3.66158663   0.01148241
505.00   3.66064181   0.01155079
506.00   3.65969513   0.01161944
507.00   3.65874659   0.01168835
508.00   3.65779621   0.01175754
509.00   3.65684396   0.01182700
510.00   3.65588986   0.01189674
511.00   3.65493391   0.01196675
512.00   3.65397610   0.01203703
513.00   3.65301644   0.01210758
514.00   3.65205492   0.01217841
515.00   3.65109155   0.01224951
516.00   3.65012632   0.01232089
517.00   3.64915924   0.01239255
518.00   3.64819031   0.01246448
519.00   3.64721952   0.01253669
520.00   3.64624687   0.01260918
521.00   3.64527238   0.01268194
522.00   3.64429603   0.01275498
523.00   3.64331782   0.01282831
524.00   3.64233777   0.01290191
525.00   3.64135586   0.01297579
526.00   3.64037209   0.01304996
527.00   3.63938647   0.01312440
528.00   3.63839900   0.01319913
529.00   3.63740968   0.01327414
530.00   3.63641850   0.01334943
531.00   3.63542548   0.01342501
532.00   3.63443059   0.01350087
533.00   3.63343386   0.01357701
534.00   3.63243527   0.01365344
535.00   3.63143484   0.01373015
536.00   3.63043255   0.01380715
537.00   3.62942840   0.01388444
538.00   3.62842241   0.01396202
539.00   3.62741456   0.01403988
540.00   3.62640486   0.01411803
541.00   3.62539331   0.01419647
542.00   3.62437991   0.01427520
543.00   3.62336466   0.01435421
544.00   3.62234755   0.01443352
545.00   3.62132860   0.01451312
546.00   3.62030779   0.01459301
547.00   3.61928513   0.01467319
548.00   3.61826063   0.01475367
549.00   3.61723427   0.01483444
550.00   3.61620606   0.01491550
551.00   3.61517600   0.01499685
552.00   3.61414408   0.01507850
553.00   3.61311032   0.01516045
554.00   3.61207471   0.01524269
555.00   3.61103725   0.01532522
556.00   3.60999794   0.01540805
557.00   3.60895678   0.01549118
558.00   3.60791377   0.01557461
559.00   3.60686891   0.01565834
560.00   3.60582220   0.01574236
561.00   3.60477364   0.01582668
562.00   3.60372323   0.01591131
563.00   3.60267097   0.01599623
564.00   3.60161686   0.01608145
565.00   3.60056091   0.01616698
566.00   3.59950310   0.01625281
567.00   3.59844345   0.01633894
568.00   3.59738194   0.01642537
569.00   3.59631859   0.01651210
570.00   3.59525339   0.01659914
571.00   3.59418635   0.01668649
572.00   3.59311745   0.01677414
573.00   3.59204671   0.01686209
574.00   3.59097412   0.01695035
575.00   3.58989968   0.01703892
576.00   3.58882339   0.01712779
577.00   3.58774526   0.01721697
578.00   3.58666527   0.01730646
579.00   3.58558344   0.01739626
580.00   3.58449977   0.01748637
581.00   3.58341424   0.01757678
582.00   3.58232687   0.01766751
583.00   3.58123766   0.01775855
584.00   3.58014659   0.01784990
585.00   3.57905368   0.01794156
586.00   3.57795892   0.01803353
587.00   3.57686232   0.01812582
588.00   3.57576387   0.01821842
589.00   3.57466357   0.01831133
590.00   3.57356143   0.01840456
591.00   3.57245744   0.01849810
592.00   3.57135161   0.01859196
593.00   3.57024393   0.01868613
594.00   3.56913441   0.01878062
595.00   3.56802303   0.01887543
596.00   3.56690982   0.01897055
597.00   3.56579476   0.01906600
598.00   3.56467785   0.01916176
599.00   3.56355910   0.01925784
600.00   3.56243851   0.01935424
601.00   3.56131606   0.01945096
602.00   3.56019178   0.01954800
603.00   3.55906565   0.01964536
604.00   3.55793768   0.01974304
605.00   3.55680786   0.01984105
606.00   3.55567620   0.01993938
607.00   3.55454269   0.02003803
608.00   3.55340734   0.02013700
609.00   3.55227015   0.02023630
610.00   3.55113111   0.02033593
611.00   3.54999023   0.02043588
612.00   3.54884750   0.02053615
613.00   3.54770294   0.02063676
614.00   3.54655653   0.02073768
615.00   3.54540827   0.02083894
616.00   3.54425818   0.02094053
617.00   3.54310624   0.02104244
618.00   3.54195246   0.02114468
619.00   3.54079683   0.02124725
620.00   3.53963937   0.02135015
621.00   3.53848006   0.02145338
622.00   3.53731891   0.02155695
623.00   3.53615591   0.02166084
624.00   3.53499108   0.02176507
625.00   3.53382440   0.02186963
626.00   3.53265589   0.02197452
627.00   3.53148553   0.02207974
628.00   3.53031333   0.02218530
629.00   3.52913928   0.02229120
630.00   3.52796340   0.02239743
631.00   3.52678568   0.02250399
632.00   3.52560611   0.02261090
633.00   3.52442471   0.02271813
634.00   3.52324146   0.02282571
635.00   3.52205637   0.02293362
636.00   3.52086945   0.02304188
637.00   3.51968068   0.02315047
638.00   3.51849007   0.02325940
639.00   3.51729763   0.02336867
640.00   3.51610334   0.02347828
641.00   3.51490721   0.02358823
642.00   3.51370925   0.02369852
643.00   3.51250944   0.02380916
644.00   3.51130780   0.02392014
645.00   3.51010431   0.02403146
646.00   3.50889899   0.02414312
647.00   3.50769183   0.02425513
648.00   3.50648283   0.02436748
649.00   3.50527199   0.02448018
650.00   3.50405931   0.02459322
651.00   3.50284479   0.02470661
652.00   3.50162844   0.02482035
653.00   3.50041025   0.02493443
654.00   3.49919022   0.02504886
655.00   3.49796835   0.02516364
656.00   3.49674464   0.02527877
657.00   3.49551910   0.02539425
658.00   3.49429172   0.02551007
659.00   3.49306250   0.02562625
660.00   3.49183145   0.02574278
661.00   3.49059855   0.02585966
662.00   3.48936382   0.02597689
663.00   3.48812726   0.02609447
664.00   3.48688885   0.02621241
665.00   3.48564861   0.02633070
666.00   3.48440654   0.02644934
667.00   3.48316263   0.02656834
668.00   3.48191688   0.02668769
669.00   3.48066930   0.02680740
670.00   3.47941988   0.02692747
671.00   3.47816862   0.02704789
672.00   3.47691553   0.02716866
673.00   3.47566060   0.02728980
674.00   3.47440384   0.02741129
675.00   3.47314524   0.02753315
676.00   3.47188481   0.02765536
677.00   3.47062254   0.02777793
678.00   3.46935844   0.02790086
679.00   3.46809251   0.02802415
680.00   3.46682474   0.02814780
681.00   3.46555513   0.02827182
682.00   3.46428369   0.02839619
683.00   3.46301042   0.02852093
684.00   3.46173531   0.02864603
685.00   3.46045837   0.02877150
686.00   3.45917959   0.02889733
687.00   3.45789899   0.02902353
688.00   3.45661654   0.02915009
689.00   3.45533227   0.02927701
690.00   3.45404616   0.02940431
691.00   3.45275822   0.02953197
692.00   3.45146845   0.02965999
693.00   3.45017684   0.02978839
694.00   3.44888340   0.02991715
695.00   3.44758813   0.03004628
696.00   3.44629103   0.03017578
697.00   3.44499209   0.03030565
698.00   3.44369132   0.03043590
699.00   3.44238872   0.03056651
700.00   3.44108429   0.03069749
701.00   3.43977803   0.03082885
702.00   3.43846994   0.03096058
703.00   3.43716001   0.03109268
704.00   3.43584825   0.03122515
705.00   3.43453467   0.03135800
706.00   3.43321925   0.03149123
707.00   3.43190200   0.03162483
708.00   3.43058292   0.03175880
709.00   3.42926201   0.03189315
710.00   3.42793927   0.03202788
711.00   3.42661470   0.03216298
712.00   3.42528830   0.03229846
713.00   3.42396007   0.03243432
714.00   3.42263001   0.03257056
715.00   3.42129812   0.03270718
716.00   3.41996440   0.03284418
717.00   3.41862885   0.03298156
718.00   3.41729147   0.03311932
719.00   3.41595227   0.03325746
720.00   3.41461123   0.03339598
721.00   3.41326837   0.03353488
722.00   3.41192367   0.03367417
723.00   3.41057715   0.03381384
724.00   3.40922880   0.03395389
725.00   3.40787863   0.03409433
726.00   3.40652662   0.03423515
727.00   3.40517279   0.03437636
728.00   3.40381713   0.03451796
729.00   3.40245964   0.03465994
730.00   3.40110032   0.03480231
731.00   3.39973918   0.03494506
732.00   3.39837621   0.03508820
733.00   3.39701141   0.03523174
734.00   3.39564479   0.03537566
735.00   3.39427634   0.03551997
736.00   3.39290606   0.03566467
737.00   3.39153396   0.03580976
738.00   3.39016003   0.03595524
739.00   3.38878428   0.03610111
740.00   3.38740669   0.03624738
741.00   3.38602729   0.03639403
742.00   3.38464605   0.03654109
743.00   3.38326300   0.03668853
744.00   3.38187811   0.03683637
745.00   3.38049140   0.03698460
746.00   3.37910287   0.03713323
747.00   3.37771251   0.03728225
748.00   3.37632033   0.03743167
749.00   3.37492632   0.03758149
750.00   3.37353049   0.03773170
751.00   3.37213283   0.03788232
752.00   3.37073335   0.03803333
753.00   3.36933205   0.03818473
754.00   3.36792892   0.03833654
755.00   3.36652397   0.03848875
756.00   3.36511719   0.03864136
757.00   3.36370859   0.03879437
758.00   3.36229817   0.03894778
759.00   3.36088593   0.03910159
760.00   3.35947186   0.03925580
761.00   3.35805597   0.03941042
762.00   3.35663825   0.03956544
763.00   3.35521872   0.03972086
764.00   3.35379736   0.03987669
765.00   3.35237418   0.04003292
766.00   3.35094918   0.04018956
767.00   3.34952235   0.04034660
768.00   3.34809371   0.04050405
769.00   3.34666324   0.04066191
770.00   3.34523095   0.04082018
771.00   3.34379684   0.04097885
772.00   3.34236091   0.04113793
773.00   3.34092316   0.04129742
774.00   3.33948359   0.04145732
775.00   3.33804220   0.04161763
776.00   3.33659898   0.04177835
777.00   3.33515395   0.04193948
778.00   3.33370709   0.04210102
779.00   3.33225842   0.04226298
780.00   3.33080793   0.04242534
781.00   3.32935561   0.04258812
782.00   3.32790148   0.04275132
783.00   3.32644553   0.04291493
784.00   3.32498776   0.04307895
785.00   3.32352817   0.04324338
786.00   3.32206676   0.04340824
787.00   3.32060353   0.04357351
788.00   3.31913848   0.04373919
789.00   3.31767162   0.04390529
790.00   3.31620294   0.04407181
791.00   3.31473244   0.04423875
792.00   3.31326012   0.04440611
793.00   3.31178598   0.04457389
794.00   3.31031003   0.04474208
795.00   3.30883225   0.04491070
796.00   3.30735266   0.04507973
797.00   3.30587126   0.04524919
798.00   3.30438804   0.04541907
799.00   3.30290300   0.04558937
800.00   3.30141614   0.04576010
801.00   3.29992747   0.04593124
802.00   3.29843698   0.04610281
803.00   3.29694467   0.04627481
804.00   3.29545055   0.04644723
805.00   3.29395461   0.04662007
806.00   3.29245686   0.04679335
807.00   3.29095729   0.04696704
808.00   3.28945591   0.04714117
809.00   3.28795271   0.04731572
810.00   3.28644769   0.04749070
811.00   3.28494086   0.04766610
812.00   3.28343222   0.04784194
813.00   3.28192176   0.04801821
814.00   3.28040949   0.04819490
815.00   3.27889540   0.04837203
816.00   3.27737950   0.04854958
817.00   3.27586179   0.04872757
818.00   3.27434226   0.04890599
819.00   3.27282091   0.04908484
820.00   3.27129776   0.04926413
821.00   3.26977279   0.04944385
822.00   3.26824601   0.04962400
823.00   3.26671741   0.04980458
824.00   3.26518701   0.04998561
825.00   3.26365479   0.05016706
826.00   3.26212075   0.05034895
827.00   3.26058491   0.05053128
828.00   3.25904725   0.05071405
829.00   3.25750778   0.05089725
830.00   3.25596650   0.05108089
831.00   3.25442341   0.05126497
832.00   3.25287851   0.05144949
833.00   3.25133179   0.05163445
834.00   3.24978326   0.05181985
835.00   3.24823293   0.05200569
836.00   3.24668078   0.05219196
837.00   3.24512682   0.05237869
838.00   3.24357105   0.05256585
839.00   3.24201347   0.05275345
840.00   3.24045408   0.05294150
841.00   3.23889289   0.05312999
842.00   3.23732988   0.05331893
843.00   3.23576506   0.05350831
844.00   3.23419843   0.05369813
845.00   3.23262999   0.05388840
846.00   3.23105975   0.05407912
847.00   3.22948769   0.05427028
848.00   3.22791383   0.05446189
849.00   3.22633816   0.05465395
850.00   3.22476068   0.05484646
851.00   3.22318139   0.05503941
852.00   3.22160029   0.05523282
853.00   3.22001738   0.05542667
854.00   3.21843267   0.05562097
855.00   3.21684615   0.05581572
856.00   3.21525782   0.05601093
857.00   3.21366769   0.05620659
858.00   3.21207575   0.05640269
859.00   3.21048200   0.05659925
860.00   3.20888644   0.05679627
861.00   3.20728908   0.05699374
862.00   3.20568991   0.05719166
863.00   3.20408894   0.05739003
864.00   3.20248616   0.05758886
865.00   3.20088157   0.05778815
866.00   3.19927518   0.05798789
867.00   3.19766698   0.05818809
868.00   3.19605698   0.05838875
869.00   3.19444517   0.05858986
870.00   3.19283156   0.05879143
871.00   3.19121614   0.05899347
872.00   3.18959891   0.05919596
873.00   3.18797989   0.05939890
874.00   3.18635906   0.05960231
875.00   3.18473642   0.05980618
876.00   3.18311198   0.06001052
877.00   3.18148574   0.06021531
878.00   3.17985769   0.06042056
879.00   3.17822784   0.06062628
880.00   3.17659619   0.06083246
881.00   3.17496273   0.06103911
882.00   3.17332747   0.06124622
883.00   3.17169041   0.06145379
884.00   3.17005154   0.06166183
885.00   3.16841088   0.06187033
886.00   3.16676841   0.06207930
887.00   3.16512414   0.06228874
888.00   3.16347806   0.06249864
889.00   3.16183019   0.06270901
890.00   3.16018051   0.06291985
891.00   3.15852904   0.06313116
892.00   3.15687576   0.06334294
893.00   3.15522068   0.06355519
894.00   3.15356380   0.06376790
895.00   3.15190512   0.06398109
896.00   3.15024463   0.06419475
897.00   3.14858235   0.06440888
898.00   3.14691827   0.06462349
899.00   3.14525239   0.06483856
900.00   3.14358471   0.06505411
901.00   3.14191523   0.06527013
902.00   3.14024395   0.06548663
903.00   3.13857087   0.06570360
904.00   3.13689599   0.06592105
905.00   3.13521931   0.06613897
906.00   3.13354084   0.06635737
907.00   3.13186056   0.06657624
908.00   3.13017849   0.06679560
909.00   3.12849462   0.06701543
910.00   3.12680895   0.06723573
911.00   3.12512148   0.06745652
912.00   3.12343222   0.06767779
913.00   3.12174116   0.06789953
914.00   3.12004830   0.06812176
915.00   3.11835364   0.06834446
916.00   3.11665719   0.06856765
917.00   3.11495894   0.06879132
918.00   3.11325890   0.06901547
919.00   3.11155706   0.06924010
920.00   3.10985342   0.06946522
921.00   3.10814799   0.06969082
922.00   3.10644076   0.06991691
923.00   3.10473173   0.07014348
924.00   3.10302091   0.07037053
925.00   3.10130830   0.07059807
926.00   3.09959388   0.07082610
927.00   3.09787768   0.07105461
928.00   3.09615968   0.07128361
929.00   3.09443989   0.07151310
930.00   3.09271830   0.07174308
931.00   3.09099491   0.07197354
932.00   3.08926974   0.07220449
933.00   3.08754277   0.07243594
934.00   3.08581400   0.07266787
935.00   3.08408345   0.07290030
936.00   3.08235110   0.07313321
937.00   3.08061695   0.07336662
938.00   3.07888102   0.07360052
939.00   3.07714329   0.07383491
940.00   3.07540377   0.07406979
941.00   3.07366245   0.07430517
942.00   3.07191935   0.07454104
943.00   3.07017445   0.07477741
944.00   3.06842776   0.07501427
945.00   3.06667928   0.07525163
946.00   3.06492901   0.07548949
947.00   3.06317695   0.07572784
948.00   3.06142309   0.07596668
949.00   3.05966745   0.07620603
950.00   3.05791001   0.07644587
951.00   3.05615079   0.07668621
952.00   3.05438977   0.07692706
953.00   3.05262697   0.07716840
954.00   3.05086237   0.07741024
955.00   3.04909599   0.07765258
956.00   3.04732781   0.07789542
957.00   3.04555785   0.07813876
958.00   3.04378610   0.07838261
959.00   3.04201255   0.07862696
960.00   3.04023722   0.07887181
961.00   3.03846010   0.07911716
962.00   3.03668120   0.07936302
963.00   3.03490050   0.07960939
964.00   3.03311802   0.07985626
965.00   3.03133375   0.08010363
966.00   3.02954769   0.08035151
967.00   3.02775985   0.08059990
968.00   3.02597021   0.08084879
969.00   3.02417879   0.08109819
970.00   3.02238559   0.08134810
971.00   3.02059059   0.08159852
972.00   3.01879382   0.08184944
973.00   3.01699525   0.08210088
974.00   3.01519490   0.08235283
975.00   3.01339276   0.08260528
976.00   3.01158884   0.08285825
977.00   3.00978313   0.08311173
978.00   3.00797564   0.08336572
979.00   3.00616636   0.08362022
980.00   3.00435530   0.08387524
981.00   3.00254245   0.08413077
982.00   3.00072782   0.08438681
983.00   2.99891140   0.08464337
984.00   2.99709320   0.08490044
985.00   2.99527321   0.08515803
986.00   2.99345145   0.08541614
987.00   2.99162789   0.08567476
988.00   2.98980256   0.08593389
989.00   2.98797544   0.08619355
990.00   2.98614654   0.08645372
991.00   2.98431586   0.08671441
992.00   2.98248339   0.08697562
993.00   2.98064914   0.08723735
994.00   2.97881311   0.08749960
995.00   2.97697530   0.08776237
996.00   2.97513570   0.08802566
997.00   2.97329433   0.08828947
998.00   2.97145117   0.08855380
999.00   2.96960623   0.08881866
1000.00   2.96775951   0.08908404
1001.00   2.96591101   0.08934994
1002.00   2.96406073   0.08961636
1003.00   2.96220867   0.08988331
1004.00   2.96035483   0.09015079
1005.00   2.95849921   0.09041879
1006.00   2.95664181   0.09068731
1007.00   2.95478263   0.09095637
1008.00   2.95292167   0.09122594
1009.00   2.95105893   0.09149605
1010.00   2.94919442   0.09176668
1011.00   2.94732812   0.09203784
1012.00   2.94546005   0.09230953
1013.00   2.94359019   0.09258175
1014.00   2.94171856   0.09285450
1015.00   2.93984515   0.09312778
1016.00   2.93796996   0.09340159
1017.00   2.93609300   0.09367593
1018.00   2.93421426   0.09395080
1019.00   2.93233374   0.09422621
1020.00   2.93045144   0.09450215
1021.00   2.92856737   0.09477862
1022.00   2.92668152   0.09505562
1023.00   2.92479389   0.09533316
1024.00   2.92290449   0.09561123
1025.00   2.92101331   0.09588984
1026.00   2.91912036   0.09616898
1027.00   2.91722563   0.09644866
1028.00   2.91532913   0.09672888
1029.00   2.91343085   0.09700963
1030.00   2.91153079   0.09729092
1031.00   2.90962896   0.09757275
1032.00   2.90772536   0.09785511
1033.00   2.90581998   0.09813802
1034.00   2.90391283   0.09842146
1035.00   2.90200390   0.09870545
1036.00   2.90009320   0.09898997
1037.00   2.89818073   0.09927504
1038.00   2.89626648   0.09956065
1039.00   2.89435046   0.09984680
1040.00   2.89243267   0.10013349
1041.00   2.89051310   0.10042072
1042.00   2.88859177   0.10070850
1043.00   2.88666866   0.10099682
1044.00   2.88474377   0.10128569
1045.00   2.88281712   0.10157510
1046.00   2.88088869   0.10186506
1047.00   2.87895849   0.10215556
1048.00   2.87702653   0.10244661
1049.00   2.87509279   0.10273820
1050.00   2.87315727   0.10303035
1051.00   2.87121999   0.10332304
1052.00   2.86928094   0.10361628
1053.00   2.86734012   0.10391006
1054.00   2.86539753   0.10420440
1055.00   2.86345316   0.10449929
1056.00   2.86150703   0.10479472
1057.00   2.85955913   0.10509071
1058.00   2.85760946   0.10538725
1059.00   2.85565802   0.10568434
1060.00   2.85370481   0.10598198
1061.00   2.85174984   0.10628017
1062.00   2.84979309   0.10657892
1063.00   2.84783458   0.10687822
1064.00   2.84587430   0.10717808
1065.00   2.84391225   0.10747849
1066.00   2.84194843   0.10777945
1067.00   2.83998285   0.10808097
1068.00   2.83801550   0.10838305
1069.00   2.83604638   0.10868568
1070.00   2.83407549   0.10898887
1071.00   2.83210284   0.10929262
1072.00   2.83012843   0.10959692
1073.00   2.82815224   0.10990179
1074.00   2.82617429   0.11020721
1075.00   2.82419458   0.11051319
1076.00   2.82221310   0.11081973
1077.00   2.82022985   0.11112684
1078.00   2.81824484   0.11143450
1079.00   2.81625806   0.11174272
1080.00   2.81426952   0.11205151
1081.00   2.81227922   0.11236086
1082.00   2.81028715   0.11267077
1083.00   2.80829332   0.11298125
1084.00   2.80629772   0.11329228
1085.00   2.80430036   0.11360389
1086.00   2.80230124   0.11391605
1087.00   2.80030035   0.11422879
1088.00   2.79829770   0.11454209
1089.00   2.79629329   0.11485595
1090.00   2.79428711   0.11517038
1091.00   2.79227918   0.11548538
1092.00   2.79026948   0.11580095
1093.00   2.78825801   0.11611708
1094.00   2.78624479   0.11643378
1095.00   2.78422981   0.11675105
1096.00   2.78221306   0.11706889
1097.00   2.78019456   0.11738731
1098.00   2.77817429   0.11770629
1099.00   2.77615226   0.11802584
1100.00   2.77412847   0.11834596
1101.00   2.77210292   0.11866666
1102.00   2.77007562   0.11898793
1103.00   2.76804655   0.11930977
1104.00   2.76601572   0.11963219
1105.00   2.76398313   0.11995518
1106.00   2.76194879   0.12027874
1107.00   2.75991268   0.12060288
1108.00   2.75787482   0.12092759
1109.00   2.75583520   0.12125288
1110.00   2.75379382   0.12157875
1111.00   2.75175068   0.12190519
1112.00   2.74970579   0.12223221
1113.00   2.74765913   0.12255981
1114.00   2.74561072   0.12288798
1115.00   2.74356055   0.12321674
1116.00   2.74150863   0.12354607
1117.00   2.73945495   0.12387598
1118.00   2.73739951   0.12420648
1119.00   2.73534232   0.12453755
1120.00   2.73328337   0.12486920
1121.00   2.73122266   0.12520144
1122.00   2.72916020   0.12553426
1123.00   2.72709598   0.12586766
1124.00   2.72503001   0.12620165
1125.00   2.72296228   0.12653621
1126.00   2.72089280   0.12687137
1127.00   2.71882156   0.12720710
1128.00   2.71674857   0.12754342
1129.00   2.71467383   0.12788033
1130.00   2.71259733   0.12821782
1131.00   2.71051908   0.12855590
1132.00   2.70843907   0.12889457
1133.00   2.70635731   0.12923382
1134.00   2.70427380   0.12957366
1135.00   2.70218854   0.12991409
1136.00   2.70010152   0.13025511
1137.00   2.69801275   0.13059672
1138.00   2.69592223   0.13093891
1139.00   2.69382996   0.13128170
1140.00   2.69173593   0.13162508
1141.00   2.68964016   0.13196905
1142.00   2.68754263   0.13231361
1143.00   2.68544335   0.13265876
1144.00   2.68334232   0.13300451
1145.00   2.68123954   0.13335085
1146.00   2.67913501   0.13369778
1147.00   2.67702873   0.13404530
1148.00   2.67492070   0.13439343
1149.00   2.67281092   0.13474214
1150.00   2.67069939   0.13509145
1151.00   2.66858611   0.13544136
1152.00   2.66647109   0.13579186
1153.00   2.66435431   0.13614296
1154.00   2.66223579   0.13649466
1155.00   2.66011551   0.13684696
1156.00   2.65799349   0.13719985
1157.00   2.65586972   0.13755334
1158.00   2.65374421   0.13790744
1159.00   2.65161694   0.13826213
1160.00   2.64948793   0.13861742
1161.00   2.64735717   0.13897331
1162.00   2.64522467   0.13932981
1163.00   2.64309042   0.13968690
1164.00   2.64095442   0.14004460
1165.00   2.63881668   0.14040290
1166.00   2.63667719   0.14076180
1167.00   2.63453595   0.14112131
1168.00   2.63239297   0.14148142
1169.00   2.63024825   0.14184214
1170.00   2.62810178   0.14220346
1171.00   2.62595356   0.14256538
1172.00   2.62380360   0.14292792
1173.00   2.62165190   0.14329105
1174.00   2.61949845   0.14365480
1175.00   2.61734326   0.14401915
1176.00   2.61518632   0.14438411
1177.00   2.61302764   0.14474968
1178.00   2.61086722   0.14511586
1179.00   2.60870506   0.14548265
1180.00   2.60654115   0.14585004
1181.00   2.60437550   0.14621805
1182.00   2.60220811   0.14658667
1183.00   2.60003897   0.14695589
1184.00   2.59786810   0.14732573
1185.00   2.59569548   0.14769619
1186.00   2.59352112   0.14806725
1187.00   2.59134502   0.14843893
1188.00   2.58916718   0.14881122
1189.00   2.58698760   0.14918413
1190.00   2.58480628   0.14955765
1191.00   2.58262322   0.14993178
1192.00   2.58043842   0.15030653
1193.00   2.57825188   0.15068190
1194.00   2.57606360   0.15105788
1195.00   2.57387358   0.15143448
1196.00   2.57168182   0.15181170
1197.00   2.56948832   0.15218953
1198.00   2.56729309   0.15256798
1199.00   2.56509611   0.15294705
1200.00   2.56289740   0.15332674
1201.00   2.56069695   0.15370705
1202.00   2.55849476   0.15408798
1203.00   2.55629084   0.15446954
1204.00   2.55408518   0.15485171
1205.00   2.55187778   0.15523450
1206.00   2.54966864   0.15561792
1207.00   2.54745777   0.15600195
1208.00   2.54524516   0.15638661
1209.00   2.54303082   0.15677190
1210.00   2.54081474   0.15715781
1211.00   2.53859692   0.15754434
1212.00   2.53637737   0.15793150
1213.00   2.53415608   0.15831928
1214.00   2.53193306   0.15870769
1215.00   2.52970831   0.15909672
1216.00   2.52748182   0.15948639
1217.00   2.52525360   0.15987667
1218.00   2.52302364   0.16026759
1219.00   2.52079195   0.16065913
1220.00   2.51855852   0.16105131
1221.00   2.51632337   0.16144411
1222.00   2.51408647   0.16183754
1223.00   2.51184785   0.16223160
1224.00   2.50960750   0.16262630
1225.00   2.50736541   0.16302162
1226.00   2.50512159   0.16341757
1227.00   2.50287604   0.16381416
1228.00   2.50062875   0.16421138
1229.00   2.49837974   0.16460923
1230.00   2.49612899   0.16500771
1231.00   2.49387652   0.16540683
1232.00   2.49162231   0.16580659
1233.00   2.48936637   0.16620697
1234.00   2.48710871   0.16660800
1235.00   2.48484931   0.16700966
1236.00   2.48258818   0.16741195
1237.00   2.48032533   0.16781488
1238.00   2.47806074   0.16821845
1239.00   2.47579443   0.16862265
1240.00   2.47352638   0.16902750
1241.00   2.47125661   0.16943298
1242.00   2.46898511   0.16983910
1243.00   2.46671189   0.17024586
1244.00   2.46443693   0.17065326
1245.00   2.46216025   0.17106130
1246.00   2.45988184   0.17146998
1247.00   2.45760170   0.17187930
1248.00   2.45531984   0.17228927
1249.00   2.45303625   0.17269988
1250.00   2.45075093   0.17311112
1251.00   2.44846389   0.17352302
1252.00   2.44617512   0.17393555
1253.00   2.44388463   0.17434873
1254.00   2.44159241   0.17476256
1255.00   2.43929847   0.17517702
1256.00   2.43700280   0.17559214
1257.00   2.43470540   0.17600790
1258.00   2.43240629   0.17642431
1259.00   2.43010545   0.17684136
1260.00   2.42780288   0.17725906
1261.00   2.42549859   0.17767741
1262.00   2.42319258   0.17809641
1263.00   2.42088484   0.17851605
1264.00   2.41857538   0.17893635
1265.00   2.41626420   0.17935729
1266.00   2.41395130   0.17977888
1267.00   2.41163667   0.18020113
1268.00   2.40932032   0.18062403
1269.00   2.40700225   0.18104757
1270.00   2.40468246   0.18147177
1271.00   2.40236095   0.18189662
1272.00   2.40003772   0.18232213
1273.00   2.39771276   0.18274829
1274.00   2.39538609   0.18317510
1275.00   2.39305770   0.18360256
1276.00   2.39072758   0.18403069
1277.00   2.38839575   0.18445946
1278.00   2.38606219   0.18488889
1279.00   2.38372692   0.18531898
1280.00   2.38138993   0.18574972
1281.00   2.37905122   0.18618113
1282.00   2.37671079   0.18661318
1283.00   2.37436864   0.18704590
1284.00   2.37202478   0.18747928
1285.00   2.36967919   0.18791331
1286.00   2.36733189   0.18834800
1287.00   2.36498287   0.18878336
1288.00   2.36263214   0.18921937
1289.00   2.36027969   0.18965605
1290.00   2.35792552   0.19009338
1291.00   2.35556963   0.19053138
1292.00   2.35321203   0.19097004
1293.00   2.35085272   0.19140936
1294.00   2.34849168   0.19184934
1295.00   2.34612894   0.19228999
1296.00   2.34376447   0.19273130
1297.00   2.34139830   0.19317328
1298.00   2.33903040   0.19361592
1299.00   2.33666080   0.19405923
1300.00   2.33428948   0.19450320
1301.00   2.33191644   0.19494784
1302.00   2.32954170   0.19539315
1303.00   2.32716523   0.19583912
1304.00   2.32478706   0.19628576
1305.00   2.32240717   0.19673307
1306.00   2.32002557   0.19718105
1307.00   2.31764226   0.19762969
1308.00   2.31525724   0.19807901
1309.00   2.31287050   0.19852899
1310.00   2.31048206   0.19897965
1311.00   2.30809190   0.19943098
1312.00   2.30570003   0.19988298
1313.00   2.30330645   0.20033565
1314.00   2.30091115   0.20078899
1315.00   2.29851415   0.20124300
1316.00   2.29611544   0.20169769
1317.00   2.29371502   0.20215305
1318.00   2.29131289   0.20260909
1319.00   2.28890905   0.20306580
1320.00   2.28650350   0.20352319
1321.00   2.28409624   0.20398125
1322.00   2.28168727   0.20443998
1323.00   2.27927660   0.20489940
1324.00   2.27686422   0.20535949
1325.00   2.27445013   0.20582025
1326.00   2.27203433   0.20628170
1327.00   2.26961682   0.20674382
1328.00   2.26719761   0.20720662
1329.00   2.26477669   0.20767011
1330.00   2.26235406   0.20813427
1331.00   2.25992973   0.20859911
1332.00   2.25750369   0.20906463
1333.00   2.25507595   0.20953083
1334.00   2.25264650   0.20999771
1335.00   2.25021534   0.21046528
1336.00   2.24778248   0.21093353
1337.00   2.24534791   0.21140246
1338.00   2.24291164   0.21187207
1339.00   2.24047367   0.21234237
1340.00   2.23803399   0.21281335
1341.00   2.23559261   0.21328502
1342.00   2.23314953   0.21375737
1343.00   2.23070474   0.21423040
1344.00   2.22825825   0.21470413
1345.00   2.22581005   0.21517854
1346.00   2.22336015   0.21565363
1347.00   2.22090856   0.21612942
1348.00   2.21845525   0.21660589
1349.00   2.21600025   0.21708305
1350.00   2.21354355   0.21756089
1351.00   2.21108514   0.21803943
1352.00   2.20862504   0.21851866
1353.00   2.20616323   0.21899857
1354.00   2.20369972   0.21947918
1355.00   2.20123451   0.21996048
1356.00   2.19876761   0.22044247
1357.00   2.19629900   0.22092515
1358.00   2.19382869   0.22140852
1359.00   2.19135669   0.22189259
1360.00   2.18888298   0.22237735
1361.00   2.18640758   0.22286280
1362.00   2.18393048   0.22334895
1363.00   2.18145168   0.22383579
1364.00   2.17897118   0.22432333
1365.00   2.17648898   0.22481156
1366.00   2.17400509   0.22530049
1367.00   2.17151950   0.22579012
1368.00   2.16903221   0.22628044
1369.00   2.16654323   0.22677146
1370.00   2.16405255   0.22726318
1371.00   2.16156018   0.22775559
1372.00   2.15906610   0.22824871
1373.00   2.15657034   0.22874252
1374.00   2.15407288   0.22923703
1375.00   2.15157372   0.22973225
1376.00   2.14907287   0.23022816
1377.00   2.14657032   0.23072477
1378.00   2.14406608   0.23122209
1379.00   2.14156014   0.23172011
1380.00   2.13905252   0.23221883
1381.00   2.13654319   0.23271825
1382.00   2.13403218   0.23321837
1383.00   2.13151947   0.23371920
1384.00   2.12900507   0.23422074
1385.00   2.12648898   0.23472297
1386.00   2.12397119   0.23522592
1387.00   2.12145172   0.23572957
1388.00   2.11893055   0.23623392
1389.00   2.11640769   0.23673898
1390.00   2.11388314   0.23724475
1391.00   2.11135689   0.23775122
1392.00   2.10882896   0.23825840
1393.00   2.10629934   0.23876629
1394.00   2.10376802   0.23927489
1395.00   2.10123502   0.23978420
1396.00   2.09870033   0.24029422
1397.00   2.09616395   0.24080495
1398.00   2.09362588   0.24131638
1399.00   2.09108612   0.24182853
1400.00   2.08854467   0.24234139
1401.00   2.08600153   0.24285496
1402.00   2.08345671   0.24336925
1403.00   2.08091020   0.24388424
1404.00   2.07836200   0.24439995
1405.00   2.07581211   0.24491638
1406.00   2.07326054   0.24543351
1407.00   2.07070728   0.24595136
1408.00   2.06815234   0.24646993
1409.00   2.06559570   0.24698921
1410.00   2.06303739   0.24750921
1411.00   2.06047738   0.24802992
1412.00   2.05791569   0.24855135
1413.00   2.05535232   0.24907350
1414.00   2.05278726   0.24959637
1415.00   2.05022052   0.25011995
1416.00   2.04765209   0.25064425
1417.00   2.04508198   0.25116927
1418.00   2.04251019   0.25169501
1419.00   2.03993671   0.25222147
1420.00   2.03736155   0.25274865
1421.00   2.03478470   0.25327655
1422.00   2.03220617   0.25380517
1423.00   2.02962597   0.25433451
1424.00   2.02704407   0.25486458
1425.00   2.02446050   0.25539537
1426.00   2.02187525   0.25592688
1427.00   2.01928831   0.25645911
1428.00   2.01669969   0.25699207
1429.00   2.01410939   0.25752575
1430.00   2.01151742   0.25806016
1431.00   2.00892376   0.25859529
1432.00   2.00632842   0.25913114
1433.00   2.00373140   0.25966773
1434.00   2.00113270   0.26020504
1435.00   1.99853233   0.26074307
1436.00   1.99593027   0.26128184
1437.00   1.99332654   0.26182133
1438.00   1.99072112   0.26236155
1439.00   1.98811403   0.26290250
1440.00   1.98550527   0.26344418
1441.00   1.98289482   0.26398658
1442.00   1.98028270   0.26452972
1443.00   1.97766890   0.26507359
1444.00   1.97505342   0.26561819
1445.00   1.97243627   0.26616352
1446.00   1.96981744   0.26670958
1447.00   1.96719693   0.26725637
1448.00   1.96457475   0.26780390
1449.00   1.96195089   0.26835216
1450.00   1.95932536   0.26890115
1451.00   1.95669816   0.26945088
1452.00   1.95406928   0.27000134
1453.00   1.95143872   0.27055254
1454.00   1.94880649   0.27110447
1455.00   1.94617259   0.27165714
1456.00   1.94353701   0.27221054
1457.00   1.94089976   0.27276469
1458.00   1.93826084   0.27331956
1459.00   1.93562025   0.27387518
1460.00   1.93297798   0.27443153
1461.00   1.93033404   0.27498862
1462.00   1.92768843   0.27554646
1463.00   1.92504115   0.27610503
1464.00   1.92239219   0.27666434
1465.00   1.91974157   0.27722439
1466.00   1.91708927   0.27778518
1467.00   1.91443531   0.27834671
1468.00   1.91177967   0.27890898
1469.00   1.90912236   0.27947200
1470.00   1.90646339   0.28003575
1471.00   1.90380274   0.28060025
1472.00   1.90114043   0.28116550
1473.00   1.89847645   0.28173149
1474.00   1.89581080   0.28229822
1475.00   1.89314348   0.28286569
1476.00   1.89047449   0.28343391
1477.00   1.88780383   0.28400288
1478.00   1.88513151   0.28457259
1479.00   1.88245752   0.28514305
1480.00   1.87978186   0.28571426
1481.00   1.87710454   0.28628621
1482.00   1.87442555   0.28685891
1483.00   1.87174489   0.28743236
1484.00   1.86906257   0.28800656
1485.00   1.86637859   0.28858150
1486.00   1.86369293   0.28915720
1487.00   1.86100562   0.28973365
1488.00   1.85831664   0.29031084
1489.00   1.85562599   0.29088879
1490.00   1.85293368   0.29146749
1491.00   1.85023970   0.29204694
1492.00   1.84754407   0.29262714
1493.00   1.84484677   0.29320809
1494.00   1.84214780   0.29378980
1495.00   1.83944718   0.29437226
1496.00   1.83674489   0.29495547
1497.00   1.83404094   0.29553944
1498.00   1.83133532   0.29612416
1499.00   1.82862805   0.29670964
1500.00   1.82591911   0.29729587
1501.00   1.82320852   0.29788286
1502.00   1.82049626   0.29847061
1503.00   1.81778234   0.29905911
1504.00   1.81506676   0.29964837
1505.00   1.81234952   0.30023839
1506.00   1.80963063   0.30082917
1507.00   1.80691007   0.30142070
1508.00   1.80418785   0.30201299
1509.00   1.80146398   0.30260605
1510.00   1.79873844   0.30319986
1511.00   1.79601125   0.30379443
1512.00   1.79328240   0.30438977
1513.00   1.79055189   0.30498586
1514.00   1.78781973   0.30558272
1515.00   1.78508591   0.30618034
1516.00   1.78235043   0.30677872
1517.00   1.77961329   0.30737786
1518.00   1.77687450   0.30797777
1519.00   1.77413405   0.30857844
1520.00   1.77139195   0.30917988
1521.00   1.76864819   0.30978208
1522.00   1.76590278   0.31038504
1523.00   1.76315571   0.31098878
1524.00   1.76040699   0.31159327
1525.00   1.75765661   0.31219854
1526.00   1.75490458   0.31280457
1527.00   1.75215089   0.31341136
1528.00   1.74939555   0.31401893
1529.00   1.74663856   0.31462726
1530.00   1.74387992   0.31523636
1531.00   1.74111962   0.31584623
1532.00   1.73835767   0.31645688
1533.00   1.73559407   0.31706829
1534.00   1.73282881   0.31768047
1535.00   1.73006191   0.31829342
1536.00   1.72729335   0.31890714
1537.00   1.72452315   0.31952163
1538.00   1.72175129   0.32013690
1539.00   1.71897778   0.32075294
1540.00   1.71620262   0.32136975
1541.00   1.71342581   0.32198733
1542.00   1.71064736   0.32260569
1543.00   1.70786725   0.32322483
1544.00   1.70508550   0.32384473
1545.00   1.70230209   0.32446542
1546.00   1.69951704   0.32508687
1547.00   1.69673034   0.32570911
1548.00   1.69394199   0.32633212
1549.00   1.69115200   0.32695590
1550.00   1.68836035   0.32758047
1551.00   1.68556706   0.32820581
1552.00   1.68277213   0.32883193
1553.00   1.67997555   0.32945883
1554.00   1.67717732   0.33008650
1555.00   1.67437744   0.33071496
1556.00   1.67157592   0.33134420
1557.00   1.66877276   0.33197421
1558.00   1.66596795   0.33260501
1559.00   1.66316150   0.33323659
1560.00   1.66035340   0.33386895
1561.00   1.65754365   0.33450209
1562.00   1.65473227   0.33513601
1563.00   1.65191924   0.33577072
1564.00   1.64910457   0.33640621
1565.00   1.64628825   0.33704248
1566.00   1.64347029   0.33767954
1567.00   1.64065069   0.33831738
1568.00   1.63782945   0.33895601
1569.00   1.63500657   0.33959542
1570.00   1.63218204   0.34023562
1571.00   1.62935587   0.34087660
1572.00   1.62652806   0.34151837
1573.00   1.62369862   0.34216093
1574.00   1.62086753   0.34280428
1575.00   1.61803480   0.34344841
1576.00   1.61520043   0.34409333
1577.00   1.61236442   0.34473904
1578.00   1.60952678   0.34538554
1579.00   1.60668749   0.34603283
1580.00   1.60384657   0.34668091
1581.00   1.60100401   0.34732978
1582.00   1.59815981   0.34797944
1583.00   1.59531397   0.34862989
1584.00   1.59246649   0.34928113
1585.00   1.58961738   0.34993317
1586.00   1.58676663   0.35058600
1587.00   1.58391425   0.35123962
1588.00   1.58106023   0.35189403
1589.00   1.57820457   0.35254924
1590.00   1.57534728   0.35320524
1591.00   1.57248835   0.35386204
1592.00   1.56962778   0.35451963
1593.00   1.56676559   0.35517802
1594.00   1.56390175   0.35583721
1595.00   1.56103629   0.35649719
1596.00   1.55816919   0.35715796
1597.00   1.55530045   0.35781954
1598.00   1.55243008   0.35848191
1599.00   1.54955808   0.35914508
1600.00   1.54668445   0.35980905
1601.00   1.54380919   0.36047382
1602.00   1.54093229   0.36113938
1603.00   1.53805376   0.36180575
1604.00   1.53517360   0.36247292
1605.00   1.53229181   0.36314088
1606.00   1.52940838   0.36380965
1607.00   1.52652333   0.36447922
1608.00   1.52363665   0.36514960
1609.00   1.52074833   0.36582077
1610.00   1.51785839   0.36649275
1611.00   1.51496682   0.36716553
1612.00   1.51207361   0.36783911
1613.00   1.50917878   0.36851350
1614.00   1.50628232   0.36918869
1615.00   1.50338424   0.36986469
1616.00   1.50048452   0.37054149
1617.00   1.49758318   0.37121910
1618.00   1.49468021   0.37189751
1619.00   1.49177561   0.37257674
1620.00   1.48886938   0.37325676
1621.00   1.48596153   0.37393760
1622.00   1.48305206   0.37461924
1623.00   1.48014095   0.37530169
1624.00   1.47722822   0.37598495
1625.00   1.47431387   0.37666902
1626.00   1.47139789   0.37735390
1627.00   1.46848029   0.37803959
1628.00   1.46556106   0.37872609
1629.00   1.46264021   0.37941340
1630.00   1.45971773   0.38010152
1631.00   1.45679363   0.38079045
1632.00   1.45386791   0.38148019
1633.00   1.45094056   0.38217075
1634.00   1.44801159   0.38286212
1635.00   1.44508100   0.38355430
1636.00   1.44214879   0.38424730
1637.00   1.43921496   0.38494111
1638.00   1.43627950   0.38563573
1639.00   1.43334242   0.38633117
1640.00   1.43040373   0.38702743
1641.00   1.42746341   0.38772450
1642.00   1.42452147   0.38842238
1643.00   1.42157791   0.38912109
1644.00   1.41863273   0.38982061
1645.00   1.41568594   0.39052095
1646.00   1.41273752   0.39122210
1647.00   1.40978749   0.39192408
1648.00   1.40683583   0.39262687
1649.00   1.40388256   0.39333048
1650.00   1.40092767   0.39403491
1651.00   1.39797117   0.39474016
1652.00   1.39501304   0.39544624
1653.00   1.39205330   0.39615313
1654.00   1.38909194   0.39686084
1655.00   1.38612897   0.39756938
1656.00   1.38316438   0.39827873
1657.00   1.38019817   0.39898891
1658.00   1.37723035   0.39969992
1659.00   1.37426092   0.40041174
1660.00   1.37128987   0.40112439
1661.00   1.36831720   0.40183786
1662.00   1.36534292   0.40255216
1663.00   1.36236703   0.40326729
1664.00   1.35938952   0.40398323
1665.00   1.35641040   0.40470001
1666.00   1.35342967   0.40541761
1667.00   1.35044732   0.40613603
1668.00   1.34746336   0.40685529
1669.00   1.34447779   0.40757537
1670.00   1.34149061   0.40829628
1671.00   1.33850181   0.40901801
1672.00   1.33551141   0.40974058
1673.00   1.33251939   0.41046398
1674.00   1.32952577   0.41118820
1675.00   1.32653053   0.41191325
1676.00   1.32353368   0.41263914
1677.00   1.32053523   0.41336585
1678.00   1.31753516   0.41409340
1679.00   1.31453349   0.41482178
1680.00   1.31153020   0.41555099
1681.00   1.30852531   0.41628103
1682.00   1.30551881   0.41701190
1683.00   1.30251070   0.41774361
1684.00   1.29950099   0.41847615
1685.00   1.29648966   0.41920953
1686.00   1.29347674   0.41994374
1687.00   1.29046220   0.42067878
1688.00   1.28744606   0.42141466
1689.00   1.28442831   0.42215138
1690.00   1.28140895   0.42288893
1691.00   1.27838799   0.42362732
1692.00   1.27536543   0.42436654
1693.00   1.27234126   0.42510661
1694.00   1.26931549   0.42584751
1695.00   1.26628811   0.42658924
1696.00   1.26325913   0.42733182
1697.00   1.26022854   0.42807524
1698.00   1.25719635   0.42881949
1699.00   1.25416256   0.42956459
1700.00   1.25112717   0.43031052
1701.00   1.24809017   0.43105730
1702.00   1.24505157   0.43180491
1703.00   1.24201137   0.43255337
1704.00   1.23896957   0.43330267
1705.00   1.23592617   0.43405281
1706.00   1.23288116   0.43480380
1707.00   1.22983456   0.43555562
1708.00   1.22678636   0.43630829
1709.00   1.22373655   0.43706181
1710.00   1.22068515   0.43781617
1711.00   1.21763215   0.43857137
1712.00   1.21457755   0.43932742
1713.00   1.21152134   0.44008431
1714.00   1.20846355   0.44084205
1715.00   1.20540415   0.44160064
1716.00   1.20234316   0.44236007
1717.00   1.19928056   0.44312035
1718.00   1.19621638   0.44388148
1719.00   1.19315059   0.44464346
1720.00   1.19008321   0.44540628
1721.00   1.18701423   0.44616995
1722.00   1.18394366   0.44693447
1723.00   1.18087149   0.44769985
1724.00   1.17779772   0.44846607
1725.00   1.17472236   0.44923314
1726.00   1.17164541   0.45000106
1727.00   1.16856686   0.45076983
1728.00   1.16548672   0.45153946
1729.00   1.16240498   0.45230994
1730.00   1.15932165   0.45308127
1731.00   1.15623673   0.45385345
1732.00   1.15315022   0.45462648
1733.00   1.15006211   0.45540037
1734.00   1.14697241   0.45617512
1735.00   1.14388112   0.45695071
1736.00   1.14078824   0.45772717
1737.00   1.13769376   0.45850447
1738.00   1.13459770   0.45928264
1739.00   1.13150004   0.46006165
1740.00   1.12840080   0.46084153
1741.00   1.12529996   0.46162226
1742.00   1.12219754   0.46240385
1743.00   1.11909352   0.46318630
1744.00   1.11598792   0.46396960
1745.00   1.11288073   0.46475377
1746.00   1.10977195   0.46553879
1747.00   1.10666158   0.46632467
1748.00   1.10354962   0.46711141
1749.00   1.10043608   0.46789902
1750.00   1.09732095   0.46868748
1751.00   1.09420423   0.46947680
1752.00   1.09108593   0.47026698
1753.00   1.08796604   0.47105803
1754.00   1.08484456   0.47184994
1755.00   1.08172150   0.47264271
1756.00   1.07859685   0.47343634
1757.00   1.07547062   0.47423084
1758.00   1.07234281   0.47502620
1759.00   1.06921341   0.47582242
1760.00   1.06608242   0.47661951
1761.00   1.06294985   0.47741746
1762.00   1.05981570   0.47821628
1763.00   1.05667997   0.47901597
1764.00   1.05354265   0.47981652
1765.00   1.05040375   0.48061794
1766.00   1.04726327   0.48142022
1767.00   1.04412121   0.48222337
1768.00   1.04097757   0.48302739
1769.00   1.03783234   0.48383228
1770.00   1.03468553   0.48463803
1771.00   1.03153715   0.48544466
1772.00   1.02838718   0.48625215
1773.00   1.02523563   0.48706051
1774.00   1.02208251   0.48786975
1775.00   1.01892780   0.48867985
1776.00   1.01577152   0.48949083
1777.00   1.01261366   0.49030267
1778.00   1.00945421   0.49111539
1779.00   1.00629320   0.49192898
1780.00   1.00313060   0.49274344
1781.00   0.99996643   0.49355878
1782.00   0.99680067   0.49437499
1783.00   0.99363335   0.49519207
1784.00   0.99046444   0.49601002
1785.00   0.98729396   0.49682885
1786.00   0.98412191   0.49764856
1787.00   0.98094828   0.49846914
1788.00   0.97777307   0.49929060
1789.00   0.97459629   0.50011293
1790.00   0.97141794   0.50093614
1791.00   0.96823801   0.50176022
1792.00   0.96505650   0.50258519
1793.00   0.96187343   0.50341103
1794.00   0.95868878   0.50423775
1795.00   0.95550255   0.50506534
1796.00   0.95231476   0.50589382
1797.00   0.94912539   0.50672317
1798.00   0.94593445   0.50755341
1799.00   0.94274194   0.50838452
1800.00   0.93954786   0.50921652
1801.00   0.93635221   0.51004939
1802.00   0.93315498   0.51088315
1803.00   0.92995619   0.51171779
1804.00   0.92675583   0.51255331
1805.00   0.92355389   0.51338971
1806.00   0.92035039   0.51422700
1807.00   0.91714532   0.51506517
1808.00   0.91393868   0.51590422
1809.00   0.91073047   0.51674416
1810.00   0.90752069   0.51758498
1811.00   0.90430935   0.51842669
1812.00   0.90109644   0.51926928
1813.00   0.89788196   0.52011275
1814.00   0.89466592   0.52095711
1815.00   0.89144830   0.52180236
1816.00   0.88822913   0.52264850
1817.00   0.88500838   0.52349552
1818.00   0.88178607   0.52434343
1819.00   0.87856220   0.52519223
1820.00   0.87533676   0.52604191
1821.00   0.87210976   0.52689249
1822.00   0.86888119   0.52774395
1823.00   0.86565106   0.52859631
1824.00   0.86241936   0.52944955
1825.00   0.85918610   0.53030368
1826.00   0.85595128   0.53115871
1827.00   0.85271490   0.53201462
1828.00   0.84947695   0.53287143
1829.00   0.84623745   0.53372913
1830.00   0.84299638   0.53458772
1831.00   0.83975375   0.53544720
1832.00   0.83650956   0.53630758
1833.00   0.83326380   0.53716885
1834.00   0.83001649   0.53803101
1835.00   0.82676762   0.53889407
1836.00   0.82351719   0.53975802
1837.00   0.82026520   0.54062287
1838.00   0.81701165   0.54148861
1839.00   0.81375654   0.54235525
1840.00   0.81049987   0.54322278
1841.00   0.80724165   0.54409121
1842.00   0.80398186   0.54496054
1843.00   0.80072052   0.54583076
1844.00   0.79745763   0.54670189
1845.00   0.79419317   0.54757391
1846.00   0.79092716   0.54844683
1847.00   0.78765960   0.54932064
1848.00   0.78439048   0.55019536
1849.00   0.78111980   0.55107098
1850.00   0.77784757   0.55194749
1851.00   0.77457378   0.55282491
1852.00   0.77129844   0.55370323
1853.00   0.76802154   0.55458245
1854.00   0.76474309   0.55546257
1855.00   0.76146309   0.55634359
1856.00   0.75818153   0.55722551
1857.00   0.75489843   0.55810834
1858.00   0.75161377   0.55899207
1859.00   0.74832755   0.55987671
1860.00   0.74503979   0.56076224
1861.00   0.74175047   0.56164869
1862.00   0.73845960   0.56253603
1863.00   0.73516719   0.56342428
1864.00   0.73187322   0.56431344
1865.00   0.72857770   0.56520350
1866.00   0.72528063   0.56609447
1867.00   0.72198201   0.56698635
1868.00   0.71868185   0.56787913
1869.00   0.71538013   0.56877282
1870.00   0.71207686   0.56966742
1871.00   0.70877205   0.57056293
1872.00   0.70546569   0.57145934
1873.00   0.70215778   0.57235666
1874.00   0.69884833   0.57325490
1875.00   0.69553733   0.57415404
1876.00   0.69222478   0.57505409
1877.00   0.68891068   0.57595505
1878.00   0.68559504   0.57685693
1879.00   0.68227786   0.57775971
1880.00   0.67895912   0.57866341
1881.00   0.67563885   0.57956801
1882.00   0.67231703   0.58047353
1883.00   0.66899366   0.58137997
1884.00   0.66566875   0.58228731
1885.00   0.66234230   0.58319557
1886.00   0.65901431   0.58410475
1887.00   0.65568477   0.58501484
1888.00   0.65235369   0.58592584
1889.00   0.64902106   0.58683776
1890.00   0.64568690   0.58775059
1891.00   0.64235119   0.58866434
1892.00   0.63901394   0.58957900
1893.00   0.63567515   0.59049458
1894.00   0.63233482   0.59141108
1895.00   0.62899295   0.59232850
1896.00   0.62564954   0.59324683
1897.00   0.62230460   0.59416608
1898.00   0.61895811   0.59508625
1899.00   0.61561008   0.59600734
1900.00   0.61226051   0.59692935
1901.00   0.60890941   0.59785228
1902.00   0.60555677   0.59877612
1903.00   0.60220259   0.59970089
1904.00   0.59884687   0.60062658
1905.00   0.59548962   0.60155319
1906.00   0.59213083   0.60248072
1907.00   0.58877050   0.60340918
1908.00   0.58540864   0.60433855
1909.00   0.58204524   0.60526885
1910.00   0.57868031   0.60620007
1911.00   0.57531384   0.60713221
1912.00   0.57194583   0.60806528
1913.00   0.56857630   0.60899927
1914.00   0.56520523   0.60993419
1915.00   0.56183262   0.61087003
1916.00   0.55845848   0.61180680
1917.00   0.55508281   0.61274449
1918.00   0.55170561   0.61368311
1919.00   0.54832687   0.61462266
1920.00   0.54494661   0.61556313
1921.00   0.54156481   0.61650453
1922.00   0.53818148   0.61744685
1923.00   0.53479662   0.61839011
1924.00   0.53141022   0.61933429
1925.00   0.52802230   0.62027940
1926.00   0.52463285   0.62122545
1927.00   0.52124187   0.62217242
1928.00   0.51784936   0.62312032
1929.00   0.51445532   0.62406915
1930.00   0.51105975   0.62501891
1931.00   0.50766266   0.62596960
1932.00   0.50426403   0.62692122
1933.00   0.50086388   0.62787378
1934.00   0.49746220   0.62882726
1935.00   0.49405900   0.62978168
1936.00   0.49065426   0.63073703
1937.00   0.48724801   0.63169332
1938.00   0.48384022   0.63265054
1939.00   0.48043091   0.63360869
1940.00   0.47702008   0.63456778
1941.00   0.47360772   0.63552780
1942.00   0.47019383   0.63648876
1943.00   0.46677842   0.63745065
1944.00   0.46336149   0.63841348
1945.00   0.45994304   0.63937724
1946.00   0.45652306   0.64034194
1947.00   0.45310156   0.64130758
1948.00   0.44967853   0.64227416
1949.00   0.44625398   0.64324167
1950.00   0.44282792   0.64421012
1951.00   0.43940033   0.64517951
1952.00   0.43597122   0.64614984
1953.00   0.43254059   0.64712110
1954.00   0.42910843   0.64809331
1955.00   0.42567476   0.64906646
1956.00   0.42223957   0.65004055
1957.00   0.41880286   0.65101557
1958.00   0.41536463   0.65199154
1959.00   0.41192488   0.65296845
1960.00   0.40848361   0.65394630
1961.00   0.40504083   0.65492510
1962.00   0.40159652   0.65590484
1963.00   0.39815070   0.65688552
1964.00   0.39470336   0.65786714
1965.00   0.39125451   0.65884971
1966.00   0.38780414   0.65983322
1967.00   0.38435225   0.66081767
1968.00   0.38089885   0.66180307
1969.00   0.37744393   0.66278942
1970.00   0.37398750   0.66377671
1971.00   0.37052955   0.66476494
1972.00   0.36707009   0.66575412
1973.00   0.36360911   0.66674425
1974.00   0.36014663   0.66773533
1975.00   0.35668262   0.66872735
1976.00   0.35321711   0.66972032
1977.00   0.34975008   0.67071424
1978.00   0.34628154   0.67170911
1979.00   0.34281149   0.67270493
1980.00   0.33933992   0.67370169
1981.00   0.33586685   0.67469941
1982.00   0.33239226   0.67569807
1983.00   0.32891616   0.67669769
1984.00   0.32543856   0.67769826
1985.00   0.32195944   0.67869977
1986.00   0.31847881   0.67970224
1987.00   0.31499668   0.68070566
1988.00   0.31151303   0.68171004
1989.00   0.30802788   0.68271536
1990.00   0.30454122   0.68372164
1991.00   0.30105305   0.68472887
1992.00   0.29756337   0.68573705
1993.00   0.29407219   0.68674619
1994.00   0.29057950   0.68775629
1995.00   0.28708530   0.68876733
1996.00   0.28358960   0.68977934
1997.00   0.28009239   0.69079230
1998.00   0.27659367   0.69180621
1999.00   0.27309346   0.69282108
2000.00   0.26959173   0.69383691
