wavelength(nm)         real         imag
200.00   3.58489211   0.00602228
201.00   3.58173432   0.00611305
202.00   3.57856080   0.00620472
203.00   3.57537156   0.00629730
204.00   3.57216659   0.00639080
205.00   3.56894589   0.00648522
206.00   3.56570947   0.00658057
207.00   3.56245733   0.00667684
208.00   3.55918946   0.00677405
209.00   3.55590587   0.00687220
210.00   3.55260655   0.00697129
211.00   3.54929151   0.00707132
212.00   3.54596075   0.00717231
213.00   3.54261427   0.00727426
214.00   3.53925206   0.00737717
215.00   3.53587413   0.00748104
216.00   3.53248049   0.00758588
217.00   3.52907112   0.00769170
218.00   3.52564603   0.00779850
219.00   3.52220522   0.00790628
220.00   3.51874869   0.00801504
221.00   3.51527644   0.00812481
222.00   3.51178847   0.00823556
223.00   3.50828478   0.00834732
224.00   3.50476538   0.00846009
225.00   3.50123025   0.00857387
226.00   3.49767941   0.00868866
227.00   3.49411285   0.00880447
228.00   3.49053058   0.00892130
229.00   3.48693259   0.00903917
230.00   3.48331888   0.00915806
231.00   3.47968946   0.00927800
232.00   3.47604432   0.00939897
233.00   3.47238347   0.00952100
234.00   3.46870690   0.00964407
235.00   3.46501462   0.00976820
236.00   3.46130663   0.00989339
237.00   3.45758292   0.01001964
238.00   3.45384350   0.01014696
239.00   3.45008837   0.01027536
240.00   3.44631752   0.01040483
241.00   3.44253097   0.01053539
242.00   3.43872870   0.01066704
243.00   3.43491073   0.01079977
244.00   3.43107704   0.01093360
245.00   3.42722764   0.01106853
246.00   3.42336253   0.01120457
247.00   3.41948172   0.01134172
248.00   3.41558519   0.01147998
249.00   3.41167296   0.01161936
250.00   3.40774502   0.01175986
251.00   3.40380138   0.01190149
252.00   3.39984202   0.01204425
253.00   3.39586696   0.01218815
254.00   3.39187620   0.01233318
255.00   3.38786972   0.01247937
256.00   3.38384755   0.01262670
257.00   3.37980966   0.01277519
258.00   3.37575608   0.01292484
259.00   3.37168679   0.01307565
260.00   3.36760180   0.01322762
261.00   3.36350110   0.01338078
262.00   3.35938470   0.01353510
263.00   3.35525260   0.01369061
264.00   3.35110480   0.01384731
265.00   3.34694130   0.01400519
266.00   3.34276210   0.01416427
267.00   3.33856719   0.01432455
268.00   3.33435659   0.01448603
269.00   3.33013029   0.01464872
270.00   3.32588829   0.01481263
271.00   3.32163059   0.01497775
272.00   3.31735719   0.01514409
273.00   3.31306809   0.01531166
274.00   3.30876330   0.01548046
275.00   3.30444282   0.01565050
276.00   3.30010663   0.01582177
277.00   3.29575475   0.01599429
278.00   3.29138718   0.01616806
279.00   3.28700391   0.01634308
280.00   3.28260495   0.01651936
281.00   3.27819029   0.01669690
282.00   3.27375994   0.01687570
283.00   3.26931390   0.01705578
284.00   3.26485216   0.01723714
285.00   3.26037474   0.01741977
286.00   3.25588162   0.01760369
287.00   3.25137281   0.01778890
288.00   3.24684831   0.01797540
289.00   3.24230813   0.01816320
290.00   3.23775225   0.01835230
291.00   3.23318069   0.01854271
292.00   3.22859343   0.01873443
293.00   3.22399049   0.01892746
294.00   3.21937186   0.01912182
295.00   3.21473755   0.01931750
296.00   3.21008755   0.01951451
297.00   3.20542186   0.01971285
298.00   3.20074049   0.01991254
299.00   3.19604343   0.02011356
300.00   3.19133069   0.02031593
301.00   3.18660227   0.02051966
302.00   3.18185816   0.02072474
303.00   3.17709837   0.02093118
304.00   3.17232290   0.02113899
305.00   3.16753174   0.02134817
306.00   3.16272491   0.02155872
307.00   3.15790239   0.02177065
308.00   3.15306420   0.02198396
309.00   3.14821033   0.02219866
310.00   3.14334077   0.02241475
311.00   3.13845554   0.02263224
312.00   3.13355463   0.02285113
313.00   3.12863805   0.02307143
314.00   3.12370578   0.02329313
315.00   3.11875784   0.02351625
316.00   3.11379423   0.02374079
317.00   3.10881494   0.02396676
318.00   3.10381997   0.02419415
319.00   3.09880933   0.02442297
320.00   3.09378302   0.02465323
321.00   3.08874104   0.02488493
322.00   3.08368338   0.02511808
323.00   3.07861005   0.02535268
324.00   3.07352105   0.02558873
325.00   3.06841638   0.02582624
326.00   3.06329604   0.02606522
327.00   3.05816002   0.02630566
328.00   3.05300834   0.02654758
329.00   3.04784100   0.02679097
330.00   3.04265798   0.02703585
331.00   3.03745930   0.02728221
332.00   3.03224494   0.02753006
333.00   3.02701493   0.02777941
334.00   3.02176925   0.02803025
335.00   3.01650790   0.02828261
336.00   3.01123089   0.02853646
337.00   3.00593821   0.02879184
338.00   3.00062987   0.02904873
339.00   2.99530587   0.02930714
340.00   2.98996620   0.02956708
341.00   2.98461088   0.02982854
342.00   2.97923989   0.03009155
343.00   2.97385324   0.03035609
344.00   2.96845094   0.03062218
345.00   2.96303297   0.03088982
346.00   2.95759935   0.03115901
347.00   2.95215006   0.03142975
348.00   2.94668512   0.03170206
349.00   2.94120452   0.03197594
350.00   2.93570827   0.03225139
351.00   2.93019636   0.03252841
352.00   2.92466880   0.03280701
353.00   2.91912558   0.03308720
354.00   2.91356671   0.03336898
355.00   2.90799218   0.03365235
356.00   2.90240200   0.03393732
357.00   2.89679617   0.03422389
358.00   2.89117469   0.03451206
359.00   2.88553756   0.03480185
360.00   2.87988477   0.03509326
361.00   2.87421634   0.03538628
362.00   2.86853226   0.03568093
363.00   2.86283253   0.03597721
364.00   2.85711715   0.03627512
365.00   2.85138613   0.03657467
366.00   2.84563946   0.03687586
367.00   2.83987714   0.03717870
368.00   2.83409918   0.03748319
369.00   2.82830557   0.03778934
370.00   2.82249632   0.03809714
371.00   2.81667143   0.03840662
372.00   2.81083089   0.03871776
373.00   2.80497471   0.03903057
374.00   2.79910289   0.03934506
375.00   2.79321543   0.03966124
376.00   2.78731233   0.03997910
377.00   2.78139359   0.04029866
378.00   2.77545921   0.04061991
379.00   2.76950920   0.04094286
380.00   2.76354354   0.04126752
381.00   2.75756225   0.04159388
382.00   2.75156532   0.04192196
383.00   2.74555276   0.04225176
384.00   2.73952456   0.04258328
385.00   2.73348073   0.04291653
386.00   2.72742126   0.04325151
387.00   2.72134616   0.04358822
388.00   2.71525543   0.04392668
389.00   2.70914907   0.04426688
390.00   2.70302708   0.04460883
391.00   2.69688945   0.04495254
392.00   2.69073620   0.04529800
393.00   2.68456731   0.04564523
394.00   2.67838280   0.04599422
395.00   2.67218267   0.04634499
396.00   2.66596690   0.04669753
397.00   2.65973551   0.04705186
398.00   2.65348849   0.04740796
399.00   2.64722585   0.04776586
400.00   2.64094758   0.04812555
401.00   2.63465370   0.04848704
402.00   2.62834418   0.04885034
403.00   2.62201905   0.04921544
404.00   2.61567829   0.04958235
405.00   2.60932192   0.04995108
406.00   2.60294992   0.05032163
407.00   2.59656230   0.05069401
408.00   2.59015907   0.05106821
409.00   2.58374022   0.05144425
410.00   2.57730575   0.05182213
411.00   2.57085566   0.05220185
412.00   2.56438996   0.05258342
413.00   2.55790864   0.05296684
414.00   2.55141171   0.05335212
415.00   2.54489916   0.05373926
416.00   2.53837101   0.05412826
417.00   2.53182724   0.05451913
418.00   2.52526785   0.05491188
419.00   2.51869286   0.05530650
420.00   2.51210226   0.05570301
421.00   2.50549604   0.05610141
422.00   2.49887422   0.05650170
423.00   2.49223679   0.05690388
424.00   2.48558376   0.05730797
425.00   2.47891511   0.05771396
426.00   2.47223086   0.05812186
427.00   2.46553101   0.05853168
428.00   2.45881555   0.05894341
429.00   2.45208449   0.05935707
430.00   2.44533782   0.05977265
431.00   2.43857556   0.06019017
432.00   2.43179769   0.06060962
433.00   2.42500422   0.06103102
434.00   2.41819515   0.06145436
435.00   2.41137048   0.06187965
436.00   2.40453021   0.06230689
437.00   2.39767435   0.06273609
438.00   2.39080289   0.06316726
439.00   2.38391583   0.06360039
440.00   2.37701318   0.06403549
441.00   2.37009493   0.06447257
442.00   2.36316109   0.06491164
443.00   2.35621165   0.06535268
444.00   2.34924663   0.06579572
445.00   2.34226601   0.06624075
446.00   2.33526980   0.06668778
447.00   2.32825800   0.06713681
448.00   2.32123061   0.06758785
449.00   2.31418763   0.06804090
450.00   2.30712906   0.06849597
451.00   2.30005491   0.06895306
452.00   2.29296517   0.06941218
453.00   2.28585985   0.06987332
454.00   2.27873894   0.07033650
455.00   2.27160244   0.07080171
456.00   2.26445036   0.07126897
457.00   2.25728271   0.07173828
458.00   2.25009946   0.07220964
459.00   2.24290064   0.07268305
460.00   2.23568624   0.07315853
461.00   2.22845626   0.07363607
462.00   2.22121070   0.07411568
463.00   2.21394956   0.07459737
464.00   2.20667285   0.07508113
465.00   2.19938056   0.07556697
466.00   2.19207269   0.07605491
467.00   2.18474925   0.07654493
468.00   2.17741024   0.07703705
469.00   2.17005565   0.07753127
470.00   2.16268549   0.07802760
471.00   2.15529976   0.07852603
472.00   2.14789846   0.07902658
473.00   2.14048159   0.07952925
474.00   2.13304915   0.08003404
475.00   2.12560114   0.08054096
476.00   2.11813756   0.08105001
477.00   2.11065842   0.08156119
478.00   2.10316371   0.08207452
479.00   2.09565344   0.08258999
480.00   2.08812760   0.08310761
481.00   2.08058620   0.08362738
482.00   2.07302924   0.08414931
483.00   2.06545672   0.08467341
484.00   2.05786863   0.08519967
485.00   2.05026499   0.08572810
486.00   2.04264578   0.08625871
487.00   2.03501102   0.08679149
488.00   2.02736070   0.08732647
489.00   2.01969483   0.08786363
490.00   2.01201340   0.08840298
491.00   2.00431641   0.08894454
492.00   1.99660387   0.08948829
493.00   1.98887577   0.09003425
494.00   1.98113213   0.09058243
495.00   1.97337293   0.09113282
496.00   1.96559818   0.09168542
497.00   1.95780788   0.09224026
498.00   1.95000203   0.09279732
499.00   1.94218064   0.09335662
500.00   1.93434370   0.09391815
501.00   1.92649121   0.09448192
502.00   1.91862317   0.09504794
503.00   1.91073959   0.09561622
504.00   1.90284047   0.09618674
505.00   1.89492580   0.09675953
506.00   1.88699559   0.09733458
507.00   1.87904984   0.09791190
508.00   1.87108855   0.09849150
509.00   1.86311172   0.09907337
510.00   1.85511935   0.09965752
511.00   1.84711144   0.10024396
512.00   1.83908800   0.10083269
513.00   1.83104902   0.10142371
514.00   1.82299450   0.10201704
515.00   1.81492445   0.10261266
516.00   1.80683887   0.10321060
517.00   1.79873775   0.10381085
518.00   1.79062110   0.10441341
519.00   1.78248892   0.10501830
520.00   1.77434121   0.10562551
521.00   1.76617798   0.10623506
522.00   1.75799921   0.10684693
523.00   1.74980492   0.10746115
524.00   1.74159510   0.10807771
525.00   1.73336975   0.10869662
526.00   1.72512888   0.10931788
527.00   1.71687249   0.10994150
528.00   1.70860057   0.11056748
529.00   1.70031313   0.11119582
530.00   1.69201017   0.11182654
531.00   1.68369169   0.11245962
532.00   1.67535770   0.11309509
533.00   1.66700818   0.11373294
534.00   1.65864314   0.11437318
535.00   1.65026259   0.11501581
536.00   1.64186653   0.11566084
537.00   1.63345494   0.11630826
538.00   1.62502785   0.11695810
539.00   1.61658524   0.11761034
540.00   1.60812712   0.11826500
541.00   1.59965349   0.11892207
542.00   1.59116435   0.11958157
543.00   1.58265970   0.12024349
544.00   1.57413954   0.12090785
545.00   1.56560388   0.12157464
546.00   1.55705270   0.12224387
547.00   1.54848603   0.12291555
548.00   1.53990384   0.12358967
549.00   1.53130616   0.12426625
550.00   1.52269297   0.12494529
551.00   1.51406428   0.12562679
552.00   1.50542009   0.12631076
553.00   1.49676040   0.12699720
554.00   1.48808521   0.12768611
555.00   1.47939452   0.12837750
556.00   1.47068834   0.12907138
557.00   1.46196666   0.12976775
558.00   1.45322948   0.13046661
559.00   1.44447681   0.13116797
560.00   1.43570865   0.13187182
561.00   1.42692499   0.13257819
562.00   1.41812585   0.13328707
563.00   1.40931121   0.13399846
564.00   1.40048108   0.13471237
565.00   1.39163547   0.13542880
566.00   1.38277437   0.13614776
567.00   1.37389778   0.13686926
568.00   1.36500570   0.13759329
569.00   1.35609814   0.13831986
570.00   1.34717510   0.13904898
571.00   1.33823657   0.13978065
572.00   1.32928257   0.14051488
573.00   1.32031308   0.14125166
574.00   1.31132811   0.14199101
575.00   1.30232767   0.14273292
576.00   1.29331174   0.14347740
577.00   1.28428034   0.14422447
578.00   1.27523346   0.14497411
579.00   1.26617111   0.14572634
580.00   1.25709329   0.14648116
581.00   1.24799999   0.14723857
582.00   1.23889122   0.14799858
583.00   1.22976698   0.14876119
584.00   1.22062727   0.14952641
585.00   1.21147209   0.15029424
586.00   1.20230144   0.15106469
587.00   1.19311533   0.15183776
588.00   1.18391375   0.15261345
589.00   1.17469670   0.15339177
590.00   1.16546419   0.15417273
591.00   1.15621622   0.15495632
592.00   1.14695278   0.15574256
593.00   1.13767389   0.15653144
594.00   1.12837953   0.15732297
595.00   1.11906972   0.15811716
596.00   1.10974445   0.15891401
597.00   1.10040372   0.15971352
598.00   1.09104753   0.16051570
599.00   1.08167589   0.16132055
600.00   1.07228880   0.16212808
601.00   1.06288625   0.16293829
602.00   1.05346826   0.16375119
603.00   1.04403481   0.16456677
604.00   1.03458591   0.16538506
605.00   1.02512156   0.16620604
606.00   1.01564177   0.16702972
607.00   1.00614653   0.16785611
608.00   0.99663584   0.16868522
609.00   0.98710971   0.16951704
610.00   0.97756813   0.17035158
611.00   0.96801111   0.17118885
612.00   0.95843865   0.17202884
613.00   0.94885075   0.17287157
614.00   0.93924742   0.17371704
615.00   0.92962864   0.17456525
616.00   0.91999442   0.17541621
617.00   0.91034477   0.17626992
618.00   0.90067968   0.17712638
619.00   0.89099916   0.17798561
620.00   0.88130321   0.17884760
621.00   0.87159182   0.17971236
622.00   0.86186501   0.18057989
623.00   0.85212276   0.18145020
624.00   0.84236508   0.18232329
625.00   0.83259198   0.18319917
626.00   0.82280345   0.18407784
627.00   0.81299949   0.18495930
628.00   0.80318011   0.18584356
629.00   0.79334531   0.18673063
630.00   0.78349508   0.18762050
631.00   0.77362943   0.18851319
632.00   0.76374836   0.18940870
633.00   0.75385187   0.19030702
634.00   0.74393997   0.19120817
635.00   0.73401264   0.19211215
636.00   0.72406990   0.19301897
637.00   0.71411175   0.19392862
638.00   0.70413818   0.19484111
639.00   0.69414920   0.19575646
640.00   0.68414480   0.19667465
641.00   0.67412500   0.19759570
642.00   0.66408978   0.19851962
643.00   0.65403916   0.19944639
644.00   0.64397313   0.20037604
645.00   0.63389169   0.20130855
646.00   0.62379485   0.20224395
647.00   0.61368261   0.20318223
648.00   0.60355496   0.20412339
649.00   0.59341190   0.20506745
650.00   0.58325345   0.20601440
651.00   0.57307960   0.20696425
652.00   0.56289035   0.20791700
653.00   0.55268570   0.20887266
654.00   0.54246566   0.20983124
655.00   0.53223022   0.21079273
656.00   0.52197938   0.21175714
657.00   0.51171315   0.21272448
658.00   0.50143154   0.21369475
659.00   0.49113452   0.21466795
660.00   0.48082212   0.21564409
661.00   0.47049434   0.21662318
662.00   0.46015116   0.21760521
663.00   0.44979260   0.21859019
664.00   0.43941865   0.21957813
665.00   0.42902931   0.22056903
666.00   0.41862460   0.22156289
667.00   0.40820450   0.22255972
668.00   0.39776902   0.22355953
669.00   0.38731816   0.22456231
670.00   0.37685193   0.22556807
671.00   0.36637031   0.22657683
672.00   0.35587332   0.22758857
673.00   0.34536096   0.22860330
674.00   0.33483322   0.22962104
675.00   0.32429010   0.23064178
676.00   0.31373162   0.23166553
677.00   0.30315776   0.23269229
678.00   0.29256854   0.23372207
679.00   0.28196395   0.23475486
680.00   0.27134399   0.23579069
681.00   0.26070866   0.23682954
682.00   0.25005797   0.23787143
683.00   0.23939192   0.23891635
684.00   0.22871050   0.23996432
685.00   0.21801372   0.24101533
686.00   0.20730158   0.24206940
687.00   0.19657408   0.24312652
688.00   0.18583123   0.24418670
689.00   0.17507301   0.24524995
690.00   0.16429945   0.24631626
691.00   0.15351052   0.24738565
692.00   0.14270625   0.24845811
693.00   0.13188662   0.24953366
694.00   0.12105164   0.25061229
695.00   0.11020131   0.25169401
696.00   0.09933563   0.25277883
697.00   0.08845461   0.25386674
698.00   0.07755824   0.25495776
699.00   0.06664652   0.25605189
700.00   0.05571946   0.25714912
701.00   0.04477706   0.25824948
702.00   0.03381931   0.25935295
703.00   0.02284623   0.26045955
704.00   0.01185780   0.26156928
705.00   0.00085404   0.26268214
706.00  -0.01016506   0.26379814
707.00  -0.02119949   0.26491728
708.00  -0.03224926   0.26603957
709.00  -0.04331436   0.26716500
710.00  -0.05439480   0.26829360
711.00  -0.06549056   0.26942535
712.00  -0.07660165   0.27056027
713.00  -0.08772808   0.27169835
714.00  -0.09886983   0.27283961
715.00  -0.11002690   0.27398404
716.00  -0.12119930   0.27513165
717.00  -0.13238703   0.27628245
718.00  -0.14359007   0.27743644
719.00  -0.15480844   0.27859362
720.00  -0.16604213   0.27975400
721.00  -0.17729114   0.28091758
722.00  -0.18855546   0.28208437
723.00  -0.19983510   0.28325437
724.00  -0.21113006   0.28442759
725.00  -0.22244033   0.28560402
726.00  -0.23376591   0.28678368
727.00  -0.24510680   0.28796657
728.00  -0.25646300   0.28915269
729.00  -0.26783452   0.29034204
730.00  -0.27922134   0.29153464
731.00  -0.29062346   0.29273048
732.00  -0.30204090   0.29392958
733.00  -0.31347363   0.29513192
734.00  -0.32492167   0.29633753
735.00  -0.33638501   0.29754640
736.00  -0.34786365   0.29875853
737.00  -0.35935759   0.29997394
738.00  -0.37086683   0.30119262
739.00  -0.38239136   0.30241458
740.00  -0.39393119   0.30363983
741.00  -0.40548632   0.30486836
742.00  -0.41705674   0.30610019
743.00  -0.42864244   0.30733531
744.00  -0.44024344   0.30857374
745.00  -0.45185973   0.30981547
746.00  -0.46349131   0.31106051
747.00  -0.47513817   0.31230886
748.00  -0.48680032   0.31356054
749.00  -0.49847775   0.31481553
750.00  -0.51017046   0.31607386
751.00  -0.52187846   0.31733551
752.00  -0.53360174   0.31860050
753.00  -0.54534029   0.31986883
754.00  -0.55709413   0.32114050
755.00  -0.56886324   0.32241553
756.00  -0.58064762   0.32369390
757.00  -0.59244728   0.32497564
758.00  -0.60426221   0.32626073
759.00  -0.61609242   0.32754919
760.00  -0.62793789   0.32884102
761.00  -0.63979863   0.33013622
762.00  -0.65167464   0.33143481
763.00  -0.66356592   0.33273677
764.00  -0.67547246   0.33404213
765.00  -0.68739427   0.33535087
766.00  -0.69933133   0.33666301
767.00  -0.71128366   0.33797855
768.00  -0.72325125   0.33929749
769.00  -0.73523410   0.34061984
770.00  -0.74723220   0.34194561
771.00  -0.75924556   0.34327479
772.00  -0.77127418   0.34460740
773.00  -0.78331805   0.34594342
774.00  -0.79537717   0.34728288
775.00  -0.80745154   0.34862578
776.00  -0.81954116   0.34997211
777.00  -0.83164603   0.35132188
778.00  -0.84376615   0.35267510
779.00  -0.85590151   0.35403178
780.00  -0.86805212   0.35539190
781.00  -0.88021797   0.35675549
782.00  -0.89239906   0.35812254
783.00  -0.90459539   0.35949306
784.00  -0.91680696   0.36086706
785.00  -0.92903377   0.36224453
786.00  -0.94127581   0.36362548
787.00  -0.95353309   0.36500991
788.00  -0.96580560   0.36639784
789.00  -0.97809335   0.36778926
790.00  -0.99039633   0.36918418
791.00  -1.00271453   0.37058260
792.00  -1.01504797   0.37198453
793.00  -1.02739663   0.37338997
794.00  -1.03976052   0.37479892
795.00  -1.05213963   0.37621139
796.00  -1.06453397   0.37762739
797.00  -1.07694353   0.37904692
798.00  -1.08936831   0.38046997
799.00  -1.10180830   0.38189657
800.00  -1.11426352   0.38332670
801.00  -1.12673395   0.38476038
802.00  -1.13921960   0.38619761
803.00  -1.15172046   0.38763840
804.00  -1.16423653   0.38908274
805.00  -1.17676782   0.39053064
806.00  -1.18931431   0.39198211
807.00  -1.20187601   0.39343715
808.00  -1.21445292   0.39489577
809.00  -1.22704504   0.39635796
810.00  -1.23965236   0.39782374
811.00  -1.25227488   0.39929311
812.00  -1.26491260   0.40076606
813.00  -1.27756553   0.40224262
814.00  -1.29023365   0.40372277
815.00  -1.30291697   0.40520653
816.00  -1.31561549   0.40669390
817.00  -1.32832920   0.40818488
818.00  -1.34105810   0.40967948
819.00  -1.35380220   0.41117770
820.00  -1.36656149   0.41267955
821.00  -1.37933597   0.41418502
822.00  -1.39212563   0.41569413
823.00  -1.40493048   0.41720688
824.00  -1.41775052   0.41872328
825.00  -1.43058574   0.42024332
826.00  -1.44343614   0.42176701
827.00  -1.45630173   0.42329435
828.00  -1.46918249   0.42482536
829.00  -1.48207843   0.42636003
830.00  -1.49498955   0.42789837
831.00  -1.50791585   0.42944038
832.00  -1.52085731   0.43098607
833.00  -1.53381396   0.43253544
834.00  -1.54678577   0.43408850
835.00  -1.55977275   0.43564524
836.00  -1.57277490   0.43720568
837.00  -1.58579222   0.43876982
838.00  -1.59882470   0.44033766
839.00  -1.61187235   0.44190920
840.00  -1.62493516   0.44348446
841.00  -1.63801314   0.44506343
842.00  -1.65110627   0.44664612
843.00  -1.66421456   0.44823254
844.00  -1.67733801   0.44982268
845.00  -1.69047661   0.45141655
846.00  -1.70363037   0.45301416
847.00  -1.71679929   0.45461551
848.00  -1.72998335   0.45622061
849.00  -1.74318256   0.45782945
850.00  -1.75639693   0.45944205
851.00  -1.76962644   0.46105840
852.00  -1.78287109   0.46267852
853.00  -1.79613090   0.46430240
854.00  -1.80940584   0.46593005
855.00  -1.82269593   0.46756147
856.00  -1.83600115   0.46919668
857.00  -1.84932152   0.47083566
858.00  -1.86265702   0.47247844
859.00  -1.87600766   0.47412500
860.00  -1.88937343   0.47577536
861.00  -1.90275434   0.47742952
862.00  -1.91615038   0.47908749
863.00  -1.92956154   0.48074926
864.00  -1.94298784   0.48241484
865.00  -1.95642926   0.48408424
866.00  -1.96988581   0.48575746
867.00  -1.98335749   0.48743451
868.00  -1.99684429   0.48911538
869.00  -2.01034621   0.49080009
870.00  -2.02386325   0.49248863
871.00  -2.03739540   0.49418102
872.00  -2.05094268   0.49587725
873.00  -2.06450507   0.49757733
874.00  -2.07808258   0.49928127
875.00  -2.09167519   0.50098907
876.00  -2.10528292   0.50270073
877.00  -2.11890576   0.50441625
878.00  -2.13254371   0.50613565
879.00  -2.14619677   0.50785892
880.00  -2.15986493   0.50958607
881.00  -2.17354819   0.51131711
882.00  -2.18724656   0.51305203
883.00  -2.20096003   0.51479085
884.00  -2.21468860   0.51653356
885.00  -2.22843226   0.51828017
886.00  -2.24219103   0.52003069
887.00  -2.25596488   0.52178512
888.00  -2.26975384   0.52354346
889.00  -2.28355788   0.52530571
890.00  -2.29737702   0.52707189
891.00  -2.31121124   0.52884200
892.00  -2.32506055   0.53061603
893.00  -2.33892495   0.53239400
894.00  -2.35280444   0.53417591
895.00  -2.36669900   0.53596176
896.00  -2.38060865   0.53775156
897.00  -2.39453338   0.53954531
898.00  -2.40847319   0.54134301
899.00  -2.42242808   0.54314467
900.00  -2.43639804   0.54495030
901.00  -2.45038308   0.54675989
902.00  -2.46438318   0.54857346
903.00  -2.47839837   0.55039100
904.00  -2.49242862   0.55221252
905.00  -2.50647393   0.55403803
906.00  -2.52053432   0.55586753
907.00  -2.53460977   0.55770102
908.00  -2.54870029   0.55953850
909.00  -2.56280587   0.56137999
910.00  -2.57692650   0.56322548
911.00  -2.59106220   0.56507498
912.00  -2.60521296   0.56692850
913.00  -2.61937877   0.56878604
914.00  -2.63355964   0.57064759
915.00  -2.64775556   0.57251318
916.00  -2.66196653   0.57438279
917.00  -2.67619255   0.57625644
918.00  -2.69043362   0.57813413
919.00  -2.70468974   0.58001586
920.00  -2.71896091   0.58190163
921.00  -2.73324711   0.58379146
922.00  -2.74754836   0.58568535
923.00  -2.76186466   0.58758329
924.00  -2.77619599   0.58948530
925.00  -2.79054236   0.59139138
926.00  -2.80490376   0.59330153
927.00  -2.81928021   0.59521576
928.00  -2.83367168   0.59713406
929.00  -2.84807819   0.59905646
930.00  -2.86249972   0.60098294
931.00  -2.87693629   0.60291351
932.00  -2.89138788   0.60484818
933.00  -2.90585450   0.60678696
934.00  -2.92033614   0.60872984
935.00  -2.93483281   0.61067683
936.00  -2.94934449   0.61262793
937.00  -2.96387120   0.61458315
938.00  -2.97841292   0.61654250
939.00  -2.99296966   0.61850597
940.00  -3.00754142   0.62047357
941.00  -3.02212819   0.62244530
942.00  -3.03672997   0.62442118
943.00  -3.05134676   0.62640120
944.00  -3.06597856   0.62838536
945.00  -3.08062536   0.63037368
946.00  -3.09528717   0.63236616
947.00  -3.10996399   0.63436279
948.00  -3.12465581   0.63636359
949.00  -3.13936263   0.63836855
950.00  -3.15408444   0.64037769
951.00  -3.16882126   0.64239100
952.00  -3.18357307   0.64440850
953.00  -3.19833988   0.64643018
954.00  -3.21312167   0.64845605
955.00  -3.22791846   0.65048611
956.00  -3.24273024   0.65252037
957.00  -3.25755701   0.65455883
958.00  -3.27239877   0.65660150
959.00  -3.28725551   0.65864838
960.00  -3.30212723   0.66069947
961.00  -3.31701393   0.66275477
962.00  -3.33191562   0.66481431
963.00  -3.34683228   0.66687806
964.00  -3.36176392   0.66894605
965.00  -3.37671054   0.67101827
966.00  -3.39167213   0.67309473
967.00  -3.40664869   0.67517544
968.00  -3.42164022   0.67726039
969.00  -3.43664672   0.67934959
970.00  -3.45166819   0.68144305
971.00  -3.46670463   0.68354077
972.00  -3.48175602   0.68564275
973.00  -3.49682239   0.68774900
974.00  -3.51190371   0.68985952
975.00  -3.52699999   0.69197431
976.00  -3.54211123   0.69409339
977.00  -3.55723743   0.69621675
978.00  -3.57237858   0.69834440
979.00  -3.58753468   0.70047634
980.00  -3.60270573   0.70261258
981.00  -3.61789174   0.70475312
982.00  -3.63309269   0.70689797
983.00  -3.64830859   0.70904712
984.00  -3.66353943   0.71120059
985.00  -3.67878522   0.71335837
986.00  -3.69404595   0.71552048
987.00  -3.70932162   0.71768691
988.00  -3.72461222   0.71985768
989.00  -3.73991777   0.72203277
990.00  -3.75523825   0.72421221
991.00  -3.77057366   0.72639598
992.00  -3.78592400   0.72858410
993.00  -3.80128928   0.73077658
994.00  -3.81666948   0.73297340
995.00  -3.83206461   0.73517459
996.00  -3.84747466   0.73738014
997.00  -3.86289964   0.73959006
998.00  -3.87833954   0.74180434
999.00  -3.89379436   0.74402301
1000.00  -3.90926410   0.74624605
1001.00  -3.92474875   0.74847347
1002.00  -3.94024832   0.75070529
1003.00  -3.95576281   0.75294149
1004.00  -3.97129221   0.75518209
1005.00  -3.98683651   0.75742709
1006.00  -4.00239573   0.75967649
1007.00  -4.01796985   0.76193031
1008.00  -4.03355888   0.76418853
1009.00  -4.04916281   0.76645117
1010.00  -4.06478165   0.76871823
1011.00  -4.08041538   0.77098972
1012.00  -4.09606402   0.77326563
1013.00  -4.11172755   0.77554598
1014.00  -4.12740597   0.77783076
1015.00  -4.14309929   0.78011999
1016.00  -4.15880750   0.78241366
1017.00  -4.17453061   0.78471178
1018.00  -4.19026860   0.78701435
1019.00  -4.20602147   0.78932138
1020.00  -4.22178924   0.79163287
1021.00  -4.23757188   0.79394883
1022.00  -4.25336941   0.79626926
1023.00  -4.26918182   0.79859416
1024.00  -4.28500911   0.80092354
1025.00  -4.30085128   0.80325740
1026.00  -4.31670832   0.80559575
1027.00  -4.33258023   0.80793858
1028.00  -4.34846702   0.81028592
1029.00  -4.36436867   0.81263775
1030.00  -4.38028520   0.81499408
1031.00  -4.39621659   0.81735492
1032.00  -4.41216284   0.81972027
1033.00  -4.42812396   0.82209013
1034.00  -4.44409994   0.82446452
1035.00  -4.46009078   0.82684342
1036.00  -4.47609648   0.82922686
1037.00  -4.49211704   0.83161482
1038.00  -4.50815245   0.83400732
1039.00  -4.52420272   0.83640436
1040.00  -4.54026783   0.83880595
1041.00  -4.55634780   0.84121208
1042.00  -4.57244261   0.84362276
1043.00  -4.58855227   0.84603800
1044.00  -4.60467678   0.84845780
1045.00  -4.62081612   0.85088216
1046.00  -4.63697031   0.85331109
1047.00  -4.65313934   0.85574459
1048.00  -4.66932321   0.85818267
1049.00  -4.68552191   0.86062533
1050.00  -4.70173545   0.86307257
1051.00  -4.71796382   0.86552440
1052.00  -4.73420702   0.86798082
1053.00  -4.75046505   0.87044184
1054.00  -4.76673790   0.87290747
1055.00  -4.78302559   0.87537769
1056.00  -4.79932809   0.87785252
1057.00  -4.81564542   0.88033197
1058.00  -4.83197757   0.88281604
1059.00  -4.84832454   0.88530472
1060.00  -4.86468632   0.88779803
1061.00  -4.88106292   0.89029597
1062.00  -4.89745434   0.89279854
1063.00  -4.91386056   0.89530575
1064.00  -4.93028160   0.89781760
1065.00  -4.94671744   0.90033410
1066.00  -4.96316809   0.90285524
1067.00  -4.97963355   0.90538104
1068.00  -4.99611381   0.90791150
1069.00  -5.01260887   0.91044662
1070.00  -5.02911873   0.91298640
1071.00  -5.04564338   0.91553086
1072.00  -5.06218284   0.91807998
1073.00  -5.07873708   0.92063379
1074.00  -5.09530612   0.92319228
1075.00  -5.11188995   0.92575545
1076.00  -5.12848857   0.92832331
1077.00  -5.14510198   0.93089587
1078.00  -5.16173018   0.93347313
1079.00  -5.17837315   0.93605509
1080.00  -5.19503091   0.93864175
1081.00  -5.21170345   0.94123313
1082.00  -5.22839077   0.94382922
1083.00  -5.24509286   0.94643003
1084.00  -5.26180973   0.94903556
1085.00  -5.27854137   0.95164581
1086.00  -5.29528778   0.95426080
1087.00  -5.31204897   0.95688053
1088.00  -5.32882492   0.95950499
1089.00  -5.34561563   0.96213419
1090.00  -5.36242111   0.96476814
1091.00  -5.37924136   0.96740684
1092.00  -5.39607636   0.97005030
1093.00  -5.41292612   0.97269852
1094.00  -5.42979064   0.97535150
1095.00  -5.44666992   0.97800924
1096.00  -5.46356395   0.98067176
1097.00  -5.48047273   0.98333905
1098.00  -5.49739626   0.98601112
1099.00  -5.51433454   0.98868798
1100.00  -5.53128756   0.99136962
1101.00  -5.54825533   0.99405605
1102.00  -5.56523784   0.99674728
1103.00  -5.58223510   0.99944331
1104.00  -5.59924709   1.00214414
1105.00  -5.61627382   1.00484978
1106.00  -5.63331528   1.00756023
1107.00  -5.65037148   1.01027550
1108.00  -5.66744241   1.01299558
1109.00  -5.68452807   1.01572049
1110.00  -5.70162846   1.01845023
1111.00  -5.71874358   1.02118480
1112.00  -5.73587342   1.02392420
1113.00  -5.75301798   1.02666844
1114.00  -5.77017727   1.02941753
1115.00  -5.78735127   1.03217147
1116.00  -5.80453999   1.03493025
1117.00  -5.82174343   1.03769390
1118.00  -5.83896158   1.04046240
1119.00  -5.85619444   1.04323577
1120.00  -5.87344201   1.04601400
1121.00  -5.89070429   1.04879711
1122.00  -5.90798128   1.05158509
1123.00  -5.92527297   1.05437795
1124.00  -5.94257937   1.05717570
1125.00  -5.95990046   1.05997833
1126.00  -5.97723626   1.06278586
1127.00  -5.99458675   1.06559828
1128.00  -6.01195194   1.06841560
1129.00  -6.02933182   1.07123783
1130.00  -6.04672639   1.07406496
1131.00  -6.06413565   1.07689701
1132.00  -6.08155960   1.07973397
1133.00  -6.09899824   1.08257585
1134.00  -6.11645156   1.08542266
1135.00  -6.13391957   1.08827439
1136.00  -6.15140225   1.09113106
1137.00  -6.16889961   1.09399266
1138.00  -6.18641166   1.09685921
1139.00  -6.20393837   1.09973069
1140.00  -6.22147976   1.10260713
1141.00  -6.23903582   1.10548852
1142.00  -6.25660655   1.10837486
1143.00  -6.27419195   1.11126616
1144.00  -6.29179201   1.11416243
1145.00  -6.30940674   1.11706367
1146.00  -6.32703613   1.11996988
1147.00  -6.34468018   1.12288106
1148.00  -6.36233889   1.12579723
1149.00  -6.38001226   1.12871837
1150.00  -6.39770028   1.13164451
1151.00  -6.41540295   1.13457564
1152.00  -6.43312027   1.13751177
1153.00  -6.45085225   1.14045289
1154.00  -6.46859887   1.14339902
1155.00  -6.48636013   1.14635016
1156.00  -6.50413604   1.14930631
1157.00  -6.52192659   1.15226747
1158.00  -6.53973178   1.15523366
1159.00  -6.55755161   1.15820487
1160.00  -6.57538607   1.16118111
1161.00  -6.59323517   1.16416238
1162.00  -6.61109890   1.16714868
1163.00  -6.62897726   1.17014003
1164.00  -6.64687025   1.17313642
1165.00  -6.66477787   1.17613786
1166.00  -6.68270011   1.17914435
1167.00  -6.70063697   1.18215589
1168.00  -6.71858845   1.18517250
1169.00  -6.73655456   1.18819417
1170.00  -6.75453528   1.19122091
1171.00  -6.77253061   1.19425272
1172.00  -6.79054056   1.19728960
1173.00  -6.80856512   1.20033157
1174.00  -6.82660429   1.20337862
1175.00  -6.84465806   1.20643075
1176.00  -6.86272645   1.20948798
1177.00  -6.88080943   1.21255031
1178.00  -6.89890702   1.21561773
1179.00  -6.91701921   1.21869026
1180.00  -6.93514599   1.22176789
1181.00  -6.95328737   1.22485064
1182.00  -6.97144335   1.22793850
1183.00  -6.98961392   1.23103149
1184.00  -7.00779908   1.23412959
1185.00  -7.02599882   1.23723282
1186.00  -7.04421316   1.24034119
1187.00  -7.06244207   1.24345469
1188.00  -7.08068558   1.24657333
1189.00  -7.09894366   1.24969711
1190.00  -7.11721632   1.25282604
1191.00  -7.13550355   1.25596012
1192.00  -7.15380537   1.25909936
1193.00  -7.17212175   1.26224375
1194.00  -7.19045271   1.26539331
1195.00  -7.20879823   1.26854804
1196.00  -7.22715832   1.27170793
1197.00  -7.24553298   1.27487301
1198.00  -7.26392220   1.27804326
1199.00  -7.28232599   1.28121869
1200.00  -7.30074433   1.28439931
1201.00  -7.31917723   1.28758512
1202.00  -7.33762468   1.29077613
1203.00  -7.35608669   1.29397233
1204.00  -7.37456325   1.29717374
1205.00  -7.39305436   1.30038035
1206.00  -7.41156002   1.30359218
1207.00  -7.43008022   1.30680922
1208.00  -7.44861497   1.31003147
1209.00  -7.46716426   1.31325895
1210.00  -7.48572809   1.31649166
1211.00  -7.50430646   1.31972960
1212.00  -7.52289936   1.32297277
1213.00  -7.54150680   1.32622118
1214.00  -7.56012877   1.32947483
1215.00  -7.57876527   1.33273372
1216.00  -7.59741630   1.33599787
1217.00  -7.61608186   1.33926727
1218.00  -7.63476194   1.34254193
1219.00  -7.65345654   1.34582185
1220.00  -7.67216566   1.34910703
1221.00  -7.69088930   1.35239749
1222.00  -7.70962746   1.35569322
1223.00  -7.72838013   1.35899423
1224.00  -7.74714732   1.36230051
1225.00  -7.76592901   1.36561209
1226.00  -7.78472521   1.36892895
1227.00  -7.80353592   1.37225110
1228.00  -7.82236114   1.37557856
1229.00  -7.84120086   1.37891131
1230.00  -7.86005507   1.38224937
1231.00  -7.87892379   1.38559274
1232.00  -7.89780700   1.38894142
1233.00  -7.91670471   1.39229542
1234.00  -7.93561691   1.39565473
1235.00  -7.95454360   1.39901938
1236.00  -7.97348478   1.40238935
1237.00  -7.99244045   1.40576465
1238.00  -8.01141060   1.40914529
1239.00  -8.03039524   1.41253127
1240.00  -8.04939435   1.41592260
1241.00  -8.06840795   1.41931927
1242.00  -8.08743602   1.42272129
1243.00  -8.10647856   1.42612868
1244.00  -8.12553558   1.42954142
1245.00  -8.14460707   1.43295952
1246.00  -8.16369303   1.43638299
1247.00  -8.18279346   1.43981183
1248.00  -8.20190834   1.44324605
1249.00  -8.22103770   1.44668565
1250.00  -8.24018151   1.45013063
1251.00  -8.25933978   1.45358100
1252.00  -8.27851251   1.45703676
1253.00  -8.29769969   1.46049792
1254.00  -8.31690133   1.46396447
1255.00  -8.33611742   1.46743643
1256.00  -8.35534795   1.47091379
1257.00  -8.37459293   1.47439656
1258.00  -8.39385236   1.47788475
1259.00  -8.41312623   1.48137836
1260.00  -8.43241454   1.48487739
1261.00  -8.45171729   1.48838184
1262.00  -8.47103447   1.49189173
1263.00  -8.49036609   1.49540705
1264.00  -8.50971215   1.49892780
1265.00  -8.52907263   1.50245400
1266.00  -8.54844754   1.50598565
1267.00  -8.56783688   1.50952274
1268.00  -8.58724064   1.51306529
1269.00  -8.60665882   1.51661329
1270.00  -8.62609143   1.52016676
1271.00  -8.64553845   1.52372569
1272.00  -8.66499989   1.52729009
1273.00  -8.68447574   1.53085996
1274.00  -8.70396600   1.53443531
1275.00  -8.72347068   1.53801614
1276.00  -8.74298976   1.54160246
1277.00  -8.76252325   1.54519426
1278.00  -8.78207114   1.54879156
1279.00  -8.80163344   1.55239435
1280.00  -8.82121013   1.55600264
1281.00  -8.84080123   1.55961644
1282.00  -8.86040672   1.56323574
1283.00  -8.88002660   1.56686056
1284.00  -8.89966087   1.57049089
1285.00  -8.91930953   1.57412674
1286.00  -8.93897259   1.57776811
1287.00  -8.95865002   1.58141501
1288.00  -8.97834184   1.58506744
1289.00  -8.99804804   1.58872541
1290.00  -9.01776862   1.59238891
1291.00  -9.03750358   1.59605796
1292.00  -9.05725291   1.59973256
1293.00  -9.07701662   1.60341270
1294.00  -9.09679469   1.60709840
1295.00  -9.11658714   1.61078966
1296.00  -9.13639395   1.61448648
1297.00  -9.15621513   1.61818886
1298.00  -9.17605067   1.62189682
1299.00  -9.19590057   1.62561034
1300.00  -9.21576483   1.62932945
1301.00  -9.23564345   1.63305414
1302.00  -9.25553642   1.63678441
1303.00  -9.27544374   1.64052027
1304.00  -9.29536541   1.64426172
1305.00  -9.31530143   1.64800877
1306.00  -9.33525180   1.65176142
1307.00  -9.35521651   1.65551968
1308.00  -9.37519556   1.65928354
1309.00  -9.39518896   1.66305302
1310.00  -9.41519669   1.66682811
1311.00  -9.43521875   1.67060882
1312.00  -9.45525515   1.67439515
1313.00  -9.47530588   1.67818712
1314.00  -9.49537094   1.68198471
1315.00  -9.51545033   1.68578794
1316.00  -9.53554404   1.68959681
1317.00  -9.55565208   1.69341132
1318.00  -9.57577443   1.69723147
1319.00  -9.59591111   1.70105728
1320.00  -9.61606210   1.70488874
1321.00  -9.63622741   1.70872586
1322.00  -9.65640703   1.71256865
1323.00  -9.67660096   1.71641710
1324.00  -9.69680920   1.72027121
1325.00  -9.71703174   1.72413101
1326.00  -9.73726859   1.72799647
1327.00  -9.75751974   1.73186762
1328.00  -9.77778519   1.73574446
1329.00  -9.79806494   1.73962698
1330.00  -9.81835898   1.74351520
1331.00  -9.83866732   1.74740911
1332.00  -9.85898995   1.75130873
1333.00  -9.87932686   1.75521405
1334.00  -9.89967807   1.75912507
1335.00  -9.92004356   1.76304181
1336.00  -9.94042333   1.76696426
1337.00  -9.96081739   1.77089244
1338.00  -9.98122572   1.77482633
1339.00 -10.00164833   1.77876596
1340.00 -10.02208521   1.78271131
1341.00 -10.04253636   1.78666240
1342.00 -10.06300179   1.79061923
1343.00 -10.08348148   1.79458180
1344.00 -10.10397544   1.79855011
1345.00 -10.12448367   1.80252418
1346.00 -10.14500615   1.80650400
1347.00 -10.16554289   1.81048958
1348.00 -10.18609389   1.81448092
1349.00 -10.20665915   1.81847802
1350.00 -10.22723866   1.82248090
1351.00 -10.24783242   1.82648954
1352.00 -10.26844043   1.83050397
1353.00 -10.28906268   1.83452417
1354.00 -10.30969918   1.83855016
1355.00 -10.33034993   1.84258193
1356.00 -10.35101491   1.84661950
1357.00 -10.37169413   1.85066287
1358.00 -10.39238758   1.85471203
1359.00 -10.41309527   1.85876700
1360.00 -10.43381719   1.86282777
1361.00 -10.45455334   1.86689436
1362.00 -10.47530372   1.87096676
1363.00 -10.49606832   1.87504497
1364.00 -10.51684715   1.87912901
1365.00 -10.53764020   1.88321888
1366.00 -10.55844746   1.88731458
1367.00 -10.57926894   1.89141611
1368.00 -10.60010464   1.89552348
1369.00 -10.62095454   1.89963668
1370.00 -10.64181866   1.90375574
1371.00 -10.66269698   1.90788064
1372.00 -10.68358951   1.91201140
1373.00 -10.70449625   1.91614801
1374.00 -10.72541718   1.92029048
1375.00 -10.74635231   1.92443882
1376.00 -10.76730164   1.92859302
1377.00 -10.78826517   1.93275310
1378.00 -10.80924289   1.93691905
1379.00 -10.83023479   1.94109088
1380.00 -10.85124089   1.94526859
1381.00 -10.87226117   1.94945219
1382.00 -10.89329563   1.95364169
1383.00 -10.91434428   1.95783707
1384.00 -10.93540711   1.96203835
1385.00 -10.95648411   1.96624554
1386.00 -10.97757529   1.97045863
1387.00 -10.99868064   1.97467763
1388.00 -11.01980016   1.97890254
1389.00 -11.04093385   1.98313337
1390.00 -11.06208170   1.98737012
1391.00 -11.08324372   1.99161280
1392.00 -11.10441990   1.99586140
1393.00 -11.12561024   2.00011593
1394.00 -11.14681474   2.00437640
1395.00 -11.16803339   2.00864281
1396.00 -11.18926620   2.01291517
1397.00 -11.21051316   2.01719347
1398.00 -11.23177426   2.02147772
1399.00 -11.25304951   2.02576793
1400.00 -11.27433891   2.03006409
1401.00 -11.29564245   2.03436622
1402.00 -11.31696012   2.03867431
1403.00 -11.33829194   2.04298837
1404.00 -11.35963789   2.04730841
1405.00 -11.38099797   2.05163442
1406.00 -11.40237218   2.05596641
1407.00 -11.42376053   2.06030439
1408.00 -11.44516299   2.06464835
1409.00 -11.46657959   2.06899831
1410.00 -11.48801030   2.07335427
1411.00 -11.50945514   2.07771622
1412.00 -11.53091409   2.08208418
1413.00 -11.55238715   2.08645814
1414.00 -11.57387434   2.09083812
1415.00 -11.59537563   2.09522411
1416.00 -11.61689103   2.09961611
1417.00 -11.63842053   2.10401414
1418.00 -11.65996414   2.10841820
1419.00 -11.68152185   2.11282829
1420.00 -11.70309366   2.11724440
1421.00 -11.72467957   2.12166656
1422.00 -11.74627958   2.12609476
1423.00 -11.76789367   2.13052900
1424.00 -11.78952186   2.13496929
1425.00 -11.81116414   2.13941563
1426.00 -11.83282050   2.14386803
1427.00 -11.85449094   2.14832648
1428.00 -11.87617547   2.15279100
1429.00 -11.89787408   2.15726159
1430.00 -11.91958676   2.16173824
1431.00 -11.94131352   2.16622098
1432.00 -11.96305435   2.17070979
1433.00 -11.98480926   2.17520468
1434.00 -12.00657823   2.17970565
1435.00 -12.02836126   2.18421272
1436.00 -12.05015836   2.18872588
1437.00 -12.07196952   2.19324514
1438.00 -12.09379475   2.19777049
1439.00 -12.11563402   2.20230195
1440.00 -12.13748736   2.20683952
1441.00 -12.15935474   2.21138320
1442.00 -12.18123617   2.21593300
1443.00 -12.20313166   2.22048891
1444.00 -12.22504118   2.22505095
1445.00 -12.24696476   2.22961911
1446.00 -12.26890237   2.23419340
1447.00 -12.29085402   2.23877383
1448.00 -12.31281971   2.24336040
1449.00 -12.33479943   2.24795310
1450.00 -12.35679318   2.25255196
1451.00 -12.37880097   2.25715696
1452.00 -12.40082278   2.26176811
1453.00 -12.42285861   2.26638542
1454.00 -12.44490847   2.27100888
1455.00 -12.46697235   2.27563852
1456.00 -12.48905025   2.28027432
1457.00 -12.51114216   2.28491629
1458.00 -12.53324809   2.28956443
1459.00 -12.55536803   2.29421875
1460.00 -12.57750198   2.29887926
1461.00 -12.59964993   2.30354595
1462.00 -12.62181189   2.30821883
1463.00 -12.64398785   2.31289790
1464.00 -12.66617781   2.31758317
1465.00 -12.68838177   2.32227464
1466.00 -12.71059973   2.32697232
1467.00 -12.73283168   2.33167620
1468.00 -12.75507761   2.33638630
1469.00 -12.77733754   2.34110261
1470.00 -12.79961145   2.34582513
1471.00 -12.82189935   2.35055389
1472.00 -12.84420123   2.35528886
1473.00 -12.86651709   2.36003007
1474.00 -12.88884692   2.36477751
1475.00 -12.91119073   2.36953119
1476.00 -12.93354851   2.37429111
1477.00 -12.95592027   2.37905727
1478.00 -12.97830599   2.38382969
1479.00 -13.00070567   2.38860835
1480.00 -13.02311932   2.39339327
1481.00 -13.04554693   2.39818445
1482.00 -13.06798850   2.40298189
1483.00 -13.09044402   2.40778560
1484.00 -13.11291350   2.41259558
1485.00 -13.13539693   2.41741184
1486.00 -13.15789430   2.42223437
1487.00 -13.18040563   2.42706318
1488.00 -13.20293090   2.43189828
1489.00 -13.22547011   2.43673967
1490.00 -13.24802326   2.44158735
1491.00 -13.27059035   2.44644133
1492.00 -13.29317138   2.45130160
1493.00 -13.31576634   2.45616818
1494.00 -13.33837522   2.46104107
1495.00 -13.36099804   2.46592027
1496.00 -13.38363478   2.47080578
1497.00 -13.40628545   2.47569761
1498.00 -13.42895004   2.48059576
1499.00 -13.45162854   2.48550024
1500.00 -13.47432097   2.49041104
1501.00 -13.49702731   2.49532818
1502.00 -13.51974756   2.50025166
1503.00 -13.54248171   2.50518147
1504.00 -13.56522978   2.51011763
1505.00 -13.58799175   2.51506014
1506.00 -13.61076763   2.52000899
1507.00 -13.63355740   2.52496420
1508.00 -13.65636107   2.52992577
1509.00 -13.67917864   2.53489371
1510.00 -13.70201010   2.53986800
1511.00 -13.72485545   2.54484867
1512.00 -13.74771469   2.54983571
1513.00 -13.77058782   2.55482913
1514.00 -13.79347483   2.55982892
1515.00 -13.81637572   2.56483510
1516.00 -13.83929049   2.56984767
1517.00 -13.86221913   2.57486663
1518.00 -13.88516166   2.57989198
1519.00 -13.90811805   2.58492373
1520.00 -13.93108831   2.58996188
1521.00 -13.95407244   2.59500644
1522.00 -13.97707044   2.60005741
1523.00 -14.00008229   2.60511479
1524.00 -14.02310801   2.61017859
1525.00 -14.04614759   2.61524881
1526.00 -14.06920102   2.62032545
1527.00 -14.09226830   2.62540852
1528.00 -14.11534944   2.63049802
1529.00 -14.13844442   2.63559395
1530.00 -14.16155325   2.64069632
1531.00 -14.18467592   2.64580514
1532.00 -14.20781243   2.65092039
1533.00 -14.23096279   2.65604210
1534.00 -14.25412697   2.66117026
1535.00 -14.27730500   2.66630488
1536.00 -14.30049685   2.67144596
1537.00 -14.32370254   2.67659350
1538.00 -14.34692205   2.68174751
1539.00 -14.37015538   2.68690799
1540.00 -14.39340254   2.69207494
1541.00 -14.41666351   2.69724837
1542.00 -14.43993831   2.70242829
1543.00 -14.46322692   2.70761468
1544.00 -14.48652934   2.71280757
1545.00 -14.50984557   2.71800695
1546.00 -14.53317561   2.72321283
1547.00 -14.55651946   2.72842520
1548.00 -14.57987710   2.73364408
1549.00 -14.60324855   2.73886947
1550.00 -14.62663380   2.74410136
1551.00 -14.65003284   2.74933977
1552.00 -14.67344568   2.75458470
1553.00 -14.69687230   2.75983615
1554.00 -14.72031272   2.76509412
1555.00 -14.74376692   2.77035862
1556.00 -14.76723491   2.77562966
1557.00 -14.79071667   2.78090723
1558.00 -14.81421222   2.78619133
1559.00 -14.83772154   2.79148199
1560.00 -14.86124464   2.79677918
1561.00 -14.88478151   2.80208293
1562.00 -14.90833214   2.80739323
1563.00 -14.93189655   2.81271009
1564.00 -14.95547472   2.81803351
1565.00 -14.97906665   2.82336350
1566.00 -15.00267234   2.82870005
1567.00 -15.02629178   2.83404317
1568.00 -15.04992499   2.83939287
1569.00 -15.07357194   2.84474915
1570.00 -15.09723265   2.85011201
1571.00 -15.12090710   2.85548145
1572.00 -15.14459529   2.86085748
1573.00 -15.16829723   2.86624011
1574.00 -15.19201292   2.87162934
1575.00 -15.21574233   2.87702516
1576.00 -15.23948549   2.88242759
1577.00 -15.26324237   2.88783662
1578.00 -15.28701299   2.89325227
1579.00 -15.31079733   2.89867453
1580.00 -15.33459541   2.90410341
1581.00 -15.35840720   2.90953891
1582.00 -15.38223271   2.91498103
1583.00 -15.40607195   2.92042978
1584.00 -15.42992490   2.92588517
1585.00 -15.45379156   2.93134719
1586.00 -15.47767193   2.93681585
1587.00 -15.50156601   2.94229116
1588.00 -15.52547380   2.94777311
1589.00 -15.54939529   2.95326171
1590.00 -15.57333049   2.95875696
1591.00 -15.59727938   2.96425887
1592.00 -15.62124197   2.96976744
1593.00 -15.64521825   2.97528268
1594.00 -15.66920822   2.98080458
1595.00 -15.69321188   2.98633316
1596.00 -15.71722923   2.99186841
1597.00 -15.74126027   2.99741034
1598.00 -15.76530498   3.00295895
1599.00 -15.78936337   3.00851424
1600.00 -15.81343544   3.01407623
1601.00 -15.83752119   3.01964490
1602.00 -15.86162061   3.02522028
1603.00 -15.88573369   3.03080235
1604.00 -15.90986044   3.03639113
1605.00 -15.93400086   3.04198661
1606.00 -15.95815494   3.04758881
1607.00 -15.98232268   3.05319771
1608.00 -16.00650408   3.05881334
1609.00 -16.03069913   3.06443568
1610.00 -16.05490783   3.07006476
1611.00 -16.07913018   3.07570055
1612.00 -16.10336618   3.08134308
1613.00 -16.12761582   3.08699235
1614.00 -16.15187911   3.09264835
1615.00 -16.17615603   3.09831110
1616.00 -16.20044659   3.10398059
1617.00 -16.22475079   3.10965683
1618.00 -16.24906862   3.11533983
1619.00 -16.27340008   3.12102958
1620.00 -16.29774517   3.12672609
1621.00 -16.32210388   3.13242936
1622.00 -16.34647621   3.13813940
1623.00 -16.37086217   3.14385621
1624.00 -16.39526174   3.14957979
1625.00 -16.41967492   3.15531015
1626.00 -16.44410172   3.16104729
1627.00 -16.46854213   3.16679122
1628.00 -16.49299614   3.17254194
1629.00 -16.51746376   3.17829944
1630.00 -16.54194499   3.18406374
1631.00 -16.56643981   3.18983484
1632.00 -16.59094823   3.19561274
1633.00 -16.61547024   3.20139745
1634.00 -16.64000585   3.20718897
1635.00 -16.66455505   3.21298729
1636.00 -16.68911783   3.21879244
1637.00 -16.71369420   3.22460440
1638.00 -16.73828415   3.23042319
1639.00 -16.76288769   3.23624880
1640.00 -16.78750479   3.24208124
1641.00 -16.81213548   3.24792052
1642.00 -16.83677974   3.25376663
1643.00 -16.86143756   3.25961959
1644.00 -16.88610896   3.26547939
1645.00 -16.91079391   3.27134603
1646.00 -16.93549243   3.27721953
1647.00 -16.96020452   3.28309988
1648.00 -16.98493015   3.28898709
1649.00 -17.00966935   3.29488116
1650.00 -17.03442209   3.30078209
1651.00 -17.05918839   3.30668990
1652.00 -17.08396823   3.31260457
1653.00 -17.10876161   3.31852612
1654.00 -17.13356854   3.32445455
1655.00 -17.15838901   3.33038986
1656.00 -17.18322302   3.33633206
1657.00 -17.20807056   3.34228115
1658.00 -17.23293163   3.34823713
1659.00 -17.25780623   3.35420001
1660.00 -17.28269436   3.36016978
1661.00 -17.30759602   3.36614646
1662.00 -17.33251119   3.37213005
1663.00 -17.35743989   3.37812054
1664.00 -17.38238210   3.38411795
1665.00 -17.40733782   3.39012228
1666.00 -17.43230706   3.39613353
1667.00 -17.45728981   3.40215170
1668.00 -17.48228606   3.40817680
1669.00 -17.50729582   3.41420883
1670.00 -17.53231908   3.42024779
1671.00 -17.55735584   3.42629370
1672.00 -17.58240610   3.43234654
1673.00 -17.60746985   3.43840633
1674.00 -17.63254709   3.44447307
1675.00 -17.65763782   3.45054675
1676.00 -17.68274204   3.45662740
1677.00 -17.70785974   3.46271500
1678.00 -17.73299092   3.46880957
1679.00 -17.75813558   3.47491110
1680.00 -17.78329372   3.48101960
1681.00 -17.80846533   3.48713507
1682.00 -17.83365041   3.49325752
1683.00 -17.85884896   3.49938695
1684.00 -17.88406098   3.50552336
1685.00 -17.90928646   3.51166675
1686.00 -17.93452540   3.51781714
1687.00 -17.95977780   3.52397452
1688.00 -17.98504365   3.53013890
1689.00 -18.01032296   3.53631027
1690.00 -18.03561572   3.54248865
1691.00 -18.06092193   3.54867404
1692.00 -18.08624158   3.55486644
1693.00 -18.11157467   3.56106585
1694.00 -18.13692121   3.56727228
1695.00 -18.16228118   3.57348573
1696.00 -18.18765459   3.57970620
1697.00 -18.21304143   3.58593370
1698.00 -18.23844171   3.59216823
1699.00 -18.26385540   3.59840980
1700.00 -18.28928253   3.60465840
1701.00 -18.31472308   3.61091405
1702.00 -18.34017704   3.61717674
1703.00 -18.36564443   3.62344648
1704.00 -18.39112522   3.62972327
1705.00 -18.41661943   3.63600712
1706.00 -18.44212705   3.64229802
1707.00 -18.46764808   3.64859599
1708.00 -18.49318251   3.65490102
1709.00 -18.51873034   3.66121312
1710.00 -18.54429158   3.66753229
1711.00 -18.56986620   3.67385854
1712.00 -18.59545423   3.68019187
1713.00 -18.62105564   3.68653227
1714.00 -18.64667044   3.69287977
1715.00 -18.67229863   3.69923435
1716.00 -18.69794021   3.70559603
1717.00 -18.72359516   3.71196480
1718.00 -18.74926349   3.71834068
1719.00 -18.77494520   3.72472365
1720.00 -18.80064028   3.73111373
1721.00 -18.82634873   3.73751092
1722.00 -18.85207055   3.74391523
1723.00 -18.87780574   3.75032665
1724.00 -18.90355428   3.75674519
1725.00 -18.92931619   3.76317085
1726.00 -18.95509146   3.76960365
1727.00 -18.98088008   3.77604357
1728.00 -19.00668205   3.78249062
1729.00 -19.03249738   3.78894481
1730.00 -19.05832605   3.79540614
1731.00 -19.08416806   3.80187462
1732.00 -19.11002342   3.80835024
1733.00 -19.13589212   3.81483301
1734.00 -19.16177415   3.82132294
1735.00 -19.18766952   3.82782003
1736.00 -19.21357822   3.83432427
1737.00 -19.23950024   3.84083568
1738.00 -19.26543560   3.84735426
1739.00 -19.29138428   3.85388000
1740.00 -19.31734627   3.86041292
1741.00 -19.34332159   3.86695302
1742.00 -19.36931023   3.87350030
1743.00 -19.39531217   3.88005477
1744.00 -19.42132743   3.88661642
1745.00 -19.44735599   3.89318526
1746.00 -19.47339787   3.89976130
1747.00 -19.49945304   3.90634453
1748.00 -19.52552151   3.91293497
1749.00 -19.55160328   3.91953261
1750.00 -19.57769835   3.92613746
1751.00 -19.60380671   3.93274952
1752.00 -19.62992835   3.93936880
1753.00 -19.65606329   3.94599529
1754.00 -19.68221151   3.95262900
1755.00 -19.70837301   3.95926994
1756.00 -19.73454779   3.96591811
1757.00 -19.76073584   3.97257351
1758.00 -19.78693717   3.97923614
1759.00 -19.81315177   3.98590602
1760.00 -19.83937964   3.99258313
1761.00 -19.86562078   3.99926749
1762.00 -19.89187518   4.00595910
1763.00 -19.91814283   4.01265796
1764.00 -19.94442375   4.01936407
1765.00 -19.97071792   4.02607744
1766.00 -19.99702535   4.03279808
1767.00 -20.02334602   4.03952598
1768.00 -20.04967995   4.04626114
1769.00 -20.07602711   4.05300358
1770.00 -20.10238752   4.05975330
1771.00 -20.12876117   4.06651029
1772.00 -20.15514805   4.07327457
1773.00 -20.18154817   4.08004613
1774.00 -20.20796152   4.08682498
1775.00 -20.23438810   4.09361112
1776.00 -20.26082791   4.10040455
1777.00 -20.28728094   4.10720529
1778.00 -20.31374718   4.11401333
1779.00 -20.34022665   4.12082867
1780.00 -20.36671933   4.12765132
1781.00 -20.39322523   4.13448128
1782.00 -20.41974434   4.14131856
1783.00 -20.44627665   4.14816315
1784.00 -20.47282217   4.15501507
1785.00 -20.49938089   4.16187432
1786.00 -20.52595281   4.16874089
1787.00 -20.55253792   4.17561479
1788.00 -20.57913624   4.18249603
1789.00 -20.60574774   4.18938461
1790.00 -20.63237243   4.19628053
1791.00 -20.65901031   4.20318379
1792.00 -20.68566137   4.21009441
1793.00 -20.71232561   4.21701237
1794.00 -20.73900303   4.22393769
1795.00 -20.76569362   4.23087037
1796.00 -20.79239739   4.23781041
1797.00 -20.81911433   4.24475782
1798.00 -20.84584443   4.25171259
1799.00 -20.87258770   4.25867474
1800.00 -20.89934413   4.26564426
1801.00 -20.92611372   4.27262116
1802.00 -20.95289647   4.27960544
1803.00 -20.97969237   4.28659711
1804.00 -21.00650142   4.29359616
1805.00 -21.03332362   4.30060261
1806.00 -21.06015897   4.30761645
1807.00 -21.08700746   4.31463769
1808.00 -21.11386909   4.32166633
1809.00 -21.14074386   4.32870238
1810.00 -21.16763176   4.33574583
1811.00 -21.19453280   4.34279670
1812.00 -21.22144697   4.34985498
1813.00 -21.24837426   4.35692067
1814.00 -21.27531468   4.36399379
1815.00 -21.30226821   4.37107434
1816.00 -21.32923487   4.37816231
1817.00 -21.35621465   4.38525771
1818.00 -21.38320753   4.39236055
1819.00 -21.41021353   4.39947082
1820.00 -21.43723264   4.40658854
1821.00 -21.46426485   4.41371370
1822.00 -21.49131016   4.42084631
1823.00 -21.51836858   4.42798637
1824.00 -21.54544009   4.43513388
1825.00 -21.57252470   4.44228885
1826.00 -21.59962240   4.44945129
1827.00 -21.62673318   4.45662118
1828.00 -21.65385706   4.46379855
1829.00 -21.68099401   4.47098338
1830.00 -21.70814405   4.47817569
1831.00 -21.73530717   4.48537547
1832.00 -21.76248336   4.49258274
1833.00 -21.78967263   4.49979749
1834.00 -21.81687496   4.50701972
1835.00 -21.84409037   4.51424945
1836.00 -21.87131883   4.52148667
1837.00 -21.89856036   4.52873138
1838.00 -21.92581495   4.53598360
1839.00 -21.95308260   4.54324332
1840.00 -21.98036330   4.55051055
1841.00 -22.00765705   4.55778528
1842.00 -22.03496384   4.56506753
1843.00 -22.06228369   4.57235730
1844.00 -22.08961658   4.57965458
1845.00 -22.11696250   4.58695939
1846.00 -22.14432147   4.59427173
1847.00 -22.17169347   4.60159159
1848.00 -22.19907850   4.60891899
1849.00 -22.22647656   4.61625392
1850.00 -22.25388765   4.62359639
1851.00 -22.28131176   4.63094640
1852.00 -22.30874889   4.63830396
1853.00 -22.33619904   4.64566907
1854.00 -22.36366221   4.65304173
1855.00 -22.39113839   4.66042195
1856.00 -22.41862757   4.66780972
1857.00 -22.44612977   4.67520506
1858.00 -22.47364497   4.68260796
1859.00 -22.50117317   4.69001843
1860.00 -22.52871437   4.69743647
1861.00 -22.55626857   4.70486209
1862.00 -22.58383576   4.71229528
1863.00 -22.61141595   4.71973606
1864.00 -22.63900912   4.72718442
1865.00 -22.66661527   4.73464037
1866.00 -22.69423441   4.74210391
1867.00 -22.72186653   4.74957504
1868.00 -22.74951163   4.75705377
1869.00 -22.77716970   4.76454010
1870.00 -22.80484074   4.77203404
1871.00 -22.83252475   4.77953558
1872.00 -22.86022172   4.78704473
1873.00 -22.88793166   4.79456150
1874.00 -22.91565456   4.80208588
1875.00 -22.94339042   4.80961788
1876.00 -22.97113923   4.81715751
1877.00 -22.99890100   4.82470476
1878.00 -23.02667571   4.83225965
1879.00 -23.05446338   4.83982216
1880.00 -23.08226398   4.84739231
1881.00 -23.11007753   4.85497011
1882.00 -23.13790401   4.86255554
1883.00 -23.16574343   4.87014862
1884.00 -23.19359579   4.87774935
1885.00 -23.22146107   4.88535773
1886.00 -23.24933928   4.89297376
1887.00 -23.27723042   4.90059746
1888.00 -23.30513448   4.90822882
1889.00 -23.33305145   4.91586784
1890.00 -23.36098135   4.92351453
1891.00 -23.38892415   4.93116889
1892.00 -23.41687987   4.93883092
1893.00 -23.44484849   4.94650064
1894.00 -23.47283002   4.95417803
1895.00 -23.50082446   4.96186311
1896.00 -23.52883179   4.96955588
1897.00 -23.55685202   4.97725633
1898.00 -23.58488514   4.98496448
1899.00 -23.61293116   4.99268033
1900.00 -23.64099006   5.00040388
1901.00 -23.66906185   5.00813513
1902.00 -23.69714652   5.01587409
1903.00 -23.72524407   5.02362075
1904.00 -23.75335450   5.03137513
1905.00 -23.78147780   5.03913723
1906.00 -23.80961398   5.04690704
1907.00 -23.83776302   5.05468458
1908.00 -23.86592493   5.06246984
1909.00 -23.89409970   5.07026284
1910.00 -23.92228734   5.07806356
1911.00 -23.95048783   5.08587202
1912.00 -23.97870117   5.09368822
1913.00 -24.00692737   5.10151216
1914.00 -24.03516642   5.10934384
1915.00 -24.06341832   5.11718327
1916.00 -24.09168305   5.12503046
1917.00 -24.11996063   5.13288539
1918.00 -24.14825105   5.14074809
1919.00 -24.17655430   5.14861854
1920.00 -24.20487039   5.15649676
1921.00 -24.23319930   5.16438275
1922.00 -24.26154105   5.17227650
1923.00 -24.28989561   5.18017803
1924.00 -24.31826300   5.18808734
1925.00 -24.34664320   5.19600442
1926.00 -24.37503623   5.20392929
1927.00 -24.40344206   5.21186194
1928.00 -24.43186070   5.21980238
1929.00 -24.46029216   5.22775062
1930.00 -24.48873641   5.23570665
1931.00 -24.51719347   5.24367047
1932.00 -24.54566333   5.25164210
1933.00 -24.57414598   5.25962154
1934.00 -24.60264142   5.26760878
1935.00 -24.63114966   5.27560383
1936.00 -24.65967068   5.28360670
1937.00 -24.68820449   5.29161738
1938.00 -24.71675108   5.29963589
1939.00 -24.74531045   5.30766222
1940.00 -24.77388260   5.31569637
1941.00 -24.80246751   5.32373836
1942.00 -24.83106520   5.33178818
1943.00 -24.85967566   5.33984583
1944.00 -24.88829888   5.34791132
1945.00 -24.91693487   5.35598466
1946.00 -24.94558361   5.36406584
1947.00 -24.97424511   5.37215487
1948.00 -25.00291936   5.38025175
1949.00 -25.03160637   5.38835649
1950.00 -25.06030612   5.39646908
1951.00 -25.08901861   5.40458954
1952.00 -25.11774385   5.41271786
1953.00 -25.14648183   5.42085405
1954.00 -25.17523255   5.42899811
1955.00 -25.20399600   5.43715004
1956.00 -25.23277218   5.44530985
1957.00 -25.26156108   5.45347754
1958.00 -25.29036272   5.46165311
1959.00 -25.31917707   5.46983657
1960.00 -25.34800415   5.47802791
1961.00 -25.37684394   5.48622715
1962.00 -25.40569644   5.49443429
1963.00 -25.43456166   5.50264932
1964.00 -25.46343958   5.51087226
1965.00 -25.49233021   5.51910310
1966.00 -25.52123355   5.52734184
1967.00 -25.55014958   5.53558850
1968.00 -25.57907831   5.54384308
1969.00 -25.60801973   5.55210557
1970.00 -25.63697384   5.56037598
1971.00 -25.66594064   5.56865431
1972.00 -25.69492013   5.57694057
1973.00 -25.72391230   5.58523476
1974.00 -25.75291715   5.59353689
1975.00 -25.78193468   5.60184694
1976.00 -25.81096487   5.61016494
1977.00 -25.84000775   5.61849088
1978.00 -25.86906328   5.62682477
1979.00 -25.89813149   5.63516660
1980.00 -25.92721235   5.64351638
1981.00 -25.95630588   5.65187412
1982.00 -25.98541206   5.66023982
1983.00 -26.01453090   5.66861348
1984.00 -26.04366239   5.67699510
1985.00 -26.07280652   5.68538468
1986.00 -26.10196330   5.69378224
1987.00 -26.13113273   5.70218777
1988.00 -26.16031479   5.71060128
1989.00 -26.18950949   5.71902276
1990.00 -26.21871682   5.72745223
1991.00 -26.24793679   5.73588968
1992.00 -26.27716938   5.74433512
1993.00 -26.30641460   5.75278855
1994.00 -26.33567244   5.76124998
1995.00 -26.36494289   5.76971940
1996.00 -26.39422597   5.77819683
1997.00 -26.42352166   5.78668225
1998.00 -26.45282996   5.79517569
1999.00 -26.48215087   5.80367713
2000.00 -26.51148438   5.81218659
