wavelength(nm)         real         imag
100.00   3.85178318   0.00046076
102.00   3.84983540   0.00048896
104.00   3.84784907   0.00051828
106.00   3.84582419   0.00054876
108.00   3.84376075   0.00058041
110.00   3.84165876   0.00061325
112.00   3.83951822   0.00064731
114.00   3.83733913   0.00068261
116.00   3.83512149   0.00071917
118.00   3.83286530   0.00075701
120.00   3.83057056   0.00079615
122.00   3.82823728   0.00083662
124.00   3.82586545   0.00087844
126.00   3.82345508   0.00092163
128.00   3.82100616   0.00096622
130.00   3.81851870   0.00101222
132.00   3.81599270   0.00105965
134.00   3.81342816   0.00110855
136.00   3.81082508   0.00115892
138.00   3.80818346   0.00121080
140.00   3.80550331   0.00126420
142.00   3.80278462   0.00131915
144.00   3.80002739   0.00137567
146.00   3.79723164   0.00143379
148.00   3.79439735   0.00149351
150.00   3.79152453   0.00155487
152.00   3.78861318   0.00161789
154.00   3.78566330   0.00168259
156.00   3.78267489   0.00174899
158.00   3.77964796   0.00181712
160.00   3.77658251   0.00188699
162.00   3.77347853   0.00195862
164.00   3.77033603   0.00203205
166.00   3.76715501   0.00210729
168.00   3.76393548   0.00218437
170.00   3.76067742   0.00226330
172.00   3.75738085   0.00234411
174.00   3.75404576   0.00242682
176.00   3.75067217   0.00251145
178.00   3.74726005   0.00259803
180.00   3.74380943   0.00268658
182.00   3.74032031   0.00277711
184.00   3.73679267   0.00286965
186.00   3.73322653   0.00296423
188.00   3.72962188   0.00306086
190.00   3.72597874   0.00315957
192.00   3.72229709   0.00326038
194.00   3.71857694   0.00336330
196.00   3.71481829   0.00346838
198.00   3.71102115   0.00357561
200.00   3.70718552   0.00368503
202.00   3.70331139   0.00379667
204.00   3.69939877   0.00391053
206.00   3.69544767   0.00402665
208.00   3.69145807   0.00414504
210.00   3.68742999   0.00426573
212.00   3.68336343   0.00438874
214.00   3.67925838   0.00451409
216.00   3.67511485   0.00464180
218.00   3.67093285   0.00477190
220.00   3.66671237   0.00490441
222.00   3.66245341   0.00503934
224.00   3.65815598   0.00517673
226.00   3.65382008   0.00531659
228.00   3.64944571   0.00545894
230.00   3.64503287   0.00560382
232.00   3.64058157   0.00575123
234.00   3.63609180   0.00590120
236.00   3.63156358   0.00605376
238.00   3.62699689   0.00620893
240.00   3.62239175   0.00636672
242.00   3.61774815   0.00652716
244.00   3.61306609   0.00669027
246.00   3.60834559   0.00685608
248.00   3.60358664   0.00702460
250.00   3.59878924   0.00719586
252.00   3.59395339   0.00736987
254.00   3.58907910   0.00754667
256.00   3.58416637   0.00772628
258.00   3.57921521   0.00790871
260.00   3.57422560   0.00809398
262.00   3.56919756   0.00828213
264.00   3.56413109   0.00847316
266.00   3.55902619   0.00866712
268.00   3.55388286   0.00886400
270.00   3.54870111   0.00906385
272.00   3.54348093   0.00926667
274.00   3.53822233   0.00947249
276.00   3.53292532   0.00968134
278.00   3.52758989   0.00989323
280.00   3.52221604   0.01010819
282.00   3.51680378   0.01032624
284.00   3.51135311   0.01054740
286.00   3.50586404   0.01077169
288.00   3.50033656   0.01099914
290.00   3.49477068   0.01122977
292.00   3.48916640   0.01146359
294.00   3.48352372   0.01170064
296.00   3.47784265   0.01194093
298.00   3.47212319   0.01218448
300.00   3.46636533   0.01243132
302.00   3.46056909   0.01268147
304.00   3.45473447   0.01293495
306.00   3.44886146   0.01319178
308.00   3.44295007   0.01345198
310.00   3.43700031   0.01371558
312.00   3.43101217   0.01398261
314.00   3.42498566   0.01425307
316.00   3.41892078   0.01452699
318.00   3.41281753   0.01480440
320.00   3.40667593   0.01508531
322.00   3.40049595   0.01536975
324.00   3.39427763   0.01565774
326.00   3.38802094   0.01594930
328.00   3.38172591   0.01624446
330.00   3.37539252   0.01654323
332.00   3.36902078   0.01684564
334.00   3.36261070   0.01715171
336.00   3.35616228   0.01746146
338.00   3.34967552   0.01777491
340.00   3.34315043   0.01809209
342.00   3.33658700   0.01841301
344.00   3.32998524   0.01873771
346.00   3.32334515   0.01906619
348.00   3.31666674   0.01939849
350.00   3.30995000   0.01973462
352.00   3.30319495   0.02007461
354.00   3.29640158   0.02041847
356.00   3.28956990   0.02076624
358.00   3.28269991   0.02111793
360.00   3.27579161   0.02147356
362.00   3.26884501   0.02183316
364.00   3.26186011   0.02219674
366.00   3.25483691   0.02256433
368.00   3.24777541   0.02293596
370.00   3.24067563   0.02331164
372.00   3.23353755   0.02369139
374.00   3.22636119   0.02407524
376.00   3.21914655   0.02446321
378.00   3.21189362   0.02485532
380.00   3.20460243   0.02525159
382.00   3.19727295   0.02565204
384.00   3.18990521   0.02605670
386.00   3.18249921   0.02646559
388.00   3.17505494   0.02687873
390.00   3.16757241   0.02729614
392.00   3.16005162   0.02771784
394.00   3.15249258   0.02814386
396.00   3.14489529   0.02857421
398.00   3.13725975   0.02900893
400.00   3.12958597   0.02944802
402.00   3.12187395   0.02989152
404.00   3.11412370   0.03033944
406.00   3.10633521   0.03079180
408.00   3.09850849   0.03124863
410.00   3.09064354   0.03170996
412.00   3.08274037   0.03217579
414.00   3.07479898   0.03264615
416.00   3.06681938   0.03312108
418.00   3.05880156   0.03360057
420.00   3.05074553   0.03408467
422.00   3.04265130   0.03457338
424.00   3.03451887   0.03506674
426.00   3.02634823   0.03556476
428.00   3.01813940   0.03606747
430.00   3.00989238   0.03657488
432.00   3.00160718   0.03708702
434.00   2.99328379   0.03760391
436.00   2.98492221   0.03812558
438.00   2.97652246   0.03865204
440.00   2.96808454   0.03918331
442.00   2.95960845   0.03971942
444.00   2.95109419   0.04026039
446.00   2.94254177   0.04080624
448.00   2.93395119   0.04135700
450.00   2.92532246   0.04191268
452.00   2.91665558   0.04247330
454.00   2.90795054   0.04303889
456.00   2.89920737   0.04360948
458.00   2.89042606   0.04418507
460.00   2.88160660   0.04476570
462.00   2.87274902   0.04535138
464.00   2.86385331   0.04594213
466.00   2.85491948   0.04653799
468.00   2.84594752   0.04713896
470.00   2.83693745   0.04774508
472.00   2.82788927   0.04835636
474.00   2.81880298   0.04897282
476.00   2.80967858   0.04959449
478.00   2.80051609   0.05022139
480.00   2.79131549   0.05085354
482.00   2.78207681   0.05149095
484.00   2.77280003   0.05213367
486.00   2.76348517   0.05278169
488.00   2.75413223   0.05343505
490.00   2.74474122   0.05409378
492.00   2.73531213   0.05475788
494.00   2.72584497   0.05542738
496.00   2.71633975   0.05610230
498.00   2.70679647   0.05678267
500.00   2.69721514   0.05746850
502.00   2.68759575   0.05815983
504.00   2.67793832   0.05885666
506.00   2.66824284   0.05955902
508.00   2.65850932   0.06026694
510.00   2.64873777   0.06098042
512.00   2.63892819   0.06169951
514.00   2.62908058   0.06242421
516.00   2.61919495   0.06315455
518.00   2.60927130   0.06389056
520.00   2.59930964   0.06463224
522.00   2.58930997   0.06537963
524.00   2.57927229   0.06613274
526.00   2.56919662   0.06689160
528.00   2.55908295   0.06765623
530.00   2.54893128   0.06842664
532.00   2.53874163   0.06920287
534.00   2.52851400   0.06998494
536.00   2.51824839   0.07077285
538.00   2.50794481   0.07156665
540.00   2.49760325   0.07236634
542.00   2.48722374   0.07317195
544.00   2.47680626   0.07398350
546.00   2.46635082   0.07480101
548.00   2.45585744   0.07562451
550.00   2.44532611   0.07645401
552.00   2.43475683   0.07728954
554.00   2.42414962   0.07813112
556.00   2.41350448   0.07897876
558.00   2.40282141   0.07983250
560.00   2.39210041   0.08069235
562.00   2.38134150   0.08155834
564.00   2.37054467   0.08243048
566.00   2.35970993   0.08330880
568.00   2.34883729   0.08419332
570.00   2.33792674   0.08508406
572.00   2.32697830   0.08598104
574.00   2.31599197   0.08688428
576.00   2.30496776   0.08779381
578.00   2.29390566   0.08870964
580.00   2.28280569   0.08963180
582.00   2.27166785   0.09056031
584.00   2.26049214   0.09149519
586.00   2.24927857   0.09243647
588.00   2.23802714   0.09338415
590.00   2.22673786   0.09433827
592.00   2.21541073   0.09529885
594.00   2.20404576   0.09626591
596.00   2.19264295   0.09723946
598.00   2.18120231   0.09821954
600.00   2.16972385   0.09920615
602.00   2.15820756   0.10019933
604.00   2.14665345   0.10119910
606.00   2.13506153   0.10220547
608.00   2.12343181   0.10321846
610.00   2.11176428   0.10423811
612.00   2.10005896   0.10526443
614.00   2.08831584   0.10629744
616.00   2.07653494   0.10733716
618.00   2.06471625   0.10838361
620.00   2.05285979   0.10943683
622.00   2.04096555   0.11049681
624.00   2.02903355   0.11156360
626.00   2.01706379   0.11263721
628.00   2.00505627   0.11371765
630.00   1.99301100   0.11480496
632.00   1.98092799   0.11589916
634.00   1.96880723   0.11700026
636.00   1.95664874   0.11810828
638.00   1.94445252   0.11922326
640.00   1.93221858   0.12034520
642.00   1.91994692   0.12147413
644.00   1.90763754   0.12261007
646.00   1.89529045   0.12375305
648.00   1.88290566   0.12490308
650.00   1.87048318   0.12606019
652.00   1.85802300   0.12722439
654.00   1.84552513   0.12839571
656.00   1.83298958   0.12957417
658.00   1.82041635   0.13075979
660.00   1.80780546   0.13195259
662.00   1.79515690   0.13315260
664.00   1.78247068   0.13435983
666.00   1.76974680   0.13557431
668.00   1.75698527   0.13679605
670.00   1.74418611   0.13802508
672.00   1.73134930   0.13926142
674.00   1.71847486   0.14050509
676.00   1.70556280   0.14175611
678.00   1.69261311   0.14301450
680.00   1.67962581   0.14428029
682.00   1.66660090   0.14555350
684.00   1.65353838   0.14683414
686.00   1.64043827   0.14812224
688.00   1.62730056   0.14941781
690.00   1.61412527   0.15072089
692.00   1.60091239   0.15203149
694.00   1.58766194   0.15334963
696.00   1.57437392   0.15467533
698.00   1.56104833   0.15600862
700.00   1.54768519   0.15734952
702.00   1.53428449   0.15869804
704.00   1.52084624   0.16005421
706.00   1.50737046   0.16141805
708.00   1.49385714   0.16278958
710.00   1.48030629   0.16416882
712.00   1.46671791   0.16555579
714.00   1.45309202   0.16695052
716.00   1.43942862   0.16835303
718.00   1.42572771   0.16976332
720.00   1.41198930   0.17118144
722.00   1.39821339   0.17260739
724.00   1.38440000   0.17404121
726.00   1.37054912   0.17548290
728.00   1.35666077   0.17693250
730.00   1.34273495   0.17839001
732.00   1.32877167   0.17985547
734.00   1.31477092   0.18132890
736.00   1.30073273   0.18281031
738.00   1.28665709   0.18429973
740.00   1.27254400   0.18579717
742.00   1.25839349   0.18730267
744.00   1.24420555   0.18881623
746.00   1.22998018   0.19033789
748.00   1.21571740   0.19186766
750.00   1.20141721   0.19340555
752.00   1.18707962   0.19495161
754.00   1.17270463   0.19650584
756.00   1.15829224   0.19806826
758.00   1.14384248   0.19963890
760.00   1.12935533   0.20121778
762.00   1.11483082   0.20280492
764.00   1.10026894   0.20440034
766.00   1.08566970   0.20600406
768.00   1.07103310   0.20761610
770.00   1.05635916   0.20923648
772.00   1.04164788   0.21086522
774.00   1.02689926   0.21250236
776.00   1.01211332   0.21414789
778.00   0.99729005   0.21580185
780.00   0.98242947   0.21746426
782.00   0.96753158   0.21913514
784.00   0.95259639   0.22081451
786.00   0.93762390   0.22250239
788.00   0.92261412   0.22419880
790.00   0.90756706   0.22590376
792.00   0.89248272   0.22761729
794.00   0.87736111   0.22933942
796.00   0.86220224   0.23107016
798.00   0.84700612   0.23280953
800.00   0.83177274   0.23455757
802.00   0.81650212   0.23631427
804.00   0.80119426   0.23807968
806.00   0.78584917   0.23985381
808.00   0.77046686   0.24163667
810.00   0.75504732   0.24342830
812.00   0.73959058   0.24522871
814.00   0.72409664   0.24703792
816.00   0.70856549   0.24885595
818.00   0.69299716   0.25068283
820.00   0.67739164   0.25251857
822.00   0.66174895   0.25436319
824.00   0.64606908   0.25621672
826.00   0.63035205   0.25807918
828.00   0.61459786   0.25995059
830.00   0.59880652   0.26183096
832.00   0.58297804   0.26372033
834.00   0.56711243   0.26561870
836.00   0.55120968   0.26752611
838.00   0.53526981   0.26944256
840.00   0.51929282   0.27136809
842.00   0.50327872   0.27330271
844.00   0.48722752   0.27524644
846.00   0.47113923   0.27719931
848.00   0.45501385   0.27916134
850.00   0.43885138   0.28113253
852.00   0.42265184   0.28311293
854.00   0.40641523   0.28510254
856.00   0.39014157   0.28710139
858.00   0.37383084   0.28910950
860.00   0.35748307   0.29112689
862.00   0.34109827   0.29315358
864.00   0.32467642   0.29518958
866.00   0.30821756   0.29723493
868.00   0.29172167   0.29928964
870.00   0.27518877   0.30135374
872.00   0.25861887   0.30342723
874.00   0.24201197   0.30551015
876.00   0.22536808   0.30760252
878.00   0.20868721   0.30970434
880.00   0.19196936   0.31181566
882.00   0.17521454   0.31393648
884.00   0.15842276   0.31606682
886.00   0.14159403   0.31820672
888.00   0.12472835   0.32035618
890.00   0.10782573   0.32251523
892.00   0.09088618   0.32468389
894.00   0.07390970   0.32686218
896.00   0.05689630   0.32905011
898.00   0.03984599   0.33124772
900.00   0.02275878   0.33345502
902.00   0.00563467   0.33567203
904.00  -0.01152632   0.33789878
906.00  -0.02872420   0.34013527
908.00  -0.04595895   0.34238154
910.00  -0.06323057   0.34463761
912.00  -0.08053905   0.34690348
914.00  -0.09788438   0.34917919
916.00  -0.11526655   0.35146476
918.00  -0.13268556   0.35376020
920.00  -0.15014140   0.35606554
922.00  -0.16763407   0.35838080
924.00  -0.18516354   0.36070599
926.00  -0.20272983   0.36304114
928.00  -0.22033291   0.36538626
930.00  -0.23797279   0.36774139
932.00  -0.25564945   0.37010653
934.00  -0.27336289   0.37248172
936.00  -0.29111310   0.37486696
938.00  -0.30890006   0.37726228
940.00  -0.32672379   0.37966770
942.00  -0.34458426   0.38208325
944.00  -0.36248146   0.38450893
946.00  -0.38041540   0.38694478
948.00  -0.39838607   0.38939080
950.00  -0.41639345   0.39184703
952.00  -0.43443753   0.39431349
954.00  -0.45251832   0.39679018
956.00  -0.47063580   0.39927714
958.00  -0.48878997   0.40177438
960.00  -0.50698081   0.40428193
962.00  -0.52520832   0.40679980
964.00  -0.54347249   0.40932801
966.00  -0.56177332   0.41186659
968.00  -0.58011079   0.41441555
970.00  -0.59848491   0.41697492
972.00  -0.61689565   0.41954472
974.00  -0.63534301   0.42212496
976.00  -0.65382699   0.42471566
978.00  -0.67234758   0.42731686
980.00  -0.69090476   0.42992856
982.00  -0.70949854   0.43255078
984.00  -0.72812889   0.43518356
986.00  -0.74679583   0.43782690
988.00  -0.76549933   0.44048083
990.00  -0.78423939   0.44314536
992.00  -0.80301600   0.44582053
994.00  -0.82182915   0.44850634
996.00  -0.84067884   0.45120282
998.00  -0.85956505   0.45390999
1000.00  -0.87848779   0.45662787
1002.00  -0.89744703   0.45935648
1004.00  -0.91644278   0.46209583
1006.00  -0.93547502   0.46484596
1008.00  -0.95454375   0.46760687
1010.00  -0.97364896   0.47037860
1012.00  -0.99279064   0.47316115
1014.00  -1.01196878   0.47595455
1016.00  -1.03118337   0.47875883
1018.00  -1.05043441   0.48157399
1020.00  -1.06972188   0.48440006
1022.00  -1.08904579   0.48723707
1024.00  -1.10840612   0.49008502
1026.00  -1.12780286   0.49294394
1028.00  -1.14723600   0.49581386
1030.00  -1.16670554   0.49869478
1032.00  -1.18621147   0.50158674
1034.00  -1.20575378   0.50448974
1036.00  -1.22533246   0.50740382
1038.00  -1.24494750   0.51032898
1040.00  -1.26459890   0.51326526
1042.00  -1.28428664   0.51621267
1044.00  -1.30401073   0.51917123
1046.00  -1.32377114   0.52214096
1048.00  -1.34356787   0.52512187
1050.00  -1.36340091   0.52811400
1052.00  -1.38327026   0.53111737
1054.00  -1.40317591   0.53413198
1056.00  -1.42311784   0.53715786
1058.00  -1.44309605   0.54019503
1060.00  -1.46311054   0.54324351
1062.00  -1.48316128   0.54630332
1064.00  -1.50324828   0.54937449
1066.00  -1.52337152   0.55245702
1068.00  -1.54353100   0.55555094
1070.00  -1.56372670   0.55865627
1072.00  -1.58395863   0.56177303
1074.00  -1.60422677   0.56490125
1076.00  -1.62453110   0.56804093
1078.00  -1.64487163   0.57119210
1080.00  -1.66524835   0.57435478
1082.00  -1.68566124   0.57752899
1084.00  -1.70611030   0.58071475
1086.00  -1.72659552   0.58391207
1088.00  -1.74711689   0.58712099
1090.00  -1.76767440   0.59034151
1092.00  -1.78826804   0.59357367
1094.00  -1.80889780   0.59681747
1096.00  -1.82956368   0.60007293
1098.00  -1.85026567   0.60334009
1100.00  -1.87100376   0.60661895
1102.00  -1.89177793   0.60990954
1104.00  -1.91258818   0.61321188
1106.00  -1.93343451   0.61652599
1108.00  -1.95431689   0.61985188
1110.00  -1.97523533   0.62318958
1112.00  -1.99618982   0.62653910
1114.00  -2.01718034   0.62990047
1116.00  -2.03820689   0.63327370
1118.00  -2.05926945   0.63665882
1120.00  -2.08036802   0.64005584
1122.00  -2.10150260   0.64346479
1124.00  -2.12267316   0.64688568
1126.00  -2.14387971   0.65031854
1128.00  -2.16512223   0.65376338
1130.00  -2.18640071   0.65722022
1132.00  -2.20771515   0.66068909
1134.00  -2.22906554   0.66417000
1136.00  -2.25045186   0.66766297
1138.00  -2.27187411   0.67116802
1140.00  -2.29333228   0.67468517
1142.00  -2.31482636   0.67821445
1144.00  -2.33635634   0.68175586
1146.00  -2.35792221   0.68530944
1148.00  -2.37952397   0.68887519
1150.00  -2.40116159   0.69245314
1152.00  -2.42283509   0.69604332
1154.00  -2.44454443   0.69964573
1156.00  -2.46628963   0.70326040
1158.00  -2.48807066   0.70688734
1160.00  -2.50988751   0.71052658
1162.00  -2.53174019   0.71417814
1164.00  -2.55362867   0.71784204
1166.00  -2.57555296   0.72151829
1168.00  -2.59751303   0.72520691
1170.00  -2.61950889   0.72890793
1172.00  -2.64154052   0.73262137
1174.00  -2.66360791   0.73634724
1176.00  -2.68571105   0.74008556
1178.00  -2.70784994   0.74383635
1180.00  -2.73002457   0.74759963
1182.00  -2.75223491   0.75137543
1184.00  -2.77448098   0.75516375
1186.00  -2.79676275   0.75896463
1188.00  -2.81908022   0.76277807
1190.00  -2.84143338   0.76660411
1192.00  -2.86382221   0.77044275
1194.00  -2.88624671   0.77429402
1196.00  -2.90870688   0.77815794
1198.00  -2.93120269   0.78203452
1200.00  -2.95373414   0.78592379
1202.00  -2.97630123   0.78982576
1204.00  -2.99890393   0.79374046
1206.00  -3.02154225   0.79766790
1208.00  -3.04421617   0.80160811
1210.00  -3.06692569   0.80556109
1212.00  -3.08967078   0.80952688
1214.00  -3.11245146   0.81350549
1216.00  -3.13526769   0.81749694
1218.00  -3.15811948   0.82150125
1220.00  -3.18100681   0.82551844
1222.00  -3.20392968   0.82954852
1224.00  -3.22688808   0.83359152
1226.00  -3.24988199   0.83764746
1228.00  -3.27291141   0.84171636
1230.00  -3.29597632   0.84579823
1232.00  -3.31907673   0.84989309
1234.00  -3.34221260   0.85400097
1236.00  -3.36538395   0.85812188
1238.00  -3.38859076   0.86225584
1240.00  -3.41183301   0.86640287
1242.00  -3.43511070   0.87056299
1244.00  -3.45842382   0.87473622
1246.00  -3.48177235   0.87892258
1248.00  -3.50515630   0.88312209
1250.00  -3.52857565   0.88733476
1252.00  -3.55203038   0.89156062
1254.00  -3.57552050   0.89579969
1256.00  -3.59904598   0.90005198
1258.00  -3.62260682   0.90431751
1260.00  -3.64620301   0.90859630
1262.00  -3.66983455   0.91288837
1264.00  -3.69350141   0.91719375
1266.00  -3.71720359   0.92151244
1268.00  -3.74094109   0.92584447
1270.00  -3.76471388   0.93018986
1272.00  -3.78852196   0.93454863
1274.00  -3.81236532   0.93892079
1276.00  -3.83624396   0.94330636
1278.00  -3.86015785   0.94770537
1280.00  -3.88410699   0.95211783
1282.00  -3.90809138   0.95654377
1284.00  -3.93211099   0.96098319
1286.00  -3.95616582   0.96543612
1288.00  -3.98025587   0.96990258
1290.00  -4.00438111   0.97438259
1292.00  -4.02854154   0.97887616
1294.00  -4.05273715   0.98338332
1296.00  -4.07696794   0.98790409
1298.00  -4.10123388   0.99243847
1300.00  -4.12553497   0.99698650
1302.00  -4.14987119   1.00154819
1304.00  -4.17424255   1.00612356
1306.00  -4.19864903   1.01071262
1308.00  -4.22309061   1.01531540
1310.00  -4.24756729   1.01993192
1312.00  -4.27207906   1.02456220
1314.00  -4.29662591   1.02920625
1316.00  -4.32120783   1.03386409
1318.00  -4.34582480   1.03853574
1320.00  -4.37047682   1.04322122
1322.00  -4.39516388   1.04792055
1324.00  -4.41988596   1.05263375
1326.00  -4.44464305   1.05736084
1328.00  -4.46943516   1.06210183
1330.00  -4.49426226   1.06685675
1332.00  -4.51912434   1.07162561
1334.00  -4.54402140   1.07640843
1336.00  -4.56895342   1.08120523
1338.00  -4.59392039   1.08601602
1340.00  -4.61892231   1.09084084
1342.00  -4.64395916   1.09567970
1344.00  -4.66903094   1.10053260
1346.00  -4.69413762   1.10539959
1348.00  -4.71927921   1.11028066
1350.00  -4.74445568   1.11517585
1352.00  -4.76966704   1.12008516
1354.00  -4.79491327   1.12500863
1356.00  -4.82019436   1.12994626
1358.00  -4.84551029   1.13489807
1360.00  -4.87086107   1.13986409
1362.00  -4.89624667   1.14484434
1364.00  -4.92166708   1.14983882
1366.00  -4.94712231   1.15484757
1368.00  -4.97261233   1.15987059
1370.00  -4.99813714   1.16490791
1372.00  -5.02369672   1.16995955
1374.00  -5.04929106   1.17502552
1376.00  -5.07492016   1.18010585
1378.00  -5.10058400   1.18520054
1380.00  -5.12628257   1.19030963
1382.00  -5.15201587   1.19543312
1384.00  -5.17778387   1.20057104
1386.00  -5.20358658   1.20572340
1388.00  -5.22942397   1.21089023
1390.00  -5.25529604   1.21607154
1392.00  -5.28120278   1.22126736
1394.00  -5.30714418   1.22647769
1396.00  -5.33312022   1.23170256
1398.00  -5.35913090   1.23694198
1400.00  -5.38517620   1.24219598
1402.00  -5.41125612   1.24746457
1404.00  -5.43737064   1.25274777
1406.00  -5.46351975   1.25804561
1408.00  -5.48970344   1.26335809
1410.00  -5.51592170   1.26868523
1412.00  -5.54217453   1.27402706
1414.00  -5.56846190   1.27938360
1416.00  -5.59478380   1.28475485
1418.00  -5.62114024   1.29014085
1420.00  -5.64753119   1.29554160
1422.00  -5.67395664   1.30095713
1424.00  -5.70041659   1.30638746
1426.00  -5.72691102   1.31183259
1428.00  -5.75343993   1.31729256
1430.00  -5.78000329   1.32276738
1432.00  -5.80660110   1.32825706
1434.00  -5.83323336   1.33376163
1436.00  -5.85990004   1.33928111
1438.00  -5.88660113   1.34481551
1440.00  -5.91333664   1.35036484
1442.00  -5.94010653   1.35592914
1444.00  -5.96691082   1.36150841
1446.00  -5.99374947   1.36710268
1448.00  -6.02062248   1.37271196
1450.00  -6.04752985   1.37833628
1452.00  -6.07447155   1.38397564
1454.00  -6.10144758   1.38963007
1456.00  -6.12845793   1.39529959
1458.00  -6.15550258   1.40098421
1460.00  -6.18258153   1.40668395
1462.00  -6.20969476   1.41239883
1464.00  -6.23684227   1.41812887
1466.00  -6.26402403   1.42387409
1468.00  -6.29124004   1.42963450
1470.00  -6.31849030   1.43541013
1472.00  -6.34577477   1.44120098
1474.00  -6.37309347   1.44700708
1476.00  -6.40044637   1.45282845
1478.00  -6.42783346   1.45866511
1480.00  -6.45525473   1.46451706
1482.00  -6.48271018   1.47038434
1484.00  -6.51019978   1.47626696
1486.00  -6.53772353   1.48216493
1488.00  -6.56528142   1.48807827
1490.00  -6.59287343   1.49400701
1492.00  -6.62049956   1.49995116
1494.00  -6.64815978   1.50591074
1496.00  -6.67585410   1.51188577
1498.00  -6.70358250   1.51787625
1500.00  -6.73134497   1.52388222
1502.00  -6.75914149   1.52990370
1504.00  -6.78697206   1.53594068
1506.00  -6.81483666   1.54199321
1508.00  -6.84273529   1.54806129
1510.00  -6.87066792   1.55414493
1512.00  -6.89863456   1.56024417
1514.00  -6.92663518   1.56635902
1516.00  -6.95466977   1.57248949
1518.00  -6.98273834   1.57863560
1520.00  -7.01084085   1.58479737
1522.00  -7.03897731   1.59097483
1524.00  -7.06714770   1.59716797
1526.00  -7.09535200   1.60337683
1528.00  -7.12359021   1.60960143
1530.00  -7.15186232   1.61584177
1532.00  -7.18016831   1.62209788
1534.00  -7.20850817   1.62836977
1536.00  -7.23688190   1.63465747
1538.00  -7.26528947   1.64096099
1540.00  -7.29373087   1.64728034
1542.00  -7.32220611   1.65361555
1544.00  -7.35071515   1.65996664
1546.00  -7.37925800   1.66633361
1548.00  -7.40783464   1.67271649
1550.00  -7.43644505   1.67911530
1552.00  -7.46508924   1.68553005
1554.00  -7.49376718   1.69196077
1556.00  -7.52247886   1.69840746
1558.00  -7.55122427   1.70487015
1560.00  -7.58000340   1.71134886
1562.00  -7.60881624   1.71784359
1564.00  -7.63766277   1.72435438
1566.00  -7.66654299   1.73088123
1568.00  -7.69545688   1.73742416
1570.00  -7.72440443   1.74398320
1572.00  -7.75338563   1.75055836
1574.00  -7.78240047   1.75714965
1576.00  -7.81144893   1.76375710
1578.00  -7.84053100   1.77038072
1580.00  -7.86964668   1.77702053
1582.00  -7.89879594   1.78367655
1584.00  -7.92797878   1.79034879
1586.00  -7.95719519   1.79703728
1588.00  -7.98644515   1.80374202
1590.00  -8.01572865   1.81046304
1592.00  -8.04504568   1.81720035
1594.00  -8.07439622   1.82395398
1596.00  -8.10378027   1.83072393
1598.00  -8.13319782   1.83751023
1600.00  -8.16264884   1.84431289
1602.00  -8.19213334   1.85113193
1604.00  -8.22165129   1.85796738
1606.00  -8.25120269   1.86481923
1608.00  -8.28078752   1.87168752
1610.00  -8.31040577   1.87857226
1612.00  -8.34005742   1.88547347
1614.00  -8.36974248   1.89239117
1616.00  -8.39946092   1.89932536
1618.00  -8.42921273   1.90627607
1620.00  -8.45899791   1.91324333
1622.00  -8.48881643   1.92022713
1624.00  -8.51866828   1.92722751
1626.00  -8.54855346   1.93424447
1628.00  -8.57847196   1.94127804
1630.00  -8.60842375   1.94832823
1632.00  -8.63840882   1.95539506
1634.00  -8.66842718   1.96247855
1636.00  -8.69847879   1.96957872
1638.00  -8.72856366   1.97669557
1640.00  -8.75868176   1.98382913
1642.00  -8.78883309   1.99097942
1644.00  -8.81901764   1.99814645
1646.00  -8.84923538   2.00533025
1648.00  -8.87948632   2.01253081
1650.00  -8.90977043   2.01974818
1652.00  -8.94008770   2.02698235
1654.00  -8.97043813   2.03423335
1656.00  -9.00082170   2.04150120
1658.00  -9.03123839   2.04878591
1660.00  -9.06168820   2.05608750
1662.00  -9.09217111   2.06340598
1664.00  -9.12268712   2.07074138
1666.00  -9.15323620   2.07809371
1668.00  -9.18381834   2.08546298
1670.00  -9.21443354   2.09284922
1672.00  -9.24508178   2.10025245
1674.00  -9.27576305   2.10767267
1676.00  -9.30647733   2.11510990
1678.00  -9.33722461   2.12256417
1680.00  -9.36800489   2.13003548
1682.00  -9.39881814   2.13752387
1684.00  -9.42966436   2.14502933
1686.00  -9.46054354   2.15255190
1688.00  -9.49145565   2.16009158
1690.00  -9.52240069   2.16764839
1692.00  -9.55337865   2.17522236
1694.00  -9.58438951   2.18281349
1696.00  -9.61543326   2.19042181
1698.00  -9.64650989   2.19804732
1700.00  -9.67761938   2.20569006
1702.00  -9.70876173   2.21335003
1704.00  -9.73993692   2.22102725
1706.00  -9.77114493   2.22872173
1708.00  -9.80238576   2.23643351
1710.00  -9.83365939   2.24416258
1712.00  -9.86496581   2.25190897
1714.00  -9.89630501   2.25967270
1716.00  -9.92767697   2.26745378
1718.00  -9.95908168   2.27525222
1720.00  -9.99051913   2.28306806
1722.00 -10.02198931   2.29090129
1724.00 -10.05349220   2.29875194
1726.00 -10.08502779   2.30662003
1728.00 -10.11659607   2.31450557
1730.00 -10.14819702   2.32240858
1732.00 -10.17983064   2.33032907
1734.00 -10.21149690   2.33826706
1736.00 -10.24319581   2.34622257
1738.00 -10.27492733   2.35419562
1740.00 -10.30669147   2.36218622
1742.00 -10.33848821   2.37019438
1744.00 -10.37031753   2.37822013
1746.00 -10.40217942   2.38626348
1748.00 -10.43407387   2.39432445
1750.00 -10.46600087   2.40240305
1752.00 -10.49796041   2.41049931
1754.00 -10.52995246   2.41861322
1756.00 -10.56197703   2.42674483
1758.00 -10.59403409   2.43489413
1760.00 -10.62612363   2.44306115
1762.00 -10.65824564   2.45124590
1764.00 -10.69040010   2.45944840
1766.00 -10.72258702   2.46766867
1768.00 -10.75480636   2.47590672
1770.00 -10.78705812   2.48416257
1772.00 -10.81934228   2.49243623
1774.00 -10.85165884   2.50072773
1776.00 -10.88400777   2.50903707
1778.00 -10.91638907   2.51736427
1780.00 -10.94880272   2.52570936
1782.00 -10.98124872   2.53407234
1784.00 -11.01372703   2.54245324
1786.00 -11.04623767   2.55085206
1788.00 -11.07878060   2.55926883
1790.00 -11.11135582   2.56770357
1792.00 -11.14396331   2.57615628
1794.00 -11.17660307   2.58462698
1796.00 -11.20927507   2.59311570
1798.00 -11.24197931   2.60162244
1800.00 -11.27471577   2.61014722
1802.00 -11.30748444   2.61869007
1804.00 -11.34028531   2.62725099
1806.00 -11.37311836   2.63583000
1808.00 -11.40598357   2.64442712
1810.00 -11.43888094   2.65304237
1812.00 -11.47181046   2.66167575
1814.00 -11.50477211   2.67032729
1816.00 -11.53776587   2.67899700
1818.00 -11.57079173   2.68768491
1820.00 -11.60384969   2.69639101
1822.00 -11.63693972   2.70511534
1824.00 -11.67006182   2.71385790
1826.00 -11.70321596   2.72261872
1828.00 -11.73640214   2.73139781
1830.00 -11.76962035   2.74019518
1832.00 -11.80287057   2.74901085
1834.00 -11.83615278   2.75784484
1836.00 -11.86946698   2.76669716
1838.00 -11.90281315   2.77556783
1840.00 -11.93619127   2.78445687
1842.00 -11.96960134   2.79336429
1844.00 -12.00304334   2.80229010
1846.00 -12.03651726   2.81123433
1848.00 -12.07002308   2.82019699
1850.00 -12.10356079   2.82917809
1852.00 -12.13713038   2.83817765
1854.00 -12.17073183   2.84719569
1856.00 -12.20436513   2.85623222
1858.00 -12.23803027   2.86528726
1860.00 -12.27172723   2.87436083
1862.00 -12.30545601   2.88345293
1864.00 -12.33921657   2.89256359
1866.00 -12.37300893   2.90169283
1868.00 -12.40683305   2.91084065
1870.00 -12.44068892   2.92000707
1872.00 -12.47457654   2.92919211
1874.00 -12.50849589   2.93839579
1876.00 -12.54244695   2.94761812
1878.00 -12.57642972   2.95685911
1880.00 -12.61044417   2.96611879
1882.00 -12.64449030   2.97539717
1884.00 -12.67856809   2.98469426
1886.00 -12.71267753   2.99401007
1888.00 -12.74681860   3.00334464
1890.00 -12.78099130   3.01269796
1892.00 -12.81519560   3.02207006
1894.00 -12.84943149   3.03146096
1896.00 -12.88369896   3.04087066
1898.00 -12.91799800   3.05029918
1900.00 -12.95232860   3.05974655
1902.00 -12.98669073   3.06921277
1904.00 -13.02108438   3.07869785
1906.00 -13.05550955   3.08820183
1908.00 -13.08996622   3.09772471
1910.00 -13.12445437   3.10726650
1912.00 -13.15897399   3.11682723
1914.00 -13.19352507   3.12640690
1916.00 -13.22810759   3.13600554
1918.00 -13.26272154   3.14562315
1920.00 -13.29736690   3.15525977
1922.00 -13.33204367   3.16491539
1924.00 -13.36675183   3.17459003
1926.00 -13.40149136   3.18428372
1928.00 -13.43626225   3.19399647
1930.00 -13.47106449   3.20372828
1932.00 -13.50589806   3.21347919
1934.00 -13.54076295   3.22324920
1936.00 -13.57565915   3.23303832
1938.00 -13.61058664   3.24284658
1940.00 -13.64554541   3.25267399
1942.00 -13.68053544   3.26252056
1944.00 -13.71555672   3.27238631
1946.00 -13.75060924   3.28227126
1948.00 -13.78569298   3.29217542
1950.00 -13.82080793   3.30209880
1952.00 -13.85595407   3.31204143
1954.00 -13.89113140   3.32200331
1956.00 -13.92633989   3.33198446
1958.00 -13.96157953   3.34198490
1960.00 -13.99685032   3.35200464
1962.00 -14.03215223   3.36204370
1964.00 -14.06748525   3.37210209
1966.00 -14.10284937   3.38217983
1968.00 -14.13824457   3.39227693
1970.00 -14.17367084   3.40239341
1972.00 -14.20912817   3.41252928
1974.00 -14.24461654   3.42268457
1976.00 -14.28013593   3.43285927
1978.00 -14.31568634   3.44305342
1980.00 -14.35126775   3.45326702
1982.00 -14.38688015   3.46350008
1984.00 -14.42252351   3.47375264
1986.00 -14.45819784   3.48402469
1988.00 -14.49390310   3.49431625
1990.00 -14.52963930   3.50462735
1992.00 -14.56540641   3.51495799
1994.00 -14.60120443   3.52530819
1996.00 -14.63703333   3.53567796
1998.00 -14.67289310   3.54606733
2000.00 -14.70878373   3.55647629
2002.00 -14.74470521   3.56690488
2004.00 -14.78065752   3.57735310
2006.00 -14.81664065   3.58782098
2008.00 -14.85265457   3.59830851
2010.00 -14.88869929   3.60881573
2012.00 -14.92477478   3.61934264
2014.00 -14.96088103   3.62988926
2016.00 -14.99701802   3.64045560
2018.00 -15.03318575   3.65104169
2020.00 -15.06938420   3.66164752
2022.00 -15.10561335   3.67227313
2024.00 -15.14187318   3.68291852
2026.00 -15.17816370   3.69358371
2028.00 -15.21448487   3.70426871
2030.00 -15.25083669   3.71497354
2032.00 -15.28721914   3.72569821
2034.00 -15.32363221   3.73644274
2036.00 -15.36007588   3.74720714
2038.00 -15.39655015   3.75799143
2040.00 -15.43305498   3.76879563
2042.00 -15.46959038   3.77961974
2044.00 -15.50615633   3.79046378
2046.00 -15.54275280   3.80132777
2048.00 -15.57937980   3.81221171
2050.00 -15.61603730   3.82311564
2052.00 -15.65272529   3.83403955
2054.00 -15.68944375   3.84498347
2056.00 -15.72619267   3.85594741
2058.00 -15.76297204   3.86693138
2060.00 -15.79978184   3.87793541
2062.00 -15.83662206   3.88895949
2064.00 -15.87349269   3.90000366
2066.00 -15.91039370   3.91106791
2068.00 -15.94732508   3.92215228
2070.00 -15.98428683   3.93325677
2072.00 -16.02127892   3.94438139
2074.00 -16.05830134   3.95552616
2076.00 -16.09535408   3.96669110
2078.00 -16.13243712   3.97787622
2080.00 -16.16955044   3.98908154
2082.00 -16.20669404   4.00030706
2084.00 -16.24386790   4.01155280
2086.00 -16.28107201   4.02281879
2088.00 -16.31830634   4.03410503
2090.00 -16.35557089   4.04541153
2092.00 -16.39286564   4.05673832
2094.00 -16.43019058   4.06808540
2096.00 -16.46754569   4.07945279
2098.00 -16.50493095   4.09084050
2100.00 -16.54234636   4.10224856
2102.00 -16.57979190   4.11367696
2104.00 -16.61726755   4.12512574
2106.00 -16.65477329   4.13659490
2108.00 -16.69230913   4.14808445
2110.00 -16.72987503   4.15959441
2112.00 -16.76747099   4.17112480
2114.00 -16.80509699   4.18267563
2116.00 -16.84275301   4.19424691
2118.00 -16.88043905   4.20583866
2120.00 -16.91815508   4.21745089
2122.00 -16.95590110   4.22908362
2124.00 -16.99367708   4.24073685
2126.00 -17.03148302   4.25241062
2128.00 -17.06931889   4.26410492
2130.00 -17.10718469   4.27581977
2132.00 -17.14508040   4.28755519
2134.00 -17.18300600   4.29931119
2136.00 -17.22096148   4.31108779
2138.00 -17.25894683   4.32288500
2140.00 -17.29696202   4.33470283
2142.00 -17.33500706   4.34654129
2144.00 -17.37308191   4.35840041
2146.00 -17.41118657   4.37028020
2148.00 -17.44932102   4.38218067
2150.00 -17.48748524   4.39410182
2152.00 -17.52567923   4.40604369
2154.00 -17.56390297   4.41800628
2156.00 -17.60215644   4.42998961
2158.00 -17.64043962   4.44199368
2160.00 -17.67875251   4.45401852
2162.00 -17.71709508   4.46606414
2164.00 -17.75546733   4.47813055
2166.00 -17.79386924   4.49021777
2168.00 -17.83230079   4.50232581
2170.00 -17.87076197   4.51445468
2172.00 -17.90925276   4.52660439
2174.00 -17.94777316   4.53877497
2176.00 -17.98632313   4.55096643
2178.00 -18.02490268   4.56317877
2180.00 -18.06351178   4.57541202
2182.00 -18.10215042   4.58766618
2184.00 -18.14081858   4.59994128
2186.00 -18.17951626   4.61223732
2188.00 -18.21824343   4.62455432
2190.00 -18.25700007   4.63689229
2192.00 -18.29578619   4.64925125
2194.00 -18.33460175   4.66163120
2196.00 -18.37344675   4.67403218
2198.00 -18.41232117   4.68645417
2200.00 -18.45122500   4.69889721
2202.00 -18.49015821   4.71136131
2204.00 -18.52912081   4.72384647
2206.00 -18.56811276   4.73635271
2208.00 -18.60713405   4.74888005
2210.00 -18.64618468   4.76142851
2212.00 -18.68526463   4.77399808
2214.00 -18.72437387   4.78658879
2216.00 -18.76351240   4.79920065
2218.00 -18.80268020   4.81183367
2220.00 -18.84187725   4.82448788
2222.00 -18.88110355   4.83716327
2224.00 -18.92035907   4.84985987
2226.00 -18.95964380   4.86257769
2228.00 -18.99895773   4.87531673
2230.00 -19.03830084   4.88807703
2232.00 -19.07767311   4.90085858
2234.00 -19.11707454   4.91366141
2236.00 -19.15650509   4.92648552
2238.00 -19.19596477   4.93933093
2240.00 -19.23545355   4.95219765
2242.00 -19.27497143   4.96508570
2244.00 -19.31451838   4.97799509
2246.00 -19.35409438   4.99092584
2248.00 -19.39369943   5.00387795
2250.00 -19.43333352   5.01685144
2252.00 -19.47299661   5.02984632
2254.00 -19.51268871   5.04286261
2256.00 -19.55240978   5.05590032
2258.00 -19.59215983   5.06895947
2260.00 -19.63193883   5.08204006
2262.00 -19.67174677   5.09514211
2264.00 -19.71158363   5.10826563
2266.00 -19.75144940   5.12141064
2268.00 -19.79134407   5.13457715
2270.00 -19.83126761   5.14776518
2272.00 -19.87122001   5.16097473
2274.00 -19.91120126   5.17420582
2276.00 -19.95121134   5.18745846
2278.00 -19.99125024   5.20073267
2280.00 -20.03131794   5.21402846
2282.00 -20.07141443   5.22734584
2284.00 -20.11153968   5.24068483
2286.00 -20.15169370   5.25404544
2288.00 -20.19187645   5.26742768
2290.00 -20.23208793   5.28083156
2292.00 -20.27232812   5.29425710
2294.00 -20.31259700   5.30770432
2296.00 -20.35289457   5.32117321
2298.00 -20.39322079   5.33466381
2300.00 -20.43357567   5.34817612
2302.00 -20.47395918   5.36171015
2304.00 -20.51437130   5.37526592
2306.00 -20.55481203   5.38884343
2308.00 -20.59528135   5.40244271
2310.00 -20.63577924   5.41606377
2312.00 -20.67630568   5.42970661
2314.00 -20.71686067   5.44337126
2316.00 -20.75744418   5.45705772
2318.00 -20.79805621   5.47076601
2320.00 -20.83869673   5.48449614
2322.00 -20.87936572   5.49824812
2324.00 -20.92006319   5.51202197
2326.00 -20.96078910   5.52581770
2328.00 -21.00154344   5.53963533
2330.00 -21.04232621   5.55347485
2332.00 -21.08313737   5.56733630
2334.00 -21.12397692   5.58121967
2336.00 -21.16484485   5.59512499
2338.00 -21.20574113   5.60905227
2340.00 -21.24666575   5.62300151
2342.00 -21.28761870   5.63697274
2344.00 -21.32859996   5.65096596
2346.00 -21.36960951   5.66498119
2348.00 -21.41064734   5.67901844
2350.00 -21.45171344   5.69307773
2352.00 -21.49280778   5.70715906
2354.00 -21.53393036   5.72126244
2356.00 -21.57508115   5.73538790
2358.00 -21.61626015   5.74953545
2360.00 -21.65746733   5.76370509
2362.00 -21.69870268   5.77789684
2364.00 -21.73996618   5.79211071
2366.00 -21.78125783   5.80634671
2368.00 -21.82257760   5.82060486
2370.00 -21.86392548   5.83488518
2372.00 -21.90530145   5.84918766
2374.00 -21.94670550   5.86351233
2376.00 -21.98813760   5.87785920
2378.00 -22.02959776   5.89222828
2380.00 -22.07108595   5.90661957
2382.00 -22.11260215   5.92103311
2384.00 -22.15414635   5.93546889
2386.00 -22.19571853   5.94992693
2388.00 -22.23731868   5.96440725
2390.00 -22.27894679   5.97890985
2392.00 -22.32060283   5.99343475
2394.00 -22.36228679   6.00798195
2396.00 -22.40399866   6.02255148
2398.00 -22.44573842   6.03714335
2400.00 -22.48750605   6.05175756
2402.00 -22.52930154   6.06639413
2404.00 -22.57112488   6.08105308
2406.00 -22.61297604   6.09573440
2408.00 -22.65485501   6.11043813
2410.00 -22.69676178   6.12516426
2412.00 -22.73869633   6.13991282
2414.00 -22.78065865   6.15468380
2416.00 -22.82264871   6.16947724
2418.00 -22.86466651   6.18429313
2420.00 -22.90671202   6.19913149
2422.00 -22.94878523   6.21399234
2424.00 -22.99088614   6.22887568
2426.00 -23.03301471   6.24378153
2428.00 -23.07517093   6.25870990
2430.00 -23.11735480   6.27366079
2432.00 -23.15956629   6.28863424
2434.00 -23.20180538   6.30363024
2436.00 -23.24407207   6.31864880
2438.00 -23.28636633   6.33368995
2440.00 -23.32868815   6.34875369
2442.00 -23.37103752   6.36384003
2444.00 -23.41341441   6.37894899
2446.00 -23.45581882   6.39408058
2448.00 -23.49825073   6.40923481
2450.00 -23.54071011   6.42441170
2452.00 -23.58319696   6.43961124
2454.00 -23.62571126   6.45483347
2456.00 -23.66825299   6.47007838
2458.00 -23.71082215   6.48534600
2460.00 -23.75341870   6.50063632
2462.00 -23.79604264   6.51594938
2464.00 -23.83869395   6.53128517
2466.00 -23.88137261   6.54664370
2468.00 -23.92407861   6.56202500
2470.00 -23.96681194   6.57742908
2472.00 -24.00957257   6.59285593
2474.00 -24.05236049   6.60830559
2476.00 -24.09517569   6.62377805
2478.00 -24.13801815   6.63927333
2480.00 -24.18088785   6.65479144
2482.00 -24.22378477   6.67033240
2484.00 -24.26670891   6.68589622
2486.00 -24.30966024   6.70148290
2488.00 -24.35263876   6.71709246
2490.00 -24.39564443   6.73272491
2492.00 -24.43867726   6.74838027
2494.00 -24.48173722   6.76405854
2496.00 -24.52482429   6.77975974
2498.00 -24.56793846   6.79548387
2500.00 -24.61107972   6.81123096
2502.00 -24.65424804   6.82700101
2504.00 -24.69744342   6.84279403
2506.00 -24.74066583   6.85861003
2508.00 -24.78391526   6.87444904
2510.00 -24.82719170   6.89031105
2512.00 -24.87049512   6.90619608
2514.00 -24.91382552   6.92210415
2516.00 -24.95718287   6.93803525
2518.00 -25.00056716   6.95398942
2520.00 -25.04397838   6.96996664
2522.00 -25.08741650   6.98596695
2524.00 -25.13088152   7.00199035
2526.00 -25.17437341   7.01803685
2528.00 -25.21789217   7.03410646
2530.00 -25.26143776   7.05019919
2532.00 -25.30501019   7.06631506
2534.00 -25.34860942   7.08245408
2536.00 -25.39223546   7.09861626
2538.00 -25.43588827   7.11480161
2540.00 -25.47956784   7.13101014
2542.00 -25.52327417   7.14724186
2544.00 -25.56700722   7.16349679
2546.00 -25.61076699   7.17977493
2548.00 -25.65455346   7.19607630
2550.00 -25.69836661   7.21240091
2552.00 -25.74220643   7.22874877
2554.00 -25.78607291   7.24511989
2556.00 -25.82996601   7.26151428
2558.00 -25.87388574   7.27793196
2560.00 -25.91783206   7.29437294
2562.00 -25.96180498   7.31083722
2564.00 -26.00580446   7.32732482
2566.00 -26.04983050   7.34383575
2568.00 -26.09388308   7.36037001
2570.00 -26.13796218   7.37692764
2572.00 -26.18206778   7.39350862
2574.00 -26.22619988   7.41011298
2576.00 -26.27035845   7.42674072
2578.00 -26.31454347   7.44339187
2580.00 -26.35875494   7.46006641
2582.00 -26.40299283   7.47676438
2584.00 -26.44725713   7.49348578
2586.00 -26.49154783   7.51023062
2588.00 -26.53586490   7.52699892
2590.00 -26.58020833   7.54379067
2592.00 -26.62457810   7.56060590
2594.00 -26.66897421   7.57744462
2596.00 -26.71339662   7.59430683
2598.00 -26.75784533   7.61119256
2600.00 -26.80232032   7.62810180
2602.00 -26.84682157   7.64503457
2604.00 -26.89134907   7.66199088
2606.00 -26.93590280   7.67897075
2608.00 -26.98048274   7.69597418
2610.00 -27.02508888   7.71300118
2612.00 -27.06972121   7.73005177
2614.00 -27.11437970   7.74712595
2616.00 -27.15906433   7.76422374
2618.00 -27.20377511   7.78134515
2620.00 -27.24851199   7.79849018
2622.00 -27.29327498   7.81565886
2624.00 -27.33806406   7.83285119
2626.00 -27.38287920   7.85006718
2628.00 -27.42772039   7.86730684
2630.00 -27.47258762   7.88457018
2632.00 -27.51748086   7.90185722
2634.00 -27.56240011   7.91916796
2636.00 -27.60734535   7.93650242
2638.00 -27.65231655   7.95386060
2640.00 -27.69731371   7.97124253
2642.00 -27.74233681   7.98864819
2644.00 -27.78738583   8.00607762
2646.00 -27.83246075   8.02353082
2648.00 -27.87756156   8.04100780
2650.00 -27.92268824   8.05850857
2652.00 -27.96784078   8.07603314
2654.00 -28.01301916   8.09358152
2656.00 -28.05822336   8.11115372
2658.00 -28.10345337   8.12874976
2660.00 -28.14870917   8.14636965
2662.00 -28.19399074   8.16401338
2664.00 -28.23929807   8.18168099
2666.00 -28.28463114   8.19937246
2668.00 -28.32998994   8.21708783
2670.00 -28.37537444   8.23482709
2672.00 -28.42078464   8.25259026
2674.00 -28.46622051   8.27037735
2676.00 -28.51168204   8.28818837
2678.00 -28.55716921   8.30602332
2680.00 -28.60268201   8.32388223
2682.00 -28.64822042   8.34176509
2684.00 -28.69378442   8.35967193
2686.00 -28.73937400   8.37760275
2688.00 -28.78498914   8.39555756
2690.00 -28.83062983   8.41353637
2692.00 -28.87629604   8.43153919
2694.00 -28.92198777   8.44956604
2696.00 -28.96770499   8.46761692
2698.00 -29.01344768   8.48569184
2700.00 -29.05921584   8.50379082
2702.00 -29.10500945   8.52191386
2704.00 -29.15082848   8.54006097
2706.00 -29.19667293   8.55823217
2708.00 -29.24254277   8.57642747
2710.00 -29.28843799   8.59464687
2712.00 -29.33435858   8.61289039
2714.00 -29.38030451   8.63115803
2716.00 -29.42627577   8.64944981
2718.00 -29.47227234   8.66776574
2720.00 -29.51829422   8.68610582
2722.00 -29.56434137   8.70447007
2724.00 -29.61041379   8.72285850
2726.00 -29.65651145   8.74127112
2728.00 -29.70263435   8.75970793
2730.00 -29.74878246   8.77816895
2732.00 -29.79495577   8.79665419
2734.00 -29.84115426   8.81516365
2736.00 -29.88737791   8.83369736
2738.00 -29.93362671   8.85225531
2740.00 -29.97990065   8.87083752
2742.00 -30.02619970   8.88944400
2744.00 -30.07252385   8.90807476
2746.00 -30.11887308   8.92672980
2748.00 -30.16524738   8.94540915
2750.00 -30.21164672   8.96411280
2752.00 -30.25807110   8.98284077
2754.00 -30.30452050   9.00159307
2756.00 -30.35099489   9.02036971
2758.00 -30.39749427   9.03917070
2760.00 -30.44401861   9.05799604
2762.00 -30.49056790   9.07684576
2764.00 -30.53714213   9.09571985
2766.00 -30.58374127   9.11461833
2768.00 -30.63036531   9.13354121
2770.00 -30.67701424   9.15248849
2772.00 -30.72368803   9.17146020
2774.00 -30.77038667   9.19045633
2776.00 -30.81711014   9.20947690
2778.00 -30.86385844   9.22852192
2780.00 -30.91063153   9.24759139
2782.00 -30.95742940   9.26668533
2784.00 -31.00425205   9.28580375
2786.00 -31.05109944   9.30494665
2788.00 -31.09797156   9.32411405
2790.00 -31.14486841   9.34330596
2792.00 -31.19178995   9.36252238
2794.00 -31.23873618   9.38176333
2796.00 -31.28570707   9.40102881
2798.00 -31.33270262   9.42031884
2800.00 -31.37972279   9.43963342
2802.00 -31.42676759   9.45897257
2804.00 -31.47383698   9.47833629
2806.00 -31.52093096   9.49772459
2808.00 -31.56804951   9.51713749
2810.00 -31.61519261   9.53657499
2812.00 -31.66236024   9.55603710
2814.00 -31.70955238   9.57552383
2816.00 -31.75676903   9.59503520
2818.00 -31.80401016   9.61457120
2820.00 -31.85127576   9.63413186
2822.00 -31.89856581   9.65371718
2824.00 -31.94588029   9.67332716
2826.00 -31.99321919   9.69296183
2828.00 -32.04058249   9.71262118
2830.00 -32.08797017   9.73230523
2832.00 -32.13538222   9.75201399
2834.00 -32.18281861   9.77174747
2836.00 -32.23027935   9.79150567
2838.00 -32.27776439   9.81128861
2840.00 -32.32527374   9.83109629
2842.00 -32.37280737   9.85092873
2844.00 -32.42036527   9.87078593
2846.00 -32.46794741   9.89066790
2848.00 -32.51555379   9.91057466
2850.00 -32.56318439   9.93050621
2852.00 -32.61083918   9.95046256
2854.00 -32.65851816   9.97044372
2856.00 -32.70622130   9.99044971
2858.00 -32.75394859  10.01048052
2860.00 -32.80170001  10.03053616
2862.00 -32.84947555  10.05061666
2864.00 -32.89727519  10.07072201
2866.00 -32.94509891  10.09085223
2868.00 -32.99294669  10.11100733
2870.00 -33.04081852  10.13118731
2872.00 -33.08871439  10.15139218
2874.00 -33.13663427  10.17162196
2876.00 -33.18457814  10.19187664
2878.00 -33.23254600  10.21215625
2880.00 -33.28053782  10.23246079
2882.00 -33.32855359  10.25279027
2884.00 -33.37659329  10.27314470
2886.00 -33.42465691  10.29352408
2888.00 -33.47274442  10.31392843
2890.00 -33.52085581  10.33435776
2892.00 -33.56899106  10.35481207
2894.00 -33.61715017  10.37529138
2896.00 -33.66533310  10.39579569
2898.00 -33.71353984  10.41632501
2900.00 -33.76177038  10.43687935
2902.00 -33.81002470  10.45745872
2904.00 -33.85830278  10.47806313
2906.00 -33.90660461  10.49869258
2908.00 -33.95493017  10.51934710
2910.00 -34.00327944  10.54002668
2912.00 -34.05165240  10.56073133
2914.00 -34.10004904  10.58146107
2916.00 -34.14846934  10.60221590
2918.00 -34.19691329  10.62299583
2920.00 -34.24538087  10.64380087
2922.00 -34.29387205  10.66463103
2924.00 -34.34238683  10.68548631
2926.00 -34.39092519  10.70636673
2928.00 -34.43948711  10.72727230
2930.00 -34.48807257  10.74820302
2932.00 -34.53668156  10.76915891
2934.00 -34.58531405  10.79013997
2936.00 -34.63397004  10.81114620
2938.00 -34.68264951  10.83217763
2940.00 -34.73135243  10.85323425
2942.00 -34.78007880  10.87431608
2944.00 -34.82882859  10.89542312
2946.00 -34.87760179  10.91655539
2948.00 -34.92639838  10.93771289
2950.00 -34.97521834  10.95889564
2952.00 -35.02406166  10.98010363
2954.00 -35.07292833  11.00133688
2956.00 -35.12181831  11.02259539
2958.00 -35.17073161  11.04387919
2960.00 -35.21966819  11.06518826
2962.00 -35.26862805  11.08652263
2964.00 -35.31761116  11.10788230
2966.00 -35.36661751  11.12926728
2968.00 -35.41564708  11.15067758
2970.00 -35.46469986  11.17211320
2972.00 -35.51377583  11.19357416
2974.00 -35.56287496  11.21506047
2976.00 -35.61199726  11.23657212
2978.00 -35.66114269  11.25810914
2980.00 -35.71031124  11.27967153
2982.00 -35.75950289  11.30125929
2984.00 -35.80871763  11.32287244
2986.00 -35.85795544  11.34451098
2988.00 -35.90721630  11.36617493
2990.00 -35.95650020  11.38786428
2992.00 -36.00580712  11.40957906
2994.00 -36.05513704  11.43131927
2996.00 -36.10448994  11.45308491
2998.00 -36.15386581  11.47487599
3000.00 -36.20326464  11.49669253
3002.00 -36.25268639  11.51853453
3004.00 -36.30213107  11.54040200
3006.00 -36.35159864  11.56229494
3008.00 -36.40108910  11.58421338
3010.00 -36.45060242  11.60615730
3012.00 -36.50013859  11.62812673
3014.00 -36.54969759  11.65012167
3016.00 -36.59927941  11.67214213
3018.00 -36.64888403  11.69418811
3020.00 -36.69851143  11.71625963
3022.00 -36.74816159  11.73835669
3024.00 -36.79783450  11.76047930
3026.00 -36.84753014  11.78262748
3028.00 -36.89724849  11.80480122
3030.00 -36.94698954  11.82700054
3032.00 -36.99675327  11.84922544
3034.00 -37.04653966  11.87147593
3036.00 -37.09634869  11.89375202
3038.00 -37.14618035  11.91605372
3040.00 -37.19603463  11.93838104
3042.00 -37.24591149  11.96073397
3044.00 -37.29581094  11.98311255
3046.00 -37.34573294  12.00551676
3048.00 -37.39567749  12.02794662
3050.00 -37.44564457  12.05040213
3052.00 -37.49563415  12.07288331
3054.00 -37.54564622  12.09539016
3056.00 -37.59568077  12.11792270
3058.00 -37.64573778  12.14048091
3060.00 -37.69581723  12.16306483
3062.00 -37.74591910  12.18567445
3064.00 -37.79604338  12.20830978
3066.00 -37.84619004  12.23097082
3068.00 -37.89635908  12.25365760
3070.00 -37.94655048  12.27637011
3072.00 -37.99676421  12.29910836
3074.00 -38.04700027  12.32187236
3076.00 -38.09725863  12.34466212
3078.00 -38.14753928  12.36747765
3080.00 -38.19784220  12.39031895
3082.00 -38.24816737  12.41318603
3084.00 -38.29851477  12.43607891
3086.00 -38.34888440  12.45899757
3088.00 -38.39927623  12.48194205
3090.00 -38.44969024  12.50491233
3092.00 -38.50012642  12.52790844
3094.00 -38.55058476  12.55093037
3096.00 -38.60106522  12.57397814
3098.00 -38.65156780  12.59705175
3100.00 -38.70209249  12.62015121
3102.00 -38.75263925  12.64327653
3104.00 -38.80320808  12.66642772
3106.00 -38.85379896  12.68960477
3108.00 -38.90441187  12.71280771
3110.00 -38.95504679  12.73603654
3112.00 -39.00570372  12.75929127
3114.00 -39.05638262  12.78257190
3116.00 -39.10708348  12.80587843
3118.00 -39.15780629  12.82921089
3120.00 -39.20855103  12.85256928
3122.00 -39.25931768  12.87595359
3124.00 -39.31010623  12.89936385
3126.00 -39.36091665  12.92280006
3128.00 -39.41174893  12.94626222
3130.00 -39.46260306  12.96975034
3132.00 -39.51347901  12.99326444
3134.00 -39.56437677  13.01680451
3136.00 -39.61529633  13.04037057
3138.00 -39.66623765  13.06396263
3140.00 -39.71720074  13.08758068
3142.00 -39.76818557  13.11122474
3144.00 -39.81919212  13.13489481
3146.00 -39.87022037  13.15859091
3148.00 -39.92127032  13.18231304
3150.00 -39.97234194  13.20606120
3152.00 -40.02343521  13.22983541
3154.00 -40.07455012  13.25363567
3156.00 -40.12568666  13.27746198
3158.00 -40.17684479  13.30131437
3160.00 -40.22802451  13.32519282
3162.00 -40.27922581  13.34909736
3164.00 -40.33044865  13.37302798
3166.00 -40.38169303  13.39698470
3168.00 -40.43295893  13.42096752
3170.00 -40.48424632  13.44497644
3172.00 -40.53555521  13.46901149
3174.00 -40.58688556  13.49307266
3176.00 -40.63823735  13.51715995
3178.00 -40.68961058  13.54127339
3180.00 -40.74100523  13.56541297
3182.00 -40.79242128  13.58957870
3184.00 -40.84385870  13.61377058
3186.00 -40.89531749  13.63798864
3188.00 -40.94679762  13.66223286
3190.00 -40.99829909  13.68650327
3192.00 -41.04982187  13.71079986
3194.00 -41.10136594  13.73512265
3196.00 -41.15293129  13.75947164
3198.00 -41.20451790  13.78384683
3200.00 -41.25612576  13.80824824
3202.00 -41.30775484  13.83267587
3204.00 -41.35940513  13.85712973
3206.00 -41.41107662  13.88160982
3208.00 -41.46276928  13.90611616
3210.00 -41.51448310  13.93064874
3212.00 -41.56621805  13.95520758
3214.00 -41.61797414  13.97979268
3216.00 -41.66975133  14.00440406
3218.00 -41.72154960  14.02904170
3220.00 -41.77336895  14.05370564
3222.00 -41.82520936  14.07839586
3224.00 -41.87707080  14.10311237
3226.00 -41.92895327  14.12785520
3228.00 -41.98085674  14.15262433
3230.00 -42.03278119  14.17741978
3232.00 -42.08472661  14.20224155
3234.00 -42.13669299  14.22708965
3236.00 -42.18868030  14.25196409
3238.00 -42.24068853  14.27686488
3240.00 -42.29271766  14.30179201
3242.00 -42.34476767  14.32674550
3244.00 -42.39683855  14.35172536
3246.00 -42.44893028  14.37673158
3248.00 -42.50104284  14.40176419
3250.00 -42.55317621  14.42682317
3252.00 -42.60533038  14.45190855
3254.00 -42.65750534  14.47702032
3256.00 -42.70970105  14.50215850
3258.00 -42.76191751  14.52732309
3260.00 -42.81415470  14.55251409
3262.00 -42.86641260  14.57773152
3264.00 -42.91869120  14.60297538
3266.00 -42.97099047  14.62824567
3268.00 -43.02331041  14.65354240
3270.00 -43.07565098  14.67886559
3272.00 -43.12801219  14.70421523
3274.00 -43.18039400  14.72959133
3276.00 -43.23279640  14.75499390
3278.00 -43.28521938  14.78042294
3280.00 -43.33766291  14.80587847
3282.00 -43.39012698  14.83136048
3284.00 -43.44261158  14.85686899
3286.00 -43.49511668  14.88240400
3288.00 -43.54764227  14.90796551
3290.00 -43.60018833  14.93355354
3292.00 -43.65275484  14.95916809
3294.00 -43.70534179  14.98480916
3296.00 -43.75794916  15.01047676
3298.00 -43.81057694  15.03617091
3300.00 -43.86322509  15.06189159
3302.00 -43.91589362  15.08763883
3304.00 -43.96858250  15.11341263
3306.00 -44.02129171  15.13921299
3308.00 -44.07402123  15.16503991
3310.00 -44.12677106  15.19089342
3312.00 -44.17954116  15.21677350
3314.00 -44.23233153  15.24268018
3316.00 -44.28514215  15.26861345
3318.00 -44.33797300  15.29457331
3320.00 -44.39082406  15.32055979
3322.00 -44.44369532  15.34657288
3324.00 -44.49658676  15.37261259
3326.00 -44.54949836  15.39867892
3328.00 -44.60243010  15.42477188
3330.00 -44.65538197  15.45089148
3332.00 -44.70835395  15.47703772
3334.00 -44.76134602  15.50321062
3336.00 -44.81435817  15.52941016
3338.00 -44.86739037  15.55563637
3340.00 -44.92044262  15.58188925
3342.00 -44.97351489  15.60816880
3344.00 -45.02660717  15.63447503
3346.00 -45.07971944  15.66080794
3348.00 -45.13285168  15.68716755
3350.00 -45.18600387  15.71355385
3352.00 -45.23917600  15.73996685
3354.00 -45.29236805  15.76640657
3356.00 -45.34558001  15.79287300
3358.00 -45.39881185  15.81936615
3360.00 -45.45206356  15.84588602
3362.00 -45.50533513  15.87243263
3364.00 -45.55862652  15.89900598
3366.00 -45.61193774  15.92560607
3368.00 -45.66526875  15.95223291
3370.00 -45.71861955  15.97888651
3372.00 -45.77199011  16.00556687
3374.00 -45.82538043  16.03227400
3376.00 -45.87879047  16.05900790
3378.00 -45.93222023  16.08576857
3380.00 -45.98566968  16.11255604
3382.00 -46.03913882  16.13937029
3384.00 -46.09262761  16.16621134
3386.00 -46.14613605  16.19307919
3388.00 -46.19966412  16.21997385
3390.00 -46.25321181  16.24689533
3392.00 -46.30677908  16.27384362
3394.00 -46.36036593  16.30081873
3396.00 -46.41397234  16.32782068
3398.00 -46.46759829  16.35484946
3400.00 -46.52124377  16.38190508
3402.00 -46.57490875  16.40898755
3404.00 -46.62859323  16.43609688
3406.00 -46.68229718  16.46323306
3408.00 -46.73602058  16.49039610
3410.00 -46.78976342  16.51758602
3412.00 -46.84352569  16.54480281
3414.00 -46.89730736  16.57204648
3416.00 -46.95110841  16.59931703
3418.00 -47.00492884  16.62661448
3420.00 -47.05876862  16.65393882
3422.00 -47.11262773  16.68129007
3424.00 -47.16650616  16.70866822
3426.00 -47.22040390  16.73607329
3428.00 -47.27432091  16.76350527
3430.00 -47.32825720  16.79096418
3432.00 -47.38221273  16.81845002
3434.00 -47.43618750  16.84596279
3436.00 -47.49018148  16.87350251
3438.00 -47.54419465  16.90106916
3440.00 -47.59822701  16.92866277
3442.00 -47.65227854  16.95628334
3444.00 -47.70634920  16.98393087
3446.00 -47.76043900  17.01160536
3448.00 -47.81454791  17.03930683
3450.00 -47.86867592  17.06703527
3452.00 -47.92282300  17.09479070
3454.00 -47.97698914  17.12257312
3456.00 -48.03117432  17.15038252
3458.00 -48.08537853  17.17821893
3460.00 -48.13960175  17.20608234
3462.00 -48.19384396  17.23397276
3464.00 -48.24810515  17.26189019
3466.00 -48.30238529  17.28983465
3468.00 -48.35668437  17.31780612
3470.00 -48.41100237  17.34580463
3472.00 -48.46533928  17.37383017
3474.00 -48.51969508  17.40188275
3476.00 -48.57406974  17.42996238
3478.00 -48.62846327  17.45806906
3480.00 -48.68287562  17.48620279
3482.00 -48.73730680  17.51436358
3484.00 -48.79175678  17.54255144
3486.00 -48.84622554  17.57076637
3488.00 -48.90071308  17.59900837
3490.00 -48.95521936  17.62727745
3492.00 -49.00974437  17.65557362
3494.00 -49.06428811  17.68389688
3496.00 -49.11885054  17.71224724
3498.00 -49.17343165  17.74062469
3500.00 -49.22803143  17.76902925
3502.00 -49.28264985  17.79746092
3504.00 -49.33728691  17.82591971
3506.00 -49.39194257  17.85440561
3508.00 -49.44661684  17.88291865
3510.00 -49.50130968  17.91145881
3512.00 -49.55602108  17.94002610
3514.00 -49.61075103  17.96862054
3516.00 -49.66549950  17.99724212
3518.00 -49.72026649  18.02589085
3520.00 -49.77505196  18.05456673
3522.00 -49.82985591  18.08326978
3524.00 -49.88467832  18.11199998
3526.00 -49.93951918  18.14075736
3528.00 -49.99437845  18.16954191
3530.00 -50.04925613  18.19835363
3532.00 -50.10415220  18.22719254
3534.00 -50.15906665  18.25605864
3536.00 -50.21399944  18.28495193
3538.00 -50.26895058  18.31387242
3540.00 -50.32392004  18.34282011
3542.00 -50.37890780  18.37179501
3544.00 -50.43391385  18.40079711
3546.00 -50.48893816  18.42982644
3548.00 -50.54398073  18.45888298
3550.00 -50.59904153  18.48796675
3552.00 -50.65412055  18.51707775
3554.00 -50.70921777  18.54621598
3556.00 -50.76433318  18.57538145
3558.00 -50.81946675  18.60457416
3560.00 -50.87461847  18.63379413
3562.00 -50.92978832  18.66304134
3564.00 -50.98497628  18.69231582
3566.00 -51.04018235  18.72161755
3568.00 -51.09540649  18.75094655
3570.00 -51.15064870  18.78030283
3572.00 -51.20590895  18.80968637
3574.00 -51.26118723  18.83909720
3576.00 -51.31648352  18.86853531
3578.00 -51.37179781  18.89800071
3580.00 -51.42713007  18.92749341
3582.00 -51.48248029  18.95701340
3584.00 -51.53784846  18.98656069
3586.00 -51.59323455  19.01613529
3588.00 -51.64863855  19.04573720
3590.00 -51.70406045  19.07536642
3592.00 -51.75950021  19.10502297
3594.00 -51.81495784  19.13470684
3596.00 -51.87043330  19.16441803
3598.00 -51.92592659  19.19415656
3600.00 -51.98143768  19.22392243
3602.00 -52.03696656  19.25371564
3604.00 -52.09251321  19.28353619
3606.00 -52.14807762  19.31338409
3608.00 -52.20365976  19.34325935
3610.00 -52.25925962  19.37316197
3612.00 -52.31487719  19.40309194
3614.00 -52.37051244  19.43304929
3616.00 -52.42616536  19.46303401
3618.00 -52.48183593  19.49304610
3620.00 -52.53752413  19.52308557
3622.00 -52.59322995  19.55315242
3624.00 -52.64895338  19.58324666
3626.00 -52.70469438  19.61336829
3628.00 -52.76045295  19.64351732
3630.00 -52.81622907  19.67369375
3632.00 -52.87202272  19.70389759
3634.00 -52.92783388  19.73412883
3636.00 -52.98366254  19.76438748
3638.00 -53.03950868  19.79467355
3640.00 -53.09537228  19.82498705
3642.00 -53.15125333  19.85532796
3644.00 -53.20715181  19.88569631
3646.00 -53.26306770  19.91609208
3648.00 -53.31900098  19.94651530
3650.00 -53.37495164  19.97696595
3652.00 -53.43091966  20.00744405
3654.00 -53.48690502  20.03794960
3656.00 -53.54290771  20.06848260
3658.00 -53.59892770  20.09904306
3660.00 -53.65496499  20.12963098
3662.00 -53.71101955  20.16024636
3664.00 -53.76709137  20.19088921
3666.00 -53.82318043  20.22155953
3668.00 -53.87928672  20.25225733
3670.00 -53.93541020  20.28298261
3672.00 -53.99155088  20.31373537
3674.00 -54.04770873  20.34451562
3676.00 -54.10388373  20.37532336
3678.00 -54.16007587  20.40615860
3680.00 -54.21628514  20.43702134
3682.00 -54.27251150  20.46791158
3684.00 -54.32875495  20.49882932
3686.00 -54.38501547  20.52977458
3688.00 -54.44129304  20.56074735
3690.00 -54.49758765  20.59174764
3692.00 -54.55389927  20.62277545
3694.00 -54.61022790  20.65383079
3696.00 -54.66657351  20.68491365
3698.00 -54.72293608  20.71602405
3700.00 -54.77931561  20.74716199
3702.00 -54.83571206  20.77832746
3704.00 -54.89212543  20.80952048
3706.00 -54.94855570  20.84074105
3708.00 -55.00500286  20.87198917
3710.00 -55.06146687  20.90326484
3712.00 -55.11794773  20.93456807
3714.00 -55.17444542  20.96589886
3716.00 -55.23095993  20.99725722
3718.00 -55.28749123  21.02864315
3720.00 -55.34403931  21.06005665
3722.00 -55.40060415  21.09149773
3724.00 -55.45718573  21.12296639
3726.00 -55.51378404  21.15446263
3728.00 -55.57039907  21.18598645
3730.00 -55.62703078  21.21753787
3732.00 -55.68367917  21.24911688
3734.00 -55.74034422  21.28072349
3736.00 -55.79702592  21.31235770
3738.00 -55.85372424  21.34401952
3740.00 -55.91043916  21.37570894
3742.00 -55.96717068  21.40742597
3744.00 -56.02391877  21.43917062
3746.00 -56.08068342  21.47094288
3748.00 -56.13746460  21.50274277
3750.00 -56.19426231  21.53457028
3752.00 -56.25107653  21.56642542
3754.00 -56.30790723  21.59830819
3756.00 -56.36475441  21.63021860
3758.00 -56.42161804  21.66215664
3760.00 -56.47849811  21.69412232
3762.00 -56.53539459  21.72611565
3764.00 -56.59230749  21.75813663
3766.00 -56.64923676  21.79018526
3768.00 -56.70618241  21.82226154
3770.00 -56.76314441  21.85436548
3772.00 -56.82012275  21.88649709
3774.00 -56.87711740  21.91865635
3776.00 -56.93412835  21.95084329
3778.00 -56.99115559  21.98305789
3780.00 -57.04819910  22.01530017
3782.00 -57.10525886  22.04757012
3784.00 -57.16233484  22.07986776
3786.00 -57.21942705  22.11219308
3788.00 -57.27653546  22.14454608
3790.00 -57.33366004  22.17692678
3792.00 -57.39080079  22.20933516
3794.00 -57.44795770  22.24177125
3796.00 -57.50513073  22.27423503
3798.00 -57.56231987  22.30672651
3800.00 -57.61952512  22.33924570
3802.00 -57.67674644  22.37179260
3804.00 -57.73398383  22.40436721
3806.00 -57.79123726  22.43696953
3808.00 -57.84850672  22.46959957
3810.00 -57.90579219  22.50225733
3812.00 -57.96309366  22.53494281
3814.00 -58.02041111  22.56765602
3816.00 -58.07774452  22.60039696
3818.00 -58.13509387  22.63316563
3820.00 -58.19245915  22.66596204
3822.00 -58.24984034  22.69878618
3824.00 -58.30723743  22.73163806
3826.00 -58.36465039  22.76451769
3828.00 -58.42207921  22.79742507
3830.00 -58.47952387  22.83036019
3832.00 -58.53698436  22.86332307
3834.00 -58.59446065  22.89631370
3836.00 -58.65195274  22.92933209
3838.00 -58.70946061  22.96237824
3840.00 -58.76698423  22.99545216
3842.00 -58.82452359  23.02855384
3844.00 -58.88207867  23.06168329
3846.00 -58.93964946  23.09484051
3848.00 -58.99723595  23.12802551
3850.00 -59.05483810  23.16123829
3852.00 -59.11245591  23.19447885
3854.00 -59.17008936  23.22774719
3856.00 -59.22773843  23.26104331
3858.00 -59.28540311  23.29436723
3860.00 -59.34308338  23.32771893
3862.00 -59.40077921  23.36109843
3864.00 -59.45849060  23.39450573
3866.00 -59.51621753  23.42794083
3868.00 -59.57395998  23.46140373
3870.00 -59.63171794  23.49489443
3872.00 -59.68949138  23.52841294
3874.00 -59.74728029  23.56195926
3876.00 -59.80508465  23.59553339
3878.00 -59.86290445  23.62913534
3880.00 -59.92073966  23.66276511
3882.00 -59.97859028  23.69642269
3884.00 -60.03645629  23.73010810
3886.00 -60.09433766  23.76382134
3888.00 -60.15223439  23.79756240
3890.00 -60.21014645  23.83133129
3892.00 -60.26807383  23.86512802
3894.00 -60.32601651  23.89895258
3896.00 -60.38397447  23.93280498
3898.00 -60.44194770  23.96668522
3900.00 -60.49993618  24.00059331
3902.00 -60.55793989  24.03452923
3904.00 -60.61595882  24.06849301
3906.00 -60.67399295  24.10248464
3908.00 -60.73204226  24.13650412
3910.00 -60.79010674  24.17055145
3912.00 -60.84818637  24.20462664
3914.00 -60.90628113  24.23872969
3916.00 -60.96439100  24.27286061
3918.00 -61.02251597  24.30701939
3920.00 -61.08065603  24.34120603
3922.00 -61.13881114  24.37542055
3924.00 -61.19698131  24.40966293
3926.00 -61.25516651  24.44393319
3928.00 -61.31336672  24.47823133
3930.00 -61.37158193  24.51255734
3932.00 -61.42981212  24.54691124
3934.00 -61.48805727  24.58129302
3936.00 -61.54631737  24.61570268
3938.00 -61.60459240  24.65014023
3940.00 -61.66288235  24.68460567
3942.00 -61.72118719  24.71909900
3944.00 -61.77950691  24.75362023
3946.00 -61.83784149  24.78816935
3948.00 -61.89619091  24.82274637
3950.00 -61.95455517  24.85735130
3952.00 -62.01293424  24.89198412
3954.00 -62.07132811  24.92664485
3956.00 -62.12973675  24.96133349
3958.00 -62.18816015  24.99605003
3960.00 -62.24659830  25.03079449
3962.00 -62.30505118  25.06556686
3964.00 -62.36351877  25.10036715
3966.00 -62.42200106  25.13519535
3968.00 -62.48049802  25.17005147
3970.00 -62.53900964  25.20493552
3972.00 -62.59753591  25.23984748
3974.00 -62.65607680  25.27478738
3976.00 -62.71463231  25.30975520
3978.00 -62.77320241  25.34475095
3980.00 -62.83178709  25.37977463
3982.00 -62.89038632  25.41482625
3984.00 -62.94900011  25.44990580
3986.00 -63.00762841  25.48501329
3988.00 -63.06627123  25.52014872
3990.00 -63.12492854  25.55531209
3992.00 -63.18360033  25.59050341
3994.00 -63.24228658  25.62572267
3996.00 -63.30098727  25.66096988
3998.00 -63.35970239  25.69624503
4000.00 -63.41843192  25.73154814
4002.00 -63.47717584  25.76687920
4004.00 -63.53593413  25.80223821
4006.00 -63.59470679  25.83762518
4008.00 -63.65349379  25.87304011
4010.00 -63.71229511  25.90848300
4012.00 -63.77111075  25.94395385
4014.00 -63.82994067  25.97945267
4016.00 -63.88878488  26.01497945
4018.00 -63.94764334  26.05053420
4020.00 -64.00651604  26.08611691
4022.00 -64.06540297  26.12172760
4024.00 -64.12430411  26.15736626
4026.00 -64.18321944  26.19303290
4028.00 -64.24214895  26.22872751
4030.00 -64.30109261  26.26445009
4032.00 -64.36005042  26.30020066
4034.00 -64.41902236  26.33597921
4036.00 -64.47800840  26.37178574
4038.00 -64.53700853  26.40762026
4040.00 -64.59602274  26.44348276
4042.00 -64.65505101  26.47937325
4044.00 -64.71409332  26.51529172
4046.00 -64.77314966  26.55123819
4048.00 -64.83222001  26.58721265
4050.00 -64.89130434  26.62321511
4052.00 -64.95040266  26.65924556
4054.00 -65.00951493  26.69530401
4056.00 -65.06864114  26.73139045
4058.00 -65.12778128  26.76750490
4060.00 -65.18693533  26.80364735
4062.00 -65.24610327  26.83981780
4064.00 -65.30528509  26.87601626
4066.00 -65.36448076  26.91224272
4068.00 -65.42369028  26.94849719
4070.00 -65.48291362  26.98477967
4072.00 -65.54215078  27.02109016
4074.00 -65.60140172  27.05742866
4076.00 -65.66066644  27.09379518
4078.00 -65.71994492  27.13018971
4080.00 -65.77923715  27.16661226
4082.00 -65.83854309  27.20306282
4084.00 -65.89786275  27.23954141
4086.00 -65.95719610  27.27604801
4088.00 -66.01654313  27.31258264
4090.00 -66.07590382  27.34914529
4092.00 -66.13527815  27.38573596
4094.00 -66.19466610  27.42235467
4096.00 -66.25406767  27.45900139
4098.00 -66.31348283  27.49567615
4100.00 -66.37291156  27.53237894
4102.00 -66.43235386  27.56910975
4104.00 -66.49180970  27.60586860
4106.00 -66.55127907  27.64265549
4108.00 -66.61076194  27.67947041
4110.00 -66.67025831  27.71631336
4112.00 -66.72976816  27.75318435
4114.00 -66.78929147  27.79008338
4116.00 -66.84882822  27.82701045
4118.00 -66.90837840  27.86396556
4120.00 -66.96794200  27.90094872
4122.00 -67.02751898  27.93795992
4124.00 -67.08710935  27.97499916
4126.00 -67.14671307  28.01206645
4128.00 -67.20633014  28.04916178
4130.00 -67.26596054  28.08628516
4132.00 -67.32560425  28.12343659
4134.00 -67.38526126  28.16061608
4136.00 -67.44493154  28.19782361
4138.00 -67.50461509  28.23505919
4140.00 -67.56431188  28.27232283
4142.00 -67.62402191  28.30961453
4144.00 -67.68374514  28.34693428
4146.00 -67.74348157  28.38428208
4148.00 -67.80323118  28.42165794
4150.00 -67.86299396  28.45906187
4152.00 -67.92276988  28.49649385
4154.00 -67.98255893  28.53395389
4156.00 -68.04236110  28.57144199
4158.00 -68.10217636  28.60895816
4160.00 -68.16200471  28.64650239
4162.00 -68.22184612  28.68407468
4164.00 -68.28170057  28.72167504
4166.00 -68.34156806  28.75930347
4168.00 -68.40144856  28.79695996
4170.00 -68.46134207  28.83464453
4172.00 -68.52124855  28.87235716
4174.00 -68.58116800  28.91009786
4176.00 -68.64110040  28.94786663
4178.00 -68.70104573  28.98566347
4180.00 -68.76100398  29.02348839
4182.00 -68.82097513  29.06134138
4184.00 -68.88095916  29.09922244
4186.00 -68.94095606  29.13713158
4188.00 -69.00096581  29.17506880
4190.00 -69.06098840  29.21303409
4192.00 -69.12102380  29.25102746
4194.00 -69.18107200  29.28904891
4196.00 -69.24113299  29.32709843
4198.00 -69.30120675  29.36517604
4200.00 -69.36129326  29.40328172
4202.00 -69.42139250  29.44141549
4204.00 -69.48150447  29.47957734
4206.00 -69.54162914  29.51776727
4208.00 -69.60176649  29.55598529
4210.00 -69.66191652  29.59423139
4212.00 -69.72207920  29.63250557
4214.00 -69.78225452  29.67080784
4216.00 -69.84244245  29.70913820
4218.00 -69.90264300  29.74749664
4220.00 -69.96285613  29.78588317
4222.00 -70.02308183  29.82429779
4224.00 -70.08332009  29.86274049
4226.00 -70.14357089  29.90121129
4228.00 -70.20383422  29.93971017
4230.00 -70.26411004  29.97823715
4232.00 -70.32439836  30.01679221
4234.00 -70.38469916  30.05537537
4236.00 -70.44501241  30.09398662
4238.00 -70.50533810  30.13262596
4240.00 -70.56567622  30.17129340
4242.00 -70.62602675  30.20998892
4244.00 -70.68638967  30.24871255
4246.00 -70.74676497  30.28746426
4248.00 -70.80715262  30.32624407
4250.00 -70.86755262  30.36505198
4252.00 -70.92796495  30.40388798
4254.00 -70.98838959  30.44275208
4256.00 -71.04882652  30.48164428
4258.00 -71.10927573  30.52056457
4260.00 -71.16973720  30.55951296
4262.00 -71.23021092  30.59848945
4264.00 -71.29069687  30.63749404
4266.00 -71.35119503  30.67652672
4268.00 -71.41170539  30.71558751
4270.00 -71.47222794  30.75467639
4272.00 -71.53276264  30.79379338
4274.00 -71.59330949  30.83293846
4276.00 -71.65386848  30.87211165
4278.00 -71.71443958  30.91131293
4280.00 -71.77502278  30.95054232
4282.00 -71.83561807  30.98979981
4284.00 -71.89622542  31.02908540
4286.00 -71.95684482  31.06839909
4288.00 -72.01747626  31.10774089
4290.00 -72.07811972  31.14711078
4292.00 -72.13877517  31.18650878
4294.00 -72.19944262  31.22593489
4296.00 -72.26012203  31.26538909
4298.00 -72.32081340  31.30487140
4300.00 -72.38151671  31.34438181
4302.00 -72.44223193  31.38392033
4304.00 -72.50295907  31.42348695
4306.00 -72.56369809  31.46308168
4308.00 -72.62444898  31.50270451
4310.00 -72.68521173  31.54235544
4312.00 -72.74598632  31.58203448
4314.00 -72.80677274  31.62174162
4316.00 -72.86757096  31.66147687
4318.00 -72.92838098  31.70124022
4320.00 -72.98920277  31.74103168
4322.00 -73.05003632  31.78085124
4324.00 -73.11088161  31.82069891
4326.00 -73.17173864  31.86057469
4328.00 -73.23260737  31.90047856
4330.00 -73.29348780  31.94041055
4332.00 -73.35437990  31.98037064
4334.00 -73.41528367  32.02035883
4336.00 -73.47619909  32.06037513
4338.00 -73.53712614  32.10041954
4340.00 -73.59806480  32.14049205
4342.00 -73.65901506  32.18059266
4344.00 -73.71997690  32.22072139
4346.00 -73.78095031  32.26087821
4348.00 -73.84193527  32.30106315
4350.00 -73.90293176  32.34127618
4352.00 -73.96393977  32.38151733
4354.00 -74.02495929  32.42178657
4356.00 -74.08599028  32.46208392
4358.00 -74.14703275  32.50240938
4360.00 -74.20808668  32.54276294
4362.00 -74.26915203  32.58314461
4364.00 -74.33022882  32.62355438
4366.00 -74.39131700  32.66399226
4368.00 -74.45241658  32.70445823
4370.00 -74.51352753  32.74495232
4372.00 -74.57464983  32.78547450
4374.00 -74.63578348  32.82602479
4376.00 -74.69692846  32.86660319
4378.00 -74.75808474  32.90720968
4380.00 -74.81925231  32.94784428
4382.00 -74.88043117  32.98850699
4384.00 -74.94162128  33.02919779
4386.00 -75.00282264  33.06991670
4388.00 -75.06403523  33.11066371
4390.00 -75.12525903  33.15143882
4392.00 -75.18649403  33.19224203
4394.00 -75.24774021  33.23307334
4396.00 -75.30899756  33.27393276
4398.00 -75.37026605  33.31482027
4400.00 -75.43154568  33.35573589
4402.00 -75.49283643  33.39667960
4404.00 -75.55413827  33.43765141
4406.00 -75.61545121  33.47865133
4408.00 -75.67677521  33.51967934
4410.00 -75.73811026  33.56073545
4412.00 -75.79945636  33.60181966
4414.00 -75.86081347  33.64293196
4416.00 -75.92218159  33.68407237
4418.00 -75.98356070  33.72524086
4420.00 -76.04495079  33.76643746
4422.00 -76.10635183  33.80766215
4424.00 -76.16776381  33.84891494
4426.00 -76.22918672  33.89019582
4428.00 -76.29062054  33.93150480
4430.00 -76.35206526  33.97284187
4432.00 -76.41352085  34.01420703
4434.00 -76.47498730  34.05560029
4436.00 -76.53646460  34.09702164
4438.00 -76.59795274  34.13847108
4440.00 -76.65945168  34.17994862
4442.00 -76.72096143  34.22145424
4444.00 -76.78248196  34.26298796
4446.00 -76.84401325  34.30454976
4448.00 -76.90555530  34.34613966
4450.00 -76.96710808  34.38775764
4452.00 -77.02867158  34.42940371
4454.00 -77.09024579  34.47107787
4456.00 -77.15183068  34.51278011
4458.00 -77.21342625  34.55451045
4460.00 -77.27503247  34.59626886
4462.00 -77.33664933  34.63805537
4464.00 -77.39827682  34.67986995
4466.00 -77.45991492  34.72171262
4468.00 -77.52156361  34.76358338
4470.00 -77.58322287  34.80548221
4472.00 -77.64489270  34.84740913
4474.00 -77.70657307  34.88936413
4476.00 -77.76826397  34.93134721
4478.00 -77.82996539  34.97335837
4480.00 -77.89167730  35.01539760
4482.00 -77.95339970  35.05746492
4484.00 -78.01513256  35.09956031
4486.00 -78.07687588  35.14168378
4488.00 -78.13862962  35.18383533
4490.00 -78.20039379  35.22601495
4492.00 -78.26216836  35.26822264
4494.00 -78.32395332  35.31045841
4496.00 -78.38574866  35.35272225
4498.00 -78.44755434  35.39501416
4500.00 -78.50937037  35.43733414
4502.00 -78.57119672  35.47968220
4504.00 -78.63303339  35.52205832
4506.00 -78.69488034  35.56446251
4508.00 -78.75673757  35.60689477
4510.00 -78.81860507  35.64935509
4512.00 -78.88048281  35.69184348
4514.00 -78.94237078  35.73435994
4516.00 -79.00426897  35.77690446
4518.00 -79.06617735  35.81947704
4520.00 -79.12809592  35.86207769
4522.00 -79.19002466  35.90470639
4524.00 -79.25196355  35.94736316
4526.00 -79.31391257  35.99004799
4528.00 -79.37587172  36.03276087
4530.00 -79.43784097  36.07550181
4532.00 -79.49982031  36.11827081
4534.00 -79.56180972  36.16106786
4536.00 -79.62380920  36.20389297
4538.00 -79.68581871  36.24674613
4540.00 -79.74783825  36.28962734
4542.00 -79.80986780  36.33253661
4544.00 -79.87190735  36.37547392
4546.00 -79.93395688  36.41843928
4548.00 -79.99601637  36.46143269
4550.00 -80.05808581  36.50445415
4552.00 -80.12016518  36.54750366
4554.00 -80.18225448  36.59058121
4556.00 -80.24435367  36.63368680
4558.00 -80.30646275  36.67682044
4560.00 -80.36858170  36.71998211
4562.00 -80.43071050  36.76317183
4564.00 -80.49284915  36.80638959
4566.00 -80.55499762  36.84963538
4568.00 -80.61715589  36.89290921
4570.00 -80.67932396  36.93621108
4572.00 -80.74150181  36.97954098
4574.00 -80.80368942  37.02289892
4576.00 -80.86588677  37.06628488
4578.00 -80.92809386  37.10969888
4580.00 -80.99031066  37.15314091
4582.00 -81.05253716  37.19661097
4584.00 -81.11477334  37.24010905
4586.00 -81.17701920  37.28363516
4588.00 -81.23927470  37.32718930
4590.00 -81.30153985  37.37077145
4592.00 -81.36381461  37.41438163
4594.00 -81.42609898  37.45801983
4596.00 -81.48839294  37.50168606
4598.00 -81.55069648  37.54538029
4600.00 -81.61300958  37.58910255
4602.00 -81.67533222  37.63285282
4604.00 -81.73766439  37.67663111
4606.00 -81.80000608  37.72043741
4608.00 -81.86235726  37.76427172
4610.00 -81.92471793  37.80813404
4612.00 -81.98708806  37.85202437
4614.00 -82.04946765  37.89594270
4616.00 -82.11185667  37.93988905
4618.00 -82.17425511  37.98386339
4620.00 -82.23666296  38.02786575
4622.00 -82.29908019  38.07189610
4624.00 -82.36150680  38.11595445
4626.00 -82.42394278  38.16004080
4628.00 -82.48638809  38.20415515
4630.00 -82.54884273  38.24829750
4632.00 -82.61130669  38.29246784
4634.00 -82.67377994  38.33666617
4636.00 -82.73626248  38.38089250
4638.00 -82.79875428  38.42514682
4640.00 -82.86125533  38.46942912
4642.00 -82.92376562  38.51373941
4644.00 -82.98628513  38.55807769
4646.00 -83.04881385  38.60244395
4648.00 -83.11135176  38.64683819
4650.00 -83.17389884  38.69126042
4652.00 -83.23645508  38.73571062
4654.00 -83.29902046  38.78018880
4656.00 -83.36159497  38.82469496
4658.00 -83.42417860  38.86922909
4660.00 -83.48677132  38.91379120
4662.00 -83.54937312  38.95838128
4664.00 -83.61198400  39.00299932
4666.00 -83.67460392  39.04764534
4668.00 -83.73723288  39.09231932
4670.00 -83.79987086  39.13702127
4672.00 -83.86251785  39.18175118
4674.00 -83.92517383  39.22650905
4676.00 -83.98783879  39.27129488
4678.00 -84.05051270  39.31610867
4680.00 -84.11319556  39.36095042
4682.00 -84.17588735  39.40582012
4684.00 -84.23858805  39.45071777
4686.00 -84.30129766  39.49564338
4688.00 -84.36401614  39.54059693
4690.00 -84.42674350  39.58557843
4692.00 -84.48947971  39.63058788
4694.00 -84.55222475  39.67562528
4696.00 -84.61497862  39.72069061
4698.00 -84.67774130  39.76578389
4700.00 -84.74051277  39.81090511
4702.00 -84.80329302  39.85605426
4704.00 -84.86608203  39.90123135
4706.00 -84.92887978  39.94643638
4708.00 -84.99168627  39.99166933
4710.00 -85.05450147  40.03693022
4712.00 -85.11732538  40.08221903
4714.00 -85.18015797  40.12753577
4716.00 -85.24299923  40.17288043
4718.00 -85.30584915  40.21825302
4720.00 -85.36870771  40.26365353
4722.00 -85.43157489  40.30908195
4724.00 -85.49445069  40.35453830
4726.00 -85.55733508  40.40002255
4728.00 -85.62022805  40.44553473
4730.00 -85.68312958  40.49107481
4732.00 -85.74603967  40.53664280
4734.00 -85.80895828  40.58223870
4736.00 -85.87188542  40.62786251
4738.00 -85.93482107  40.67351421
4740.00 -85.99776520  40.71919382
4742.00 -86.06071780  40.76490133
4744.00 -86.12367887  40.81063674
4746.00 -86.18664838  40.85640004
4748.00 -86.24962631  40.90219124
4750.00 -86.31261267  40.94801033
4752.00 -86.37560742  40.99385730
4754.00 -86.43861055  41.03973217
4756.00 -86.50162205  41.08563492
4758.00 -86.56464191  41.13156555
4760.00 -86.62767010  41.17752407
4762.00 -86.69070662  41.22351046
4764.00 -86.75375145  41.26952473
4766.00 -86.81680457  41.31556688
4768.00 -86.87986597  41.36163690
4770.00 -86.94293563  41.40773479
4772.00 -87.00601354  41.45386055
4774.00 -87.06909968  41.50001417
4776.00 -87.13219404  41.54619566
4778.00 -87.19529661  41.59240502
4780.00 -87.25840736  41.63864223
4782.00 -87.32152629  41.68490730
4784.00 -87.38465337  41.73120023
4786.00 -87.44778860  41.77752101
4788.00 -87.51093196  41.82386964
4790.00 -87.57408343  41.87024612
4792.00 -87.63724299  41.91665045
4794.00 -87.70041065  41.96308262
4796.00 -87.76358637  42.00954264
4798.00 -87.82677014  42.05603050
4800.00 -87.88996195  42.10254619
4802.00 -87.95316179  42.14908973
4804.00 -88.01636963  42.19566109
4806.00 -88.07958547  42.24226029
4808.00 -88.14280929  42.28888732
4810.00 -88.20604107  42.33554217
4812.00 -88.26928080  42.38222485
4814.00 -88.33252847  42.42893535
4816.00 -88.39578405  42.47567367
4818.00 -88.45904754  42.52243981
4820.00 -88.52231892  42.56923376
4822.00 -88.58559817  42.61605553
4824.00 -88.64888529  42.66290511
4826.00 -88.71218024  42.70978249
4828.00 -88.77548303  42.75668769
4830.00 -88.83879364  42.80362068
4832.00 -88.90211204  42.85058148
4834.00 -88.96543823  42.89757008
4836.00 -89.02877219  42.94458647
4838.00 -89.09211391  42.99163066
4840.00 -89.15546336  43.03870264
4842.00 -89.21882055  43.08580241
4844.00 -89.28218544  43.13292996
4846.00 -89.34555803  43.18008531
4848.00 -89.40893831  43.22726843
4850.00 -89.47232625  43.27447933
4852.00 -89.53572184  43.32171801
4854.00 -89.59912507  43.36898446
4856.00 -89.66253593  43.41627869
4858.00 -89.72595439  43.46360069
4860.00 -89.78938044  43.51095045
4862.00 -89.85281407  43.55832798
4864.00 -89.91625527  43.60573327
4866.00 -89.97970402  43.65316632
4868.00 -90.04316030  43.70062713
4870.00 -90.10662410  43.74811569
4872.00 -90.17009540  43.79563200
4874.00 -90.23357419  43.84317607
4876.00 -90.29706046  43.89074788
4878.00 -90.36055419  43.93834743
4880.00 -90.42405537  43.98597473
4882.00 -90.48756398  44.03362976
4884.00 -90.55108000  44.08131254
4886.00 -90.61460343  44.12902304
4888.00 -90.67813424  44.17676128
4890.00 -90.74167242  44.22452725
4892.00 -90.80521797  44.27232094
4894.00 -90.86877085  44.32014236
4896.00 -90.93233107  44.36799150
4898.00 -90.99589859  44.41586835
4900.00 -91.05947342  44.46377292
4902.00 -91.12305553  44.51170521
4904.00 -91.18664492  44.55966520
4906.00 -91.25024155  44.60765291
4908.00 -91.31384543  44.65566831
4910.00 -91.37745654  44.70371142
4912.00 -91.44107485  44.75178223
4914.00 -91.50470036  44.79988074
4916.00 -91.56833306  44.84800694
4918.00 -91.63197292  44.89616083
4920.00 -91.69561993  44.94434241
4922.00 -91.75927409  44.99255167
4924.00 -91.82293537  45.04078862
4926.00 -91.88660375  45.08905325
4928.00 -91.95027923  45.13734555
4930.00 -92.01396180  45.18566553
4932.00 -92.07765142  45.23401318
4934.00 -92.14134810  45.28238850
4936.00 -92.20505182  45.33079149
4938.00 -92.26876255  45.37922214
4940.00 -92.33248030  45.42768045
4942.00 -92.39620504  45.47616642
4944.00 -92.45993675  45.52468004
4946.00 -92.52367543  45.57322132
4948.00 -92.58742106  45.62179024
4950.00 -92.65117363  45.67038681
4952.00 -92.71493311  45.71901103
4954.00 -92.77869951  45.76766288
4956.00 -92.84247279  45.81634238
4958.00 -92.90625295  45.86504950
4960.00 -92.97003997  45.91378426
4962.00 -93.03383384  45.96254665
4964.00 -93.09763455  46.01133666
4966.00 -93.16144207  46.06015430
4968.00 -93.22525640  46.10899956
4970.00 -93.28907752  46.15787243
4972.00 -93.35290541  46.20677292
4974.00 -93.41674007  46.25570102
4976.00 -93.48058147  46.30465673
4978.00 -93.54442961  46.35364004
4980.00 -93.60828447  46.40265095
4982.00 -93.67214602  46.45168947
4984.00 -93.73601427  46.50075558
4986.00 -93.79988920  46.54984928
4988.00 -93.86377078  46.59897057
4990.00 -93.92765901  46.64811946
4992.00 -93.99155387  46.69729592
4994.00 -94.05545535  46.74649997
4996.00 -94.11936344  46.79573159
4998.00 -94.18327811  46.84499079
5000.00 -94.24719936  46.89427756
