wavelength(nm)         real         imag
100.00   3.77743474   0.00117122
102.00   3.77248357   0.00124291
104.00   3.76743440   0.00131746
106.00   3.76228722   0.00139493
108.00   3.75704205   0.00147538
110.00   3.75169887   0.00155887
112.00   3.74625770   0.00164544
114.00   3.74071854   0.00173517
116.00   3.73508138   0.00182810
118.00   3.72934624   0.00192429
120.00   3.72351311   0.00202379
122.00   3.71758200   0.00212667
124.00   3.71155290   0.00223297
126.00   3.70542583   0.00234276
128.00   3.69920078   0.00245609
130.00   3.69287775   0.00257301
132.00   3.68645676   0.00269359
134.00   3.67993780   0.00281788
136.00   3.67332087   0.00294593
138.00   3.66660598   0.00307780
140.00   3.65979314   0.00321355
142.00   3.65288233   0.00335324
144.00   3.64587358   0.00349691
146.00   3.63876687   0.00364463
148.00   3.63156222   0.00379645
150.00   3.62425963   0.00395242
152.00   3.61685909   0.00411262
154.00   3.60936062   0.00427708
156.00   3.60176421   0.00444587
158.00   3.59406987   0.00461904
160.00   3.58627761   0.00479664
162.00   3.57838742   0.00497875
164.00   3.57039931   0.00516540
166.00   3.56231329   0.00535666
168.00   3.55412935   0.00555258
170.00   3.54584750   0.00575322
172.00   3.53746775   0.00595864
174.00   3.52899009   0.00616889
176.00   3.52041454   0.00638402
178.00   3.51174109   0.00660410
180.00   3.50296975   0.00682917
182.00   3.49410052   0.00705930
184.00   3.48513341   0.00729455
186.00   3.47606842   0.00753495
188.00   3.46690555   0.00778059
190.00   3.45764481   0.00803150
192.00   3.44828621   0.00828775
194.00   3.43882974   0.00854939
196.00   3.42927541   0.00881647
198.00   3.41962323   0.00908906
200.00   3.40987320   0.00936721
202.00   3.40002532   0.00965098
204.00   3.39007960   0.00994041
206.00   3.38003604   0.01023558
208.00   3.36989465   0.01053653
210.00   3.35965542   0.01084331
212.00   3.34931838   0.01115600
214.00   3.33888351   0.01147463
216.00   3.32835083   0.01179927
218.00   3.31772034   0.01212998
220.00   3.30699204   0.01246680
222.00   3.29616594   0.01280980
224.00   3.28524204   0.01315904
226.00   3.27422036   0.01351456
228.00   3.26310088   0.01387642
230.00   3.25188362   0.01424468
232.00   3.24056859   0.01461940
234.00   3.22915578   0.01500063
236.00   3.21764521   0.01538843
238.00   3.20603687   0.01578284
240.00   3.19433078   0.01618394
242.00   3.18252693   0.01659178
244.00   3.17062534   0.01700640
246.00   3.15862600   0.01742787
248.00   3.14652893   0.01785625
250.00   3.13433413   0.01829158
252.00   3.12204160   0.01873393
254.00   3.10965135   0.01918335
256.00   3.09716339   0.01963989
258.00   3.08457771   0.02010362
260.00   3.07189434   0.02057458
262.00   3.05911326   0.02105284
264.00   3.04623449   0.02153845
266.00   3.03325804   0.02203147
268.00   3.02018390   0.02253194
270.00   3.00701208   0.02303994
272.00   2.99374260   0.02355550
274.00   2.98037545   0.02407870
276.00   2.96691064   0.02460958
278.00   2.95334819   0.02514821
280.00   2.93968808   0.02569463
282.00   2.92593033   0.02624890
284.00   2.91207495   0.02681108
286.00   2.89812194   0.02738122
288.00   2.88407131   0.02795939
290.00   2.86992306   0.02854563
292.00   2.85567720   0.02914000
294.00   2.84133374   0.02974256
296.00   2.82689268   0.03035336
298.00   2.81235403   0.03097246
300.00   2.79771779   0.03159992
302.00   2.78298397   0.03223579
304.00   2.76815258   0.03288012
306.00   2.75322363   0.03353298
308.00   2.73819712   0.03419441
310.00   2.72307305   0.03486448
312.00   2.70785144   0.03554323
314.00   2.69253229   0.03623073
316.00   2.67711561   0.03692703
318.00   2.66160140   0.03763219
320.00   2.64598967   0.03834626
322.00   2.63028043   0.03906930
324.00   2.61447368   0.03980136
326.00   2.59856944   0.04054250
328.00   2.58256770   0.04129278
330.00   2.56646848   0.04205224
332.00   2.55027179   0.04282095
334.00   2.53397762   0.04359897
336.00   2.51758599   0.04438634
338.00   2.50109690   0.04518313
340.00   2.48451036   0.04598938
342.00   2.46782638   0.04680516
344.00   2.45104497   0.04763052
346.00   2.43416613   0.04846551
348.00   2.41718987   0.04931020
350.00   2.40011620   0.05016463
352.00   2.38294512   0.05102886
354.00   2.36567665   0.05190296
356.00   2.34831078   0.05278696
358.00   2.33084753   0.05368094
360.00   2.31328691   0.05458494
362.00   2.29562893   0.05549902
364.00   2.27787358   0.05642324
366.00   2.26002088   0.05735765
368.00   2.24207084   0.05830230
370.00   2.22402346   0.05925726
372.00   2.20587875   0.06022258
374.00   2.18763673   0.06119831
376.00   2.16929739   0.06218451
378.00   2.15086075   0.06318124
380.00   2.13232681   0.06418854
382.00   2.11369558   0.06520648
384.00   2.09496708   0.06623511
386.00   2.07614130   0.06727449
388.00   2.05721826   0.06832467
390.00   2.03819796   0.06938571
392.00   2.01908042   0.07045766
394.00   1.99986564   0.07154058
396.00   1.98055363   0.07263453
398.00   1.96114440   0.07373955
400.00   1.94163795   0.07485571
402.00   1.92203430   0.07598305
404.00   1.90233345   0.07712165
406.00   1.88253542   0.07827154
408.00   1.86264021   0.07943279
410.00   1.84264782   0.08060545
412.00   1.82255828   0.08178958
414.00   1.80237158   0.08298524
416.00   1.78208774   0.08419247
418.00   1.76170676   0.08541133
420.00   1.74122866   0.08664188
422.00   1.72065344   0.08788418
424.00   1.69998111   0.08913827
426.00   1.67921169   0.09040422
428.00   1.65834517   0.09168208
430.00   1.63738157   0.09297190
432.00   1.61632090   0.09427374
434.00   1.59516317   0.09558766
436.00   1.57390838   0.09691371
438.00   1.55255655   0.09825195
440.00   1.53110768   0.09960243
442.00   1.50956179   0.10096520
444.00   1.48791888   0.10234033
446.00   1.46617897   0.10372786
448.00   1.44434206   0.10512786
450.00   1.42240816   0.10654037
452.00   1.40037728   0.10796546
454.00   1.37824943   0.10940317
456.00   1.35602463   0.11085357
458.00   1.33370288   0.11231670
460.00   1.31128418   0.11379263
462.00   1.28876856   0.11528141
464.00   1.26615601   0.11678309
466.00   1.24344656   0.11829773
468.00   1.22064021   0.11982538
470.00   1.19773696   0.12136610
472.00   1.17473684   0.12291995
474.00   1.15163984   0.12448698
476.00   1.12844599   0.12606724
478.00   1.10515528   0.12766079
480.00   1.08176774   0.12926768
482.00   1.05828336   0.13088797
484.00   1.03470217   0.13252172
486.00   1.01102416   0.13416898
488.00   0.98724936   0.13582980
490.00   0.96337777   0.13750424
492.00   0.93940940   0.13919236
494.00   0.91534426   0.14089420
496.00   0.89118237   0.14260983
498.00   0.86692373   0.14433930
500.00   0.84256835   0.14608267
502.00   0.81811624   0.14783998
504.00   0.79356743   0.14961130
506.00   0.76892190   0.15139668
508.00   0.74417969   0.15319617
510.00   0.71934079   0.15500983
512.00   0.69440522   0.15683772
514.00   0.66937298   0.15867988
516.00   0.64424410   0.16053638
518.00   0.61901858   0.16240727
520.00   0.59369643   0.16429260
522.00   0.56827766   0.16619243
524.00   0.54276229   0.16810681
526.00   0.51715032   0.17003580
528.00   0.49144177   0.17197946
530.00   0.46563664   0.17393783
532.00   0.43973496   0.17591097
534.00   0.41373672   0.17789895
536.00   0.38764194   0.17990180
538.00   0.36145064   0.18191959
540.00   0.33516282   0.18395237
542.00   0.30877849   0.18600020
544.00   0.28229767   0.18806313
546.00   0.25572037   0.19014122
548.00   0.22904660   0.19223451
550.00   0.20227637   0.19434308
552.00   0.17540970   0.19646696
554.00   0.14844658   0.19860621
556.00   0.12138705   0.20076090
558.00   0.09423110   0.20293107
560.00   0.06697875   0.20511678
562.00   0.03963002   0.20731808
564.00   0.01218490   0.20953503
566.00  -0.01535657   0.21176768
568.00  -0.04299440   0.21401609
570.00  -0.07072857   0.21628031
572.00  -0.09855907   0.21856040
574.00  -0.12648589   0.22085641
576.00  -0.15450901   0.22316839
578.00  -0.18262842   0.22549641
580.00  -0.21084411   0.22784051
582.00  -0.23915607   0.23020074
584.00  -0.26756428   0.23257717
586.00  -0.29606874   0.23496985
588.00  -0.32466942   0.23737883
590.00  -0.35336633   0.23980417
592.00  -0.38215944   0.24224592
594.00  -0.41104875   0.24470414
596.00  -0.44003423   0.24717887
598.00  -0.46911588   0.24967018
600.00  -0.49829369   0.25217812
602.00  -0.52756764   0.25470275
604.00  -0.55693773   0.25724411
606.00  -0.58640392   0.25980226
608.00  -0.61596623   0.26237726
610.00  -0.64562462   0.26496917
612.00  -0.67537910   0.26757802
614.00  -0.70522964   0.27020389
616.00  -0.73517623   0.27284682
618.00  -0.76521886   0.27550687
620.00  -0.79535752   0.27818409
622.00  -0.82559220   0.28087854
624.00  -0.85592287   0.28359027
626.00  -0.88634953   0.28631934
628.00  -0.91687217   0.28906579
630.00  -0.94749077   0.29182969
632.00  -0.97820531   0.29461109
634.00  -1.00901579   0.29741004
636.00  -1.03992220   0.30022659
638.00  -1.07092451   0.30306081
640.00  -1.10202271   0.30591274
642.00  -1.13321679   0.30878244
644.00  -1.16450675   0.31166997
646.00  -1.19589255   0.31457537
648.00  -1.22737420   0.31749870
650.00  -1.25895167   0.32044002
652.00  -1.29062496   0.32339938
654.00  -1.32239404   0.32637683
656.00  -1.35425891   0.32937243
658.00  -1.38621956   0.33238623
660.00  -1.41827596   0.33541829
662.00  -1.45042810   0.33846866
664.00  -1.48267598   0.34153739
666.00  -1.51501957   0.34462453
668.00  -1.54745886   0.34773016
670.00  -1.57999384   0.35085430
672.00  -1.61262449   0.35399703
674.00  -1.64535080   0.35715839
676.00  -1.67817276   0.36033844
678.00  -1.71109035   0.36353723
680.00  -1.74410356   0.36675481
682.00  -1.77721237   0.36999125
684.00  -1.81041677   0.37324658
686.00  -1.84371675   0.37652088
688.00  -1.87711228   0.37981418
690.00  -1.91060336   0.38312656
692.00  -1.94418997   0.38645805
694.00  -1.97787209   0.38980871
696.00  -2.01164972   0.39317860
698.00  -2.04552283   0.39656776
700.00  -2.07949142   0.39997627
702.00  -2.11355546   0.40340415
704.00  -2.14771495   0.40685149
706.00  -2.18196987   0.41031831
708.00  -2.21632020   0.41380469
710.00  -2.25076592   0.41731066
712.00  -2.28530704   0.42083630
714.00  -2.31994352   0.42438164
716.00  -2.35467535   0.42794675
718.00  -2.38950252   0.43153167
720.00  -2.42442502   0.43513646
722.00  -2.45944282   0.43876118
724.00  -2.49455592   0.44240588
726.00  -2.52976430   0.44607061
728.00  -2.56506794   0.44975542
730.00  -2.60046683   0.45346037
732.00  -2.63596095   0.45718552
734.00  -2.67155029   0.46093091
736.00  -2.70723482   0.46469660
738.00  -2.74301455   0.46848264
740.00  -2.77888945   0.47228908
742.00  -2.81485950   0.47611599
744.00  -2.85092469   0.47996341
746.00  -2.88708501   0.48383140
748.00  -2.92334043   0.48772001
750.00  -2.95969095   0.49162929
752.00  -2.99613655   0.49555930
754.00  -3.03267721   0.49951008
756.00  -3.06931291   0.50348170
758.00  -3.10604365   0.50747421
760.00  -3.14286939   0.51148766
762.00  -3.17979014   0.51552210
764.00  -3.21680587   0.51957759
766.00  -3.25391657   0.52365418
768.00  -3.29112221   0.52775192
770.00  -3.32842279   0.53187087
772.00  -3.36581829   0.53601108
774.00  -3.40330869   0.54017260
776.00  -3.44089398   0.54435549
778.00  -3.47857414   0.54855980
780.00  -3.51634915   0.55278558
782.00  -3.55421900   0.55703288
784.00  -3.59218367   0.56130177
786.00  -3.63024314   0.56559229
788.00  -3.66839740   0.56990449
790.00  -3.70664644   0.57423843
792.00  -3.74499023   0.57859417
794.00  -3.78342876   0.58297174
796.00  -3.82196201   0.58737122
798.00  -3.86058996   0.59179264
800.00  -3.89931261   0.59623607
802.00  -3.93812993   0.60070156
804.00  -3.97704190   0.60518916
806.00  -4.01604851   0.60969892
808.00  -4.05514974   0.61423089
810.00  -4.09434558   0.61878513
812.00  -4.13363601   0.62336170
814.00  -4.17302101   0.62796064
816.00  -4.21250056   0.63258200
818.00  -4.25207466   0.63722585
820.00  -4.29174327   0.64189223
822.00  -4.33150638   0.64658120
824.00  -4.37136398   0.65129280
826.00  -4.41131605   0.65602710
828.00  -4.45136258   0.66078414
830.00  -4.49150353   0.66556398
832.00  -4.53173891   0.67036666
834.00  -4.57206868   0.67519226
836.00  -4.61249284   0.68004080
838.00  -4.65301136   0.68491236
840.00  -4.69362423   0.68980697
842.00  -4.73433143   0.69472470
844.00  -4.77513295   0.69966560
846.00  -4.81602876   0.70462971
848.00  -4.85701885   0.70961710
850.00  -4.89810319   0.71462781
852.00  -4.93928178   0.71966189
854.00  -4.98055460   0.72471941
856.00  -5.02192162   0.72980041
858.00  -5.06338283   0.73490494
860.00  -5.10493822   0.74003306
862.00  -5.14658776   0.74518482
864.00  -5.18833143   0.75036027
866.00  -5.23016922   0.75555947
868.00  -5.27210111   0.76078246
870.00  -5.31412709   0.76602931
872.00  -5.35624712   0.77130005
874.00  -5.39846121   0.77659475
876.00  -5.44076932   0.78191346
878.00  -5.48317144   0.78725622
880.00  -5.52566755   0.79262310
882.00  -5.56825763   0.79801414
884.00  -5.61094167   0.80342940
886.00  -5.65371965   0.80886892
888.00  -5.69659154   0.81433277
890.00  -5.73955734   0.81982099
892.00  -5.78261702   0.82533363
894.00  -5.82577055   0.83087075
896.00  -5.86901794   0.83643241
898.00  -5.91235915   0.84201864
900.00  -5.95579416   0.84762951
902.00  -5.99932297   0.85326506
904.00  -6.04294554   0.85892536
906.00  -6.08666187   0.86461044
908.00  -6.13047193   0.87032037
910.00  -6.17437570   0.87605519
912.00  -6.21837317   0.88181496
914.00  -6.26246431   0.88759973
916.00  -6.30664911   0.89340955
918.00  -6.35092755   0.89924448
920.00  -6.39529961   0.90510456
922.00  -6.43976527   0.91098984
924.00  -6.48432451   0.91690039
926.00  -6.52897731   0.92283624
928.00  -6.57372366   0.92879746
930.00  -6.61856352   0.93478410
932.00  -6.66349690   0.94079620
934.00  -6.70852376   0.94683382
936.00  -6.75364408   0.95289701
938.00  -6.79885786   0.95898583
940.00  -6.84416506   0.96510032
942.00  -6.88956567   0.97124053
944.00  -6.93505966   0.97740653
946.00  -6.98064703   0.98359835
948.00  -7.02632775   0.98981606
950.00  -7.07210179   0.99605970
952.00  -7.11796915   1.00232932
954.00  -7.16392980   1.00862498
956.00  -7.20998372   1.01494673
958.00  -7.25613089   1.02129462
960.00  -7.30237129   1.02766870
962.00  -7.34870491   1.03406903
964.00  -7.39513172   1.04049565
966.00  -7.44165170   1.04694861
968.00  -7.48826483   1.05342798
970.00  -7.53497110   1.05993379
972.00  -7.58177048   1.06646611
974.00  -7.62866295   1.07302498
976.00  -7.67564849   1.07961046
978.00  -7.72272709   1.08622259
980.00  -7.76989872   1.09286142
982.00  -7.81716336   1.09952702
984.00  -7.86452100   1.10621943
986.00  -7.91197161   1.11293870
988.00  -7.95951517   1.11968488
990.00  -8.00715166   1.12645803
992.00  -8.05488106   1.13325819
994.00  -8.10270335   1.14008542
996.00  -8.15061852   1.14693977
998.00  -8.19862653   1.15382128
1000.00  -8.24672737   1.16073002
1002.00  -8.29492103   1.16766603
1004.00  -8.34320747   1.17462937
1006.00  -8.39158667   1.18162008
1008.00  -8.44005863   1.18863822
1010.00  -8.48862331   1.19568383
1012.00  -8.53728070   1.20275697
1014.00  -8.58603078   1.20985769
1016.00  -8.63487351   1.21698604
1018.00  -8.68380889   1.22414208
1020.00  -8.73283690   1.23132584
1022.00  -8.78195751   1.23853739
1024.00  -8.83117069   1.24577678
1026.00  -8.88047644   1.25304405
1028.00  -8.92987473   1.26033926
1030.00  -8.97936553   1.26766245
1032.00  -9.02894883   1.27501369
1034.00  -9.07862461   1.28239301
1036.00  -9.12839284   1.28980048
1038.00  -9.17825350   1.29723614
1040.00  -9.22820658   1.30470004
1042.00  -9.27825205   1.31219223
1044.00  -9.32838989   1.31971277
1046.00  -9.37862007   1.32726170
1048.00  -9.42894258   1.33483908
1050.00  -9.47935740   1.34244496
1052.00  -9.52986450   1.35007938
1054.00  -9.58046387   1.35774240
1056.00  -9.63115548   1.36543407
1058.00  -9.68193930   1.37315444
1060.00  -9.73281532   1.38090356
1062.00  -9.78378352   1.38868149
1064.00  -9.83484388   1.39648826
1066.00  -9.88599637   1.40432394
1068.00  -9.93724097   1.41218856
1070.00  -9.98857765   1.42008220
1072.00 -10.04000641   1.42800488
1074.00 -10.09152721   1.43595667
1076.00 -10.14314004   1.44393762
1078.00 -10.19484486   1.45194777
1080.00 -10.24664167   1.45998718
1082.00 -10.29853044   1.46805590
1084.00 -10.35051114   1.47615397
1086.00 -10.40258376   1.48428145
1088.00 -10.45474826   1.49243838
1090.00 -10.50700464   1.50062483
1092.00 -10.55935286   1.50884083
1094.00 -10.61179291   1.51708645
1096.00 -10.66432477   1.52536172
1098.00 -10.71694840   1.53366670
1100.00 -10.76966379   1.54200144
1102.00 -10.82247092   1.55036599
1104.00 -10.87536977   1.55876040
1106.00 -10.92836030   1.56718473
1108.00 -10.98144250   1.57563901
1110.00 -11.03461635   1.58412331
1112.00 -11.08788182   1.59263766
1114.00 -11.14123890   1.60118213
1116.00 -11.19468755   1.60975676
1118.00 -11.24822776   1.61836159
1120.00 -11.30185950   1.62699670
1122.00 -11.35558275   1.63566211
1124.00 -11.40939749   1.64435788
1126.00 -11.46330370   1.65308407
1128.00 -11.51730135   1.66184071
1130.00 -11.57139041   1.67062787
1132.00 -11.62557088   1.67944559
1134.00 -11.67984272   1.68829392
1136.00 -11.73420590   1.69717292
1138.00 -11.78866042   1.70608262
1140.00 -11.84320624   1.71502308
1142.00 -11.89784334   1.72399436
1144.00 -11.95257170   1.73299650
1146.00 -12.00739129   1.74202954
1148.00 -12.06230210   1.75109355
1150.00 -12.11730410   1.76018856
1152.00 -12.17239726   1.76931464
1154.00 -12.22758156   1.77847183
1156.00 -12.28285698   1.78766017
1158.00 -12.33822350   1.79687972
1160.00 -12.39368109   1.80613053
1162.00 -12.44922973   1.81541265
1164.00 -12.50486939   1.82472613
1166.00 -12.56060006   1.83407101
1168.00 -12.61642170   1.84344735
1170.00 -12.67233430   1.85285520
1172.00 -12.72833783   1.86229460
1174.00 -12.78443227   1.87176561
1176.00 -12.84061759   1.88126827
1178.00 -12.89689377   1.89080264
1180.00 -12.95326079   1.90036876
1182.00 -13.00971862   1.90996668
1184.00 -13.06626724   1.91959646
1186.00 -13.12290662   1.92925813
1188.00 -13.17963675   1.93895176
1190.00 -13.23645759   1.94867739
1192.00 -13.29336912   1.95843506
1194.00 -13.35037133   1.96822484
1196.00 -13.40746417   1.97804676
1198.00 -13.46464764   1.98790089
1200.00 -13.52192171   1.99778725
1202.00 -13.57928635   2.00770592
1204.00 -13.63674154   2.01765692
1206.00 -13.69428725   2.02764032
1208.00 -13.75192346   2.03765617
1210.00 -13.80965015   2.04770451
1212.00 -13.86746729   2.05778538
1214.00 -13.92537485   2.06789885
1216.00 -13.98337282   2.07804496
1218.00 -14.04146117   2.08822375
1220.00 -14.09963987   2.09843529
1222.00 -14.15790890   2.10867960
1224.00 -14.21626824   2.11895676
1226.00 -14.27471785   2.12926679
1228.00 -14.33325772   2.13960976
1230.00 -14.39188783   2.14998572
1232.00 -14.45060813   2.16039470
1234.00 -14.50941863   2.17083676
1236.00 -14.56831927   2.18131195
1238.00 -14.62731005   2.19182032
1240.00 -14.68639094   2.20236191
1242.00 -14.74556191   2.21293677
1244.00 -14.80482294   2.22354496
1246.00 -14.86417400   2.23418652
1248.00 -14.92361507   2.24486150
1250.00 -14.98314612   2.25556995
1252.00 -15.04276713   2.26631192
1254.00 -15.10247808   2.27708745
1256.00 -15.16227893   2.28789660
1258.00 -15.22216966   2.29873941
1260.00 -15.28215025   2.30961594
1262.00 -15.34222067   2.32052622
1264.00 -15.40238091   2.33147031
1266.00 -15.46263092   2.34244826
1268.00 -15.52297069   2.35346011
1270.00 -15.58340019   2.36450592
1272.00 -15.64391940   2.37558573
1274.00 -15.70452828   2.38669959
1276.00 -15.76522683   2.39784755
1278.00 -15.82601500   2.40902966
1280.00 -15.88689278   2.42024596
1282.00 -15.94786013   2.43149651
1284.00 -16.00891704   2.44278134
1286.00 -16.07006348   2.45410052
1288.00 -16.13129942   2.46545409
1290.00 -16.19262483   2.47684209
1292.00 -16.25403970   2.48826458
1294.00 -16.31554399   2.49972160
1296.00 -16.37713768   2.51121320
1298.00 -16.43882074   2.52273943
1300.00 -16.50059315   2.53430033
1302.00 -16.56245489   2.54589597
1304.00 -16.62440591   2.55752637
1306.00 -16.68644621   2.56919160
1308.00 -16.74857576   2.58089169
1310.00 -16.81079452   2.59262670
1312.00 -16.87310247   2.60439668
1314.00 -16.93549959   2.61620166
1316.00 -16.99798585   2.62804171
1318.00 -17.06056122   2.63991687
1320.00 -17.12322568   2.65182718
1322.00 -17.18597920   2.66377269
1324.00 -17.24882176   2.67575346
1326.00 -17.31175332   2.68776953
1328.00 -17.37477387   2.69982094
1330.00 -17.43788337   2.71190775
1332.00 -17.50108181   2.72403000
1334.00 -17.56436914   2.73618774
1336.00 -17.62774536   2.74838101
1338.00 -17.69121042   2.76060988
1340.00 -17.75476431   2.77287437
1342.00 -17.81840700   2.78517454
1344.00 -17.88213846   2.79751045
1346.00 -17.94595866   2.80988212
1348.00 -18.00986758   2.82228962
1350.00 -18.07386519   2.83473299
1352.00 -18.13795147   2.84721228
1354.00 -18.20212638   2.85972753
1356.00 -18.26638991   2.87227879
1358.00 -18.33074202   2.88486611
1360.00 -18.39518268   2.89748954
1362.00 -18.45971188   2.91014913
1364.00 -18.52432958   2.92284491
1366.00 -18.58903576   2.93557694
1368.00 -18.65383038   2.94834527
1370.00 -18.71871343   2.96114994
1372.00 -18.78368488   2.97399101
1374.00 -18.84874469   2.98686850
1376.00 -18.91389285   2.99978249
1378.00 -18.97912932   3.01273300
1380.00 -19.04445408   3.02572009
1382.00 -19.10986710   3.03874381
1384.00 -19.17536835   3.05180420
1386.00 -19.24095780   3.06490131
1388.00 -19.30663544   3.07803518
1390.00 -19.37240123   3.09120587
1392.00 -19.43825514   3.10441342
1394.00 -19.50419714   3.11765788
1396.00 -19.57022722   3.13093929
1398.00 -19.63634534   3.14425770
1400.00 -19.70255147   3.15761316
1402.00 -19.76884558   3.17100571
1404.00 -19.83522766   3.18443540
1406.00 -19.90169767   3.19790228
1408.00 -19.96825558   3.21140640
1410.00 -20.03490137   3.22494779
1412.00 -20.10163501   3.23852652
1414.00 -20.16845646   3.25214262
1416.00 -20.23536571   3.26579614
1418.00 -20.30236273   3.27948713
1420.00 -20.36944748   3.29321563
1422.00 -20.43661995   3.30698169
1424.00 -20.50388009   3.32078536
1426.00 -20.57122789   3.33462668
1428.00 -20.63866332   3.34850570
1430.00 -20.70618634   3.36242247
1432.00 -20.77379693   3.37637704
1434.00 -20.84149507   3.39036944
1436.00 -20.90928072   3.40439973
1438.00 -20.97715385   3.41846795
1440.00 -21.04511444   3.43257414
1442.00 -21.11316247   3.44671836
1444.00 -21.18129789   3.46090066
1446.00 -21.24952069   3.47512107
1448.00 -21.31783083   3.48937964
1450.00 -21.38622829   3.50367642
1452.00 -21.45471304   3.51801146
1454.00 -21.52328504   3.53238480
1456.00 -21.59194428   3.54679648
1458.00 -21.66069073   3.56124657
1460.00 -21.72952434   3.57573509
1462.00 -21.79844511   3.59026209
1464.00 -21.86745299   3.60482763
1466.00 -21.93654796   3.61943174
1468.00 -22.00572999   3.63407448
1470.00 -22.07499906   3.64875589
1472.00 -22.14435512   3.66347601
1474.00 -22.21379817   3.67823490
1476.00 -22.28332815   3.69303259
1478.00 -22.35294506   3.70786913
1480.00 -22.42264886   3.72274458
1482.00 -22.49243951   3.73765896
1484.00 -22.56231700   3.75261234
1486.00 -22.63228128   3.76760475
1488.00 -22.70233235   3.78263625
1490.00 -22.77247015   3.79770687
1492.00 -22.84269468   3.81281666
1494.00 -22.91300588   3.82796567
1496.00 -22.98340375   3.84315395
1498.00 -23.05388825   3.85838154
1500.00 -23.12445934   3.87364848
1502.00 -23.19511701   3.88895482
1504.00 -23.26586121   3.90430060
1506.00 -23.33669193   3.91968588
1508.00 -23.40760913   3.93511069
1510.00 -23.47861279   3.95057509
1512.00 -23.54970287   3.96607911
1514.00 -23.62087934   3.98162281
1516.00 -23.69214218   3.99720622
1518.00 -23.76349136   4.01282940
1520.00 -23.83492685   4.02849238
1522.00 -23.90644861   4.04419522
1524.00 -23.97805662   4.05993796
1526.00 -24.04975085   4.07572064
1528.00 -24.12153127   4.09154331
1530.00 -24.19339785   4.10740601
1532.00 -24.26535056   4.12330879
1534.00 -24.33738937   4.13925170
1536.00 -24.40951426   4.15523478
1538.00 -24.48172518   4.17125807
1540.00 -24.55402212   4.18732162
1542.00 -24.62640503   4.20342547
1544.00 -24.69887391   4.21956968
1546.00 -24.77142870   4.23575427
1548.00 -24.84406938   4.25197931
1550.00 -24.91679593   4.26824483
1552.00 -24.98960832   4.28455088
1554.00 -25.06250650   4.30089750
1556.00 -25.13549046   4.31728474
1558.00 -25.20856016   4.33371264
1560.00 -25.28171558   4.35018125
1562.00 -25.35495668   4.36669061
1564.00 -25.42828343   4.38324077
1566.00 -25.50169581   4.39983177
1568.00 -25.57519378   4.41646366
1570.00 -25.64877731   4.43313647
1572.00 -25.72244638   4.44985027
1574.00 -25.79620094   4.46660508
1576.00 -25.87004099   4.48340095
1578.00 -25.94396647   4.50023793
1580.00 -26.01797737   4.51711607
1582.00 -26.09207364   4.53403540
1584.00 -26.16625527   4.55099598
1586.00 -26.24052222   4.56799784
1588.00 -26.31487446   4.58504103
1590.00 -26.38931196   4.60212559
1592.00 -26.46383469   4.61925158
1594.00 -26.53844262   4.63641902
1596.00 -26.61313572   4.65362798
1598.00 -26.68791396   4.67087848
1600.00 -26.76277730   4.68817058
1602.00 -26.83772572   4.70550432
1604.00 -26.91275919   4.72287975
1606.00 -26.98787768   4.74029690
1608.00 -27.06308115   4.75775582
1610.00 -27.13836957   4.77525656
1612.00 -27.21374292   4.79279916
1614.00 -27.28920116   4.81038366
1616.00 -27.36474426   4.82801011
1618.00 -27.44037219   4.84567855
1620.00 -27.51608492   4.86338903
1622.00 -27.59188243   4.88114158
1624.00 -27.66776467   4.89893626
1626.00 -27.74373162   4.91677311
1628.00 -27.81978324   4.93465216
1630.00 -27.89591951   4.95257347
1632.00 -27.97214040   4.97053708
1634.00 -28.04844587   4.98854303
1636.00 -28.12483589   5.00659137
1638.00 -28.20131043   5.02468213
1640.00 -28.27786947   5.04281537
1642.00 -28.35451296   5.06099112
1644.00 -28.43124088   5.07920943
1646.00 -28.50805319   5.09747034
1648.00 -28.58494987   5.11577390
1650.00 -28.66193089   5.13412015
1652.00 -28.73899621   5.15250914
1654.00 -28.81614580   5.17094090
1656.00 -28.89337962   5.18941548
1658.00 -28.97069766   5.20793292
1660.00 -29.04809987   5.22649327
1662.00 -29.12558623   5.24509657
1664.00 -29.20315671   5.26374286
1666.00 -29.28081126   5.28243219
1668.00 -29.35854987   5.30116460
1670.00 -29.43637249   5.31994013
1672.00 -29.51427911   5.33875883
1674.00 -29.59226968   5.35762074
1676.00 -29.67034417   5.37652590
1678.00 -29.74850256   5.39547435
1680.00 -29.82674480   5.41446614
1682.00 -29.90507088   5.43350131
1684.00 -29.98348076   5.45257991
1686.00 -30.06197439   5.47170197
1688.00 -30.14055177   5.49086754
1690.00 -30.21921284   5.51007667
1692.00 -30.29795759   5.52932939
1694.00 -30.37678597   5.54862574
1696.00 -30.45569796   5.56796578
1698.00 -30.53469352   5.58734955
1700.00 -30.61377263   5.60677708
1702.00 -30.69293525   5.62624841
1704.00 -30.77218134   5.64576360
1706.00 -30.85151088   5.66532269
1708.00 -30.93092383   5.68492571
1710.00 -31.01042017   5.70457271
1712.00 -31.08999985   5.72426373
1714.00 -31.16966285   5.74399882
1716.00 -31.24940914   5.76377802
1718.00 -31.32923868   5.78360136
1720.00 -31.40915144   5.80346890
1722.00 -31.48914739   5.82338067
1724.00 -31.56922649   5.84333672
1726.00 -31.64938872   5.86333708
1728.00 -31.72963404   5.88338181
1730.00 -31.80996242   5.90347094
1732.00 -31.89037382   5.92360452
1734.00 -31.97086822   5.94378259
1736.00 -32.05144558   5.96400518
1738.00 -32.13210586   5.98427235
1740.00 -32.21284905   6.00458414
1742.00 -32.29367509   6.02494058
1744.00 -32.37458397   6.04534172
1746.00 -32.45557565   6.06578760
1748.00 -32.53665009   6.08627826
1750.00 -32.61780726   6.10681375
1752.00 -32.69904714   6.12739410
1754.00 -32.78036968   6.14801937
1756.00 -32.86177486   6.16868958
1758.00 -32.94326263   6.18940479
1760.00 -33.02483298   6.21016503
1762.00 -33.10648587   6.23097035
1764.00 -33.18822125   6.25182078
1766.00 -33.27003911   6.27271638
1768.00 -33.35193940   6.29365717
1770.00 -33.43392210   6.31464321
1772.00 -33.51598717   6.33567454
1774.00 -33.59813458   6.35675119
1776.00 -33.68036430   6.37787320
1778.00 -33.76267628   6.39904063
1780.00 -33.84507051   6.42025351
1782.00 -33.92754694   6.44151188
1784.00 -34.01010555   6.46281579
1786.00 -34.09274629   6.48416527
1788.00 -34.17546914   6.50556037
1790.00 -34.25827407   6.52700113
1792.00 -34.34116103   6.54848758
1794.00 -34.42413000   6.57001978
1796.00 -34.50718095   6.59159776
1798.00 -34.59031383   6.61322157
1800.00 -34.67352862   6.63489123
1802.00 -34.75682529   6.65660681
1804.00 -34.84020379   6.67836833
1806.00 -34.92366410   6.70017584
1808.00 -35.00720619   6.72202938
1810.00 -35.09083001   6.74392899
1812.00 -35.17453554   6.76587471
1814.00 -35.25832274   6.78786659
1816.00 -35.34219158   6.80990466
1818.00 -35.42614203   6.83198896
1820.00 -35.51017404   6.85411954
1822.00 -35.59428760   6.87629644
1824.00 -35.67848266   6.89851969
1826.00 -35.76275919   6.92078934
1828.00 -35.84711716   6.94310543
1830.00 -35.93155653   6.96546800
1832.00 -36.01607726   6.98787709
1834.00 -36.10067934   7.01033275
1836.00 -36.18536272   7.03283500
1838.00 -36.27012736   7.05538390
1840.00 -36.35497324   7.07797948
1842.00 -36.43990032   7.10062178
1844.00 -36.52490856   7.12331085
1846.00 -36.60999794   7.14604673
1848.00 -36.69516841   7.16882945
1850.00 -36.78041995   7.19165905
1852.00 -36.86575252   7.21453558
1854.00 -36.95116608   7.23745908
1856.00 -37.03666061   7.26042959
1858.00 -37.12223606   7.28344714
1860.00 -37.20789241   7.30651179
1862.00 -37.29362962   7.32962356
1864.00 -37.37944765   7.35278250
1866.00 -37.46534647   7.37598865
1868.00 -37.55132605   7.39924204
1870.00 -37.63738635   7.42254273
1872.00 -37.72352734   7.44589075
1874.00 -37.80974899   7.46928613
1876.00 -37.89605125   7.49272893
1878.00 -37.98243410   7.51621917
1880.00 -38.06889750   7.53975691
1882.00 -38.15544142   7.56334217
1884.00 -38.24206582   7.58697501
1886.00 -38.32877066   7.61065545
1888.00 -38.41555592   7.63438354
1890.00 -38.50242156   7.65815932
1892.00 -38.58936754   7.68198284
1894.00 -38.67639383   7.70585412
1896.00 -38.76350039   7.72977321
1898.00 -38.85068720   7.75374014
1900.00 -38.93795421   7.77775497
1902.00 -39.02530139   7.80181772
1904.00 -39.11272871   7.82592845
1906.00 -39.20023612   7.85008717
1908.00 -39.28782361   7.87429395
1910.00 -39.37549113   7.89854881
1912.00 -39.46323864   7.92285180
1914.00 -39.55106612   7.94720295
1916.00 -39.63897352   7.97160231
1918.00 -39.72696082   7.99604991
1920.00 -39.81502797   8.02054580
1922.00 -39.90317495   8.04509001
1924.00 -39.99140171   8.06968258
1926.00 -40.07970823   8.09432355
1928.00 -40.16809446   8.11901297
1930.00 -40.25656038   8.14375086
1932.00 -40.34510595   8.16853728
1934.00 -40.43373112   8.19337225
1936.00 -40.52243588   8.21825582
1938.00 -40.61122018   8.24318803
1940.00 -40.70008398   8.26816891
1942.00 -40.78902726   8.29319851
1944.00 -40.87804998   8.31827686
1946.00 -40.96715209   8.34340401
1948.00 -41.05633358   8.36857999
1950.00 -41.14559439   8.39380483
1952.00 -41.23493450   8.41907859
1954.00 -41.32435387   8.44440130
1956.00 -41.41385247   8.46977300
1958.00 -41.50343026   8.49519372
1960.00 -41.59308720   8.52066350
1962.00 -41.68282326   8.54618240
1964.00 -41.77263841   8.57175043
1966.00 -41.86253260   8.59736764
1968.00 -41.95250581   8.62303408
1970.00 -42.04255799   8.64874977
1972.00 -42.13268912   8.67451476
1974.00 -42.22289915   8.70032909
1976.00 -42.31318805   8.72619279
1978.00 -42.40355579   8.75210590
1980.00 -42.49400233   8.77806847
1982.00 -42.58452763   8.80408052
1984.00 -42.67513167   8.83014211
1986.00 -42.76581439   8.85625326
1988.00 -42.85657577   8.88241401
1990.00 -42.94741577   8.90862441
1992.00 -43.03833436   8.93488449
1994.00 -43.12933150   8.96119429
1996.00 -43.22040715   8.98755384
1998.00 -43.31156128   9.01396319
2000.00 -43.40279385   9.04042238
2002.00 -43.49410483   9.06693144
2004.00 -43.58549418   9.09349041
2006.00 -43.67696186   9.12009933
2008.00 -43.76850784   9.14675823
2010.00 -43.86013209   9.17346716
2012.00 -43.95183456   9.20022615
2014.00 -44.04361523   9.22703524
2016.00 -44.13547404   9.25389447
2018.00 -44.22741098   9.28080387
2020.00 -44.31942600   9.30776349
2022.00 -44.41151906   9.33477336
2024.00 -44.50369014   9.36183352
2026.00 -44.59593919   9.38894401
2028.00 -44.68826618   9.41610486
2030.00 -44.78067107   9.44331612
2032.00 -44.87315383   9.47057781
2034.00 -44.96571441   9.49788999
2036.00 -45.05835279   9.52525268
2038.00 -45.15106893   9.55266592
2040.00 -45.24386278   9.58012975
2042.00 -45.33673432   9.60764421
2044.00 -45.42968351   9.63520933
2046.00 -45.52271032   9.66282516
2048.00 -45.61581469   9.69049173
2050.00 -45.70899661   9.71820907
2052.00 -45.80225602   9.74597723
2054.00 -45.89559291   9.77379624
2056.00 -45.98900722   9.80166614
2058.00 -46.08249893   9.82958697
2060.00 -46.17606799   9.85755876
2062.00 -46.26971437   9.88558155
2064.00 -46.36343804   9.91365538
2066.00 -46.45723895   9.94178029
2068.00 -46.55111708   9.96995631
2070.00 -46.64507237   9.99818347
2072.00 -46.73910481  10.02646182
2074.00 -46.83321434  10.05479140
2076.00 -46.92740094  10.08317223
2078.00 -47.02166456  10.11160437
2080.00 -47.11600518  10.14008783
2082.00 -47.21042274  10.16862267
2084.00 -47.30491723  10.19720891
2086.00 -47.39948859  10.22584660
2088.00 -47.49413680  10.25453577
2090.00 -47.58886181  10.28327646
2092.00 -47.68366360  10.31206870
2094.00 -47.77854211  10.34091253
2096.00 -47.87349732  10.36980799
2098.00 -47.96852919  10.39875511
2100.00 -48.06363768  10.42775394
2102.00 -48.15882276  10.45680450
2104.00 -48.25408438  10.48590683
2106.00 -48.34942251  10.51506098
2108.00 -48.44483712  10.54426697
2110.00 -48.54032816  10.57352484
2112.00 -48.63589561  10.60283463
2114.00 -48.73153941  10.63219638
2116.00 -48.82725954  10.66161012
2118.00 -48.92305596  10.69107589
2120.00 -49.01892863  10.72059372
2122.00 -49.11487751  10.75016365
2124.00 -49.21090257  10.77978572
2126.00 -49.30700377  10.80945996
2128.00 -49.40318107  10.83918641
2130.00 -49.49943443  10.86896511
2132.00 -49.59576383  10.89879608
2134.00 -49.69216921  10.92867938
2136.00 -49.78865054  10.95861502
2138.00 -49.88520779  10.98860306
2140.00 -49.98184092  11.01864351
2142.00 -50.07854989  11.04873643
2144.00 -50.17533466  11.07888185
2146.00 -50.27219520  11.10907979
2148.00 -50.36913147  11.13933031
2150.00 -50.46614343  11.16963342
2152.00 -50.56323104  11.19998918
2154.00 -50.66039426  11.23039761
2156.00 -50.75763307  11.26085875
2158.00 -50.85494742  11.29137264
2160.00 -50.95233726  11.32193931
2162.00 -51.04980258  11.35255880
2164.00 -51.14734332  11.38323114
2166.00 -51.24495945  11.41395636
2168.00 -51.34265094  11.44473451
2170.00 -51.44041774  11.47556562
2172.00 -51.53825982  11.50644972
2174.00 -51.63617713  11.53738686
2176.00 -51.73416965  11.56837705
2178.00 -51.83223733  11.59942035
2180.00 -51.93038014  11.63051678
2182.00 -52.02859804  11.66166639
2184.00 -52.12689099  11.69286919
2186.00 -52.22525895  11.72412524
2188.00 -52.32370188  11.75543457
2190.00 -52.42221976  11.78679720
2192.00 -52.52081253  11.81821319
2194.00 -52.61948016  11.84968255
2196.00 -52.71822262  11.88120533
2198.00 -52.81703986  11.91278156
2200.00 -52.91593185  11.94441127
2202.00 -53.01489855  11.97609451
2204.00 -53.11393992  12.00783130
2206.00 -53.21305592  12.03962168
2208.00 -53.31224652  12.07146568
2210.00 -53.41151167  12.10336335
2212.00 -53.51085134  12.13531471
2214.00 -53.61026550  12.16731980
2216.00 -53.70975410  12.19937865
2218.00 -53.80931710  12.23149130
2220.00 -53.90895447  12.26365778
2222.00 -54.00866616  12.29587813
2224.00 -54.10845215  12.32815239
2226.00 -54.20831239  12.36048057
2228.00 -54.30824684  12.39286273
2230.00 -54.40825547  12.42529890
2232.00 -54.50833823  12.45778910
2234.00 -54.60849509  12.49033338
2236.00 -54.70872602  12.52293177
2238.00 -54.80903096  12.55558429
2240.00 -54.90940989  12.58829100
2242.00 -55.00986276  12.62105191
2244.00 -55.11038954  12.65386707
2246.00 -55.21099019  12.68673651
2248.00 -55.31166467  12.71966026
2250.00 -55.41241294  12.75263836
2252.00 -55.51323496  12.78567084
2254.00 -55.61413070  12.81875774
2256.00 -55.71510011  12.85189908
2258.00 -55.81614316  12.88509491
2260.00 -55.91725981  12.91834526
2262.00 -56.01845002  12.95165015
2264.00 -56.11971375  12.98500963
2266.00 -56.22105097  13.01842373
2268.00 -56.32246163  13.05189248
2270.00 -56.42394569  13.08541592
2272.00 -56.52550312  13.11899408
2274.00 -56.62713388  13.15262699
2276.00 -56.72883793  13.18631469
2278.00 -56.83061524  13.22005720
2280.00 -56.93246575  13.25385458
2282.00 -57.03438944  13.28770683
2284.00 -57.13638626  13.32161401
2286.00 -57.23845617  13.35557615
2288.00 -57.34059915  13.38959327
2290.00 -57.44281514  13.42366542
2292.00 -57.54510411  13.45779262
2294.00 -57.64746603  13.49197490
2296.00 -57.74990084  13.52621231
2298.00 -57.85240852  13.56050487
2300.00 -57.95498902  13.59485262
2302.00 -58.05764230  13.62925560
2304.00 -58.16036833  13.66371382
2306.00 -58.26316707  13.69822733
2308.00 -58.36603848  13.73279617
2310.00 -58.46898251  13.76742035
2312.00 -58.57199914  13.80209993
2314.00 -58.67508831  13.83683492
2316.00 -58.77825000  13.87162537
2318.00 -58.88148416  13.90647130
2320.00 -58.98479076  13.94137274
2322.00 -59.08816974  13.97632974
2324.00 -59.19162109  14.01134233
2326.00 -59.29514475  14.04641053
2328.00 -59.39874068  14.08153438
2330.00 -59.50240886  14.11671391
2332.00 -59.60614923  14.15194915
2334.00 -59.70996176  14.18724015
2336.00 -59.81384642  14.22258692
2338.00 -59.91780315  14.25798951
2340.00 -60.02183193  14.29344794
2342.00 -60.12593270  14.32896224
2344.00 -60.23010544  14.36453246
2346.00 -60.33435011  14.40015862
2348.00 -60.43866666  14.43584076
2350.00 -60.54305505  14.47157890
2352.00 -60.64751525  14.50737309
2354.00 -60.75204721  14.54322334
2356.00 -60.85665090  14.57912970
2358.00 -60.96132628  14.61509220
2360.00 -61.06607331  14.65111086
2362.00 -61.17089195  14.68718573
2364.00 -61.27578215  14.72331683
2366.00 -61.38074388  14.75950419
2368.00 -61.48577711  14.79574785
2370.00 -61.59088178  14.83204784
2372.00 -61.69605787  14.86840420
2374.00 -61.80130532  14.90481694
2376.00 -61.90662411  14.94128611
2378.00 -62.01201419  14.97781174
2380.00 -62.11747552  15.01439385
2382.00 -62.22300807  15.05103249
2384.00 -62.32861178  15.08772768
2386.00 -62.43428663  15.12447945
2388.00 -62.54003258  15.16128784
2390.00 -62.64584958  15.19815288
2392.00 -62.75173759  15.23507459
2394.00 -62.85769658  15.27205302
2396.00 -62.96372650  15.30908819
2398.00 -63.06982732  15.34618014
2400.00 -63.17599900  15.38332889
2402.00 -63.28224149  15.42053447
2404.00 -63.38855475  15.45779693
2406.00 -63.49493875  15.49511628
2408.00 -63.60139345  15.53249257
2410.00 -63.70791880  15.56992582
2412.00 -63.81451477  15.60741607
2414.00 -63.92118132  15.64496334
2416.00 -64.02791840  15.68256766
2418.00 -64.13472598  15.72022908
2420.00 -64.24160402  15.75794761
2422.00 -64.34855247  15.79572329
2424.00 -64.45557130  15.83355616
2426.00 -64.56266047  15.87144623
2428.00 -64.66981993  15.90939355
2430.00 -64.77704965  15.94739815
2432.00 -64.88434958  15.98546005
2434.00 -64.99171970  16.02357928
2436.00 -65.09915995  16.06175589
2438.00 -65.20667029  16.09998989
2440.00 -65.31425069  16.13828132
2442.00 -65.42190111  16.17663021
2444.00 -65.52962151  16.21503659
2446.00 -65.63741184  16.25350050
2448.00 -65.74527206  16.29202195
2450.00 -65.85320215  16.33060099
2452.00 -65.96120204  16.36923764
2454.00 -66.06927172  16.40793193
2456.00 -66.17741112  16.44668390
2458.00 -66.28562023  16.48549358
2460.00 -66.39389898  16.52436099
2462.00 -66.50224735  16.56328616
2464.00 -66.61066530  16.60226913
2466.00 -66.71915278  16.64130993
2468.00 -66.82770975  16.68040859
2470.00 -66.93633617  16.71956513
2472.00 -67.04503201  16.75877959
2474.00 -67.15379722  16.79805200
2476.00 -67.26263176  16.83738239
2478.00 -67.37153560  16.87677078
2480.00 -67.48050868  16.91621722
2482.00 -67.58955098  16.95572172
2484.00 -67.69866244  16.99528432
2486.00 -67.80784304  17.03490505
2488.00 -67.91709272  17.07458394
2490.00 -68.02641146  17.11432102
2492.00 -68.13579920  17.15411632
2494.00 -68.24525591  17.19396986
2496.00 -68.35478155  17.23388169
2498.00 -68.46437607  17.27385182
2500.00 -68.57403944  17.31388029
2502.00 -68.68377162  17.35396713
2504.00 -68.79357256  17.39411237
2506.00 -68.90344222  17.43431603
2508.00 -69.01338057  17.47457815
2510.00 -69.12338757  17.51489876
2512.00 -69.23346316  17.55527789
2514.00 -69.34360732  17.59571556
2516.00 -69.45382000  17.63621180
2518.00 -69.56410116  17.67676665
2520.00 -69.67445076  17.71738014
2522.00 -69.78486876  17.75805229
2524.00 -69.89535511  17.79878313
2526.00 -70.00590979  17.83957269
2528.00 -70.11653274  17.88042101
2530.00 -70.22722393  17.92132811
2532.00 -70.33798331  17.96229402
2534.00 -70.44881085  18.00331876
2536.00 -70.55970650  18.04440238
2538.00 -70.67067023  18.08554489
2540.00 -70.78170198  18.12674634
2542.00 -70.89280173  18.16800674
2544.00 -71.00396943  18.20932612
2546.00 -71.11520504  18.25070452
2548.00 -71.22650852  18.29214196
2550.00 -71.33787982  18.33363847
2552.00 -71.44931892  18.37519409
2554.00 -71.56082576  18.41680883
2556.00 -71.67240030  18.45848273
2558.00 -71.78404251  18.50021582
2560.00 -71.89575234  18.54200813
2562.00 -72.00752975  18.58385968
2564.00 -72.11937470  18.62577051
2566.00 -72.23128716  18.66774064
2568.00 -72.34326707  18.70977010
2570.00 -72.45531440  18.75185892
2572.00 -72.56742911  18.79400713
2574.00 -72.67961115  18.83621475
2576.00 -72.79186049  18.87848182
2578.00 -72.90417708  18.92080837
2580.00 -73.01656089  18.96319441
2582.00 -73.12901186  19.00563999
2584.00 -73.24152997  19.04814513
2586.00 -73.35411516  19.09070985
2588.00 -73.46676741  19.13333419
2590.00 -73.57948666  19.17601817
2592.00 -73.69227288  19.21876182
2594.00 -73.80512602  19.26156518
2596.00 -73.91804604  19.30442826
2598.00 -74.03103291  19.34735110
2600.00 -74.14408657  19.39033373
2602.00 -74.25720700  19.43337616
2604.00 -74.37039414  19.47647844
2606.00 -74.48364797  19.51964059
2608.00 -74.59696842  19.56286263
2610.00 -74.71035548  19.60614460
2612.00 -74.82380908  19.64948652
2614.00 -74.93732920  19.69288842
2616.00 -75.05091578  19.73635033
2618.00 -75.16456880  19.77987227
2620.00 -75.27828820  19.82345428
2622.00 -75.39207395  19.86709637
2624.00 -75.50592601  19.91079859
2626.00 -75.61984433  19.95456095
2628.00 -75.73382887  19.99838349
2630.00 -75.84787959  20.04226623
2632.00 -75.96199645  20.08620920
2634.00 -76.07617941  20.13021242
2636.00 -76.19042843  20.17427593
2638.00 -76.30474346  20.21839975
2640.00 -76.41912446  20.26258391
2642.00 -76.53357140  20.30682844
2644.00 -76.64808422  20.35113336
2646.00 -76.76266290  20.39549870
2648.00 -76.87730738  20.43992448
2650.00 -76.99201763  20.48441075
2652.00 -77.10679360  20.52895751
2654.00 -77.22163525  20.57356481
2656.00 -77.33654255  20.61823266
2658.00 -77.45151544  20.66296109
2660.00 -77.56655390  20.70775014
2662.00 -77.68165787  20.75259982
2664.00 -77.79682731  20.79751017
2666.00 -77.91206219  20.84248121
2668.00 -78.02736245  20.88751297
2670.00 -78.14272807  20.93260548
2672.00 -78.25815900  20.97775875
2674.00 -78.37365519  21.02297283
2676.00 -78.48921661  21.06824773
2678.00 -78.60484320  21.11358348
2680.00 -78.72053495  21.15898012
2682.00 -78.83629179  21.20443765
2684.00 -78.95211368  21.24995613
2686.00 -79.06800060  21.29553556
2688.00 -79.18395248  21.34117597
2690.00 -79.29996930  21.38687740
2692.00 -79.41605101  21.43263987
2694.00 -79.53219757  21.47846340
2696.00 -79.64840894  21.52434802
2698.00 -79.76468507  21.57029376
2700.00 -79.88102592  21.61630065
2702.00 -79.99743146  21.66236871
2704.00 -80.11390164  21.70849796
2706.00 -80.23043641  21.75468843
2708.00 -80.34703574  21.80094016
2710.00 -80.46369958  21.84725316
2712.00 -80.58042790  21.89362746
2714.00 -80.69722064  21.94006309
2716.00 -80.81407777  21.98656007
2718.00 -80.93099925  22.03311844
2720.00 -81.04798504  22.07973820
2722.00 -81.16503508  22.12641940
2724.00 -81.28214935  22.17316206
2726.00 -81.39932779  22.21996620
2728.00 -81.51657037  22.26683185
2730.00 -81.63387705  22.31375904
2732.00 -81.75124778  22.36074778
2734.00 -81.86868251  22.40779811
2736.00 -81.98618122  22.45491006
2738.00 -82.10374385  22.50208364
2740.00 -82.22137037  22.54931889
2742.00 -82.33906073  22.59661582
2744.00 -82.45681489  22.64397447
2746.00 -82.57463280  22.69139487
2748.00 -82.69251444  22.73887702
2750.00 -82.81045974  22.78642097
2752.00 -82.92846868  22.83402673
2754.00 -83.04654121  22.88169434
2756.00 -83.16467728  22.92942382
2758.00 -83.28287686  22.97721518
2760.00 -83.40113991  23.02506847
2762.00 -83.51946637  23.07298370
2764.00 -83.63785622  23.12096089
2766.00 -83.75630940  23.16900008
2768.00 -83.87482587  23.21710129
2770.00 -83.99340560  23.26526455
2772.00 -84.11204853  23.31348987
2774.00 -84.23075464  23.36177729
2776.00 -84.34952387  23.41012683
2778.00 -84.46835618  23.45853851
2780.00 -84.58725153  23.50701236
2782.00 -84.70620988  23.55554840
2784.00 -84.82523119  23.60414666
2786.00 -84.94431542  23.65280717
2788.00 -85.06346251  23.70152994
2790.00 -85.18267243  23.75031501
2792.00 -85.30194515  23.79916240
2794.00 -85.42128060  23.84807213
2796.00 -85.54067876  23.89704422
2798.00 -85.66013958  23.94607871
2800.00 -85.77966302  23.99517562
2802.00 -85.89924903  24.04433496
2804.00 -86.01889758  24.09355678
2806.00 -86.13860861  24.14284108
2808.00 -86.25838210  24.19218790
2810.00 -86.37821799  24.24159725
2812.00 -86.49811624  24.29106917
2814.00 -86.61807682  24.34060368
2816.00 -86.73809967  24.39020080
2818.00 -86.85818476  24.43986056
2820.00 -86.97833205  24.48958297
2822.00 -87.09854148  24.53936807
2824.00 -87.21881303  24.58921588
2826.00 -87.33914664  24.63912643
2828.00 -87.45954227  24.68909973
2830.00 -87.57999989  24.73913581
2832.00 -87.70051945  24.78923470
2834.00 -87.82110090  24.83939642
2836.00 -87.94174420  24.88962099
2838.00 -88.06244932  24.93990843
2840.00 -88.18321621  24.99025878
2842.00 -88.30404482  25.04067206
2844.00 -88.42493511  25.09114828
2846.00 -88.54588705  25.14168748
2848.00 -88.66690059  25.19228967
2850.00 -88.78797568  25.24295488
2852.00 -88.90911229  25.29368314
2854.00 -89.03031036  25.34447446
2856.00 -89.15156987  25.39532887
2858.00 -89.27289076  25.44624640
2860.00 -89.39427299  25.49722707
2862.00 -89.51571652  25.54827090
2864.00 -89.63722131  25.59937792
2866.00 -89.75878732  25.65054814
2868.00 -89.88041450  25.70178159
2870.00 -90.00210281  25.75307830
2872.00 -90.12385220  25.80443829
2874.00 -90.24566264  25.85586159
2876.00 -90.36753409  25.90734820
2878.00 -90.48946649  25.95889817
2880.00 -90.61145981  26.01051151
2882.00 -90.73351400  26.06218824
2884.00 -90.85562902  26.11392839
2886.00 -90.97780483  26.16573198
2888.00 -91.10004138  26.21759903
2890.00 -91.22233864  26.26952958
2892.00 -91.34469656  26.32152363
2894.00 -91.46711510  26.37358122
2896.00 -91.58959421  26.42570236
2898.00 -91.71213385  26.47788708
2900.00 -91.83473398  26.53013540
2902.00 -91.95739455  26.58244735
2904.00 -92.08011553  26.63482295
2906.00 -92.20289687  26.68726221
2908.00 -92.32573853  26.73976517
2910.00 -92.44864046  26.79233185
2912.00 -92.57160263  26.84496226
2914.00 -92.69462498  26.89765643
2916.00 -92.81770748  26.95041439
2918.00 -92.94085008  27.00323615
2920.00 -93.06405275  27.05612174
2922.00 -93.18731543  27.10907118
2924.00 -93.31063808  27.16208450
2926.00 -93.43402067  27.21516171
2928.00 -93.55746315  27.26830284
2930.00 -93.68096547  27.32150791
2932.00 -93.80452760  27.37477694
2934.00 -93.92814949  27.42810996
2936.00 -94.05183109  27.48150698
2938.00 -94.17557237  27.53496803
2940.00 -94.29937328  27.58849314
2942.00 -94.42323378  27.64208232
2944.00 -94.54715382  27.69573559
2946.00 -94.67113337  27.74945298
2948.00 -94.79517238  27.80323452
2950.00 -94.91927080  27.85708021
2952.00 -95.04342860  27.91099009
2954.00 -95.16764573  27.96496417
2956.00 -95.29192215  28.01900248
2958.00 -95.41625781  28.07310504
2960.00 -95.54065267  28.12727187
2962.00 -95.66510669  28.18150299
2964.00 -95.78961983  28.23579843
2966.00 -95.91419204  28.29015821
2968.00 -96.03882328  28.34458234
2970.00 -96.16351350  28.39907085
2972.00 -96.28826267  28.45362376
2974.00 -96.41307075  28.50824110
2976.00 -96.53793767  28.56292288
2978.00 -96.66286342  28.61766913
2980.00 -96.78784793  28.67247986
2982.00 -96.91289117  28.72735510
2984.00 -97.03799310  28.78229488
2986.00 -97.16315367  28.83729920
2988.00 -97.28837284  28.89236810
2990.00 -97.41365056  28.94750159
2992.00 -97.53898680  29.00269969
2994.00 -97.66438151  29.05796243
2996.00 -97.78983464  29.11328983
2998.00 -97.91534616  29.16868191
3000.00 -98.04091602  29.22413869
3002.00 -98.16654417  29.27966019
3004.00 -98.29223058  29.33524643
3006.00 -98.41797520  29.39089744
3008.00 -98.54377799  29.44661323
3010.00 -98.66963890  29.50239382
3012.00 -98.79555789  29.55823924
3014.00 -98.92153493  29.61414950
3016.00 -99.04756995  29.67012464
3018.00 -99.17366293  29.72616466
3020.00 -99.29981382  29.78226959
3022.00 -99.42602257  29.83843945
3024.00 -99.55228914  29.89467426
3026.00 -99.67861350  29.95097404
3028.00 -99.80499559  30.00733882
3030.00 -99.93143537  30.06376860
3032.00 -100.05793280  30.12026342
3034.00 -100.18448784  30.17682330
3036.00 -100.31110044  30.23344824
3038.00 -100.43777056  30.29013828
3040.00 -100.56449815  30.34689344
3042.00 -100.69128318  30.40371373
3044.00 -100.81812560  30.46059918
3046.00 -100.94502537  30.51754980
3048.00 -101.07198244  30.57456562
3050.00 -101.19899677  30.63164665
3052.00 -101.32606831  30.68879292
3054.00 -101.45319703  30.74600445
3056.00 -101.58038288  30.80328126
3058.00 -101.70762582  30.86062336
3060.00 -101.83492580  30.91803078
3062.00 -101.96228278  30.97550353
3064.00 -102.08969671  31.03304164
3066.00 -102.21716756  31.09064513
3068.00 -102.34469529  31.14831402
3070.00 -102.47227983  31.20604832
3072.00 -102.59992116  31.26384806
3074.00 -102.72761924  31.32171326
3076.00 -102.85537400  31.37964393
3078.00 -102.98318543  31.43764010
3080.00 -103.11105346  31.49570179
3082.00 -103.23897806  31.55382901
3084.00 -103.36695918  31.61202178
3086.00 -103.49499678  31.67028013
3088.00 -103.62309082  31.72860408
3090.00 -103.75124125  31.78699364
3092.00 -103.87944804  31.84544883
3094.00 -104.00771113  31.90396967
3096.00 -104.13603048  31.96255619
3098.00 -104.26440605  32.02120840
3100.00 -104.39283780  32.07992632
3102.00 -104.52132568  32.13870997
3104.00 -104.64986965  32.19755937
3106.00 -104.77846967  32.25647454
3108.00 -104.90712569  32.31545550
3110.00 -105.03583767  32.37450226
3112.00 -105.16460556  32.43361485
3114.00 -105.29342933  32.49279329
3116.00 -105.42230892  32.55203759
3118.00 -105.55124430  32.61134778
3120.00 -105.68023543  32.67072387
3122.00 -105.80928225  32.73016588
3124.00 -105.93838473  32.78967383
3126.00 -106.06754282  32.84924774
3128.00 -106.19675647  32.90888763
3130.00 -106.32602566  32.96859352
3132.00 -106.45535032  33.02836542
3134.00 -106.58473042  33.08820336
3136.00 -106.71416592  33.14810736
3138.00 -106.84365676  33.20807742
3140.00 -106.97320292  33.26811358
3142.00 -107.10280433  33.32821585
3144.00 -107.23246097  33.38838425
3146.00 -107.36217279  33.44861879
3148.00 -107.49193974  33.50891950
3150.00 -107.62176177  33.56928639
3152.00 -107.75163886  33.62971949
3154.00 -107.88157094  33.69021881
3156.00 -108.01155799  33.75078436
3158.00 -108.14159995  33.81141618
3160.00 -108.27169679  33.87211427
3162.00 -108.40184845  33.93287866
3164.00 -108.53205490  33.99370936
3166.00 -108.66231609  34.05460639
3168.00 -108.79263198  34.11556977
3170.00 -108.92300252  34.17659951
3172.00 -109.05342767  34.23769565
3174.00 -109.18390739  34.29885818
3176.00 -109.31444164  34.36008714
3178.00 -109.44503036  34.42138254
3180.00 -109.57567353  34.48274440
3182.00 -109.70637108  34.54417273
3184.00 -109.83712299  34.60566755
3186.00 -109.96792920  34.66722889
3188.00 -110.09878967  34.72885676
3190.00 -110.22970436  34.79055117
3192.00 -110.36067323  34.85231215
3194.00 -110.49169623  34.91413972
3196.00 -110.62277332  34.97603388
3198.00 -110.75390445  35.03799466
3200.00 -110.88508958  35.10002208
3202.00 -111.01632867  35.16211615
3204.00 -111.14762168  35.22427689
3206.00 -111.27896855  35.28650432
3208.00 -111.41036925  35.34879846
3210.00 -111.54182373  35.41115932
3212.00 -111.67333196  35.47358692
3214.00 -111.80489388  35.53608128
3216.00 -111.93650945  35.59864242
3218.00 -112.06817863  35.66127035
3220.00 -112.19990137  35.72396509
3222.00 -112.33167764  35.78672666
3224.00 -112.46350738  35.84955507
3226.00 -112.59539056  35.91245035
3228.00 -112.72732712  35.97541251
3230.00 -112.85931704  36.03844156
3232.00 -112.99136025  36.10153752
3234.00 -113.12345673  36.16470042
3236.00 -113.25560642  36.22793027
3238.00 -113.38780929  36.29122708
3240.00 -113.52006528  36.35459087
3242.00 -113.65237436  36.41802166
3244.00 -113.78473647  36.48151947
3246.00 -113.91715159  36.54508431
3248.00 -114.04961966  36.60871620
3250.00 -114.18214064  36.67241515
3252.00 -114.31471449  36.73618119
3254.00 -114.44734116  36.80001433
3256.00 -114.58002061  36.86391458
3258.00 -114.71275279  36.92788197
3260.00 -114.84553767  36.99191650
3262.00 -114.97837519  37.05601821
3264.00 -115.11126532  37.12018709
3266.00 -115.24420801  37.18442318
3268.00 -115.37720321  37.24872648
3270.00 -115.51025089  37.31309702
3272.00 -115.64335100  37.37753480
3274.00 -115.77650350  37.44203985
3276.00 -115.90970834  37.50661218
3278.00 -116.04296548  37.57125181
3280.00 -116.17627487  37.63595875
3282.00 -116.30963647  37.70073302
3284.00 -116.44305024  37.76557464
3286.00 -116.57651614  37.83048362
3288.00 -116.71003411  37.89545998
3290.00 -116.84360412  37.96050374
3292.00 -116.97722613  38.02561491
3294.00 -117.11090008  38.09079350
3296.00 -117.24462594  38.15603954
3298.00 -117.37840366  38.22135304
3300.00 -117.51223320  38.28673401
3302.00 -117.64611451  38.35218247
3304.00 -117.78004756  38.41769844
3306.00 -117.91403229  38.48328194
3308.00 -118.04806866  38.54893297
3310.00 -118.18215663  38.61465155
3312.00 -118.31629616  38.68043771
3314.00 -118.45048720  38.74629145
3316.00 -118.58472971  38.81221280
3318.00 -118.71902365  38.87820176
3320.00 -118.85336896  38.94425836
3322.00 -118.98776561  39.01038260
3324.00 -119.12221356  39.07657451
3326.00 -119.25671275  39.14283409
3328.00 -119.39126315  39.20916138
3330.00 -119.52586471  39.27555637
3332.00 -119.66051740  39.34201909
3334.00 -119.79522115  39.40854955
3336.00 -119.92997594  39.47514776
3338.00 -120.06478171  39.54181375
3340.00 -120.19963843  39.60854753
3342.00 -120.33454605  39.67534910
3344.00 -120.46950452  39.74221850
3346.00 -120.60451381  39.80915573
3348.00 -120.73957386  39.87616080
3350.00 -120.87468464  39.94323374
3352.00 -121.00984610  40.01037456
3354.00 -121.14505820  40.07758327
3356.00 -121.28032089  40.14485989
3358.00 -121.41563414  40.21220443
3360.00 -121.55099788  40.27961691
3362.00 -121.68641209  40.34709734
3364.00 -121.82187672  40.41464574
3366.00 -121.95739173  40.48226212
3368.00 -122.09295706  40.54994651
3370.00 -122.22857268  40.61769890
3372.00 -122.36423855  40.68551932
3374.00 -122.49995462  40.75340778
3376.00 -122.63572084  40.82136430
3378.00 -122.77153717  40.88938889
3380.00 -122.90740358  40.95748156
3382.00 -123.04332001  41.02564234
3384.00 -123.17928642  41.09387123
3386.00 -123.31530276  41.16216825
3388.00 -123.45136901  41.23053341
3390.00 -123.58748510  41.29896673
3392.00 -123.72365100  41.36746822
3394.00 -123.85986666  41.43603790
3396.00 -123.99613203  41.50467578
3398.00 -124.13244709  41.57338188
3400.00 -124.26881177  41.64215621
3402.00 -124.40522605  41.71099878
3404.00 -124.54168986  41.77990961
3406.00 -124.67820318  41.84888871
3408.00 -124.81476595  41.91793610
3410.00 -124.95137814  41.98705178
3412.00 -125.08803969  42.05623579
3414.00 -125.22475057  42.12548812
3416.00 -125.36151073  42.19480879
3418.00 -125.49832013  42.26419783
3420.00 -125.63517872  42.33365523
3422.00 -125.77208646  42.40318102
3424.00 -125.90904331  42.47277520
3426.00 -126.04604922  42.54243780
3428.00 -126.18310415  42.61216882
3430.00 -126.32020806  42.68196828
3432.00 -126.45736089  42.75183620
3434.00 -126.59456262  42.82177259
3436.00 -126.73181318  42.89177745
3438.00 -126.86911255  42.96185081
3440.00 -127.00646068  43.03199268
3442.00 -127.14385751  43.10220307
3444.00 -127.28130302  43.17248199
3446.00 -127.41879715  43.24282946
3448.00 -127.55633986  43.31324550
3450.00 -127.69393111  43.38373011
3452.00 -127.83157085  43.45428331
3454.00 -127.96925905  43.52490511
3456.00 -128.10699565  43.59559553
3458.00 -128.24478061  43.66635458
3460.00 -128.38261389  43.73718227
3462.00 -128.52049545  43.80807862
3464.00 -128.65842524  43.87904363
3466.00 -128.79640322  43.95007733
3468.00 -128.93442934  44.02117972
3470.00 -129.07250356  44.09235082
3472.00 -129.21062584  44.16359064
3474.00 -129.34879613  44.23489919
3476.00 -129.48701438  44.30627649
3478.00 -129.62528057  44.37772256
3480.00 -129.76359464  44.44923739
3482.00 -129.90195654  44.52082101
3484.00 -130.04036624  44.59247343
3486.00 -130.17882369  44.66419467
3488.00 -130.31732884  44.73598472
3490.00 -130.45588166  44.80784362
3492.00 -130.59448210  44.87977136
3494.00 -130.73313012  44.95176797
3496.00 -130.87182566  45.02383345
3498.00 -131.01056869  45.09596783
3500.00 -131.14935917  45.16817110
3502.00 -131.28819705  45.24044328
3504.00 -131.42708229  45.31278439
3506.00 -131.56601484  45.38519444
3508.00 -131.70499466  45.45767344
3510.00 -131.84402170  45.53022141
3512.00 -131.98309593  45.60283835
3514.00 -132.12221730  45.67552427
3516.00 -132.26138576  45.74827920
3518.00 -132.40060127  45.82110314
3520.00 -132.53986379  45.89399611
3522.00 -132.67917327  45.96695811
3524.00 -132.81852967  46.03998916
3526.00 -132.95793295  46.11308927
3528.00 -133.09738306  46.18625846
3530.00 -133.23687997  46.25949674
3532.00 -133.37642361  46.33280411
3534.00 -133.51601396  46.40618059
3536.00 -133.65565096  46.47962619
3538.00 -133.79533458  46.55314093
3540.00 -133.93506477  46.62672481
3542.00 -134.07484149  46.70037786
3544.00 -134.21466469  46.77410007
3546.00 -134.35453433  46.84789146
3548.00 -134.49445037  46.92175205
3550.00 -134.63441275  46.99568184
3552.00 -134.77442145  47.06968085
3554.00 -134.91447641  47.14374908
3556.00 -135.05457759  47.21788656
3558.00 -135.19472495  47.29209329
3560.00 -135.33491845  47.36636928
3562.00 -135.47515803  47.44071455
3564.00 -135.61544366  47.51512911
3566.00 -135.75577529  47.58961296
3568.00 -135.89615289  47.66416613
3570.00 -136.03657639  47.73878861
3572.00 -136.17704577  47.81348043
3574.00 -136.31756098  47.88824159
3576.00 -136.45812197  47.96307211
3578.00 -136.59872871  48.03797199
3580.00 -136.73938114  48.11294126
3582.00 -136.88007922  48.18797991
3584.00 -137.02082292  48.26308796
3586.00 -137.16161218  48.33826543
3588.00 -137.30244696  48.41351231
3590.00 -137.44332723  48.48882863
3592.00 -137.58425292  48.56421440
3594.00 -137.72522402  48.63966962
3596.00 -137.86624045  48.71519431
3598.00 -138.00730220  48.79078848
3600.00 -138.14840920  48.86645214
3602.00 -138.28956143  48.94218530
3604.00 -138.43075882  49.01798797
3606.00 -138.57200135  49.09386016
3608.00 -138.71328896  49.16980188
3610.00 -138.85462162  49.24581315
3612.00 -138.99599927  49.32189397
3614.00 -139.13742189  49.39804436
3616.00 -139.27888941  49.47426433
3618.00 -139.42040180  49.55055388
3620.00 -139.56195902  49.62691302
3622.00 -139.70356102  49.70334178
3624.00 -139.84520776  49.77984015
3626.00 -139.98689919  49.85640816
3628.00 -140.12863528  49.93304580
3630.00 -140.27041597  50.00975309
3632.00 -140.41224122  50.08653004
3634.00 -140.55411099  50.16337667
3636.00 -140.69602525  50.24029297
3638.00 -140.83798393  50.31727897
3640.00 -140.97998700  50.39433467
3642.00 -141.12203442  50.47146008
3644.00 -141.26412615  50.54865522
3646.00 -141.40626213  50.62592008
3648.00 -141.54844232  50.70325469
3650.00 -141.69066669  50.78065905
3652.00 -141.83293519  50.85813318
3654.00 -141.97524777  50.93567708
3656.00 -142.11760439  51.01329076
3658.00 -142.26000501  51.09097424
3660.00 -142.40244959  51.16872752
3662.00 -142.54493807  51.24655061
3664.00 -142.68747042  51.32444353
3666.00 -142.83004660  51.40240628
3668.00 -142.97266655  51.48043887
3670.00 -143.11533025  51.55854132
3672.00 -143.25803763  51.63671363
3674.00 -143.40078867  51.71495581
3676.00 -143.54358331  51.79326787
3678.00 -143.68642152  51.87164983
3680.00 -143.82930324  51.95010169
3682.00 -143.97222844  52.02862346
3684.00 -144.11519707  52.10721515
3686.00 -144.25820909  52.18587677
3688.00 -144.40126446  52.26460833
3690.00 -144.54436313  52.34340984
3692.00 -144.68750505  52.42228131
3694.00 -144.83069019  52.50122275
3696.00 -144.97391851  52.58023417
3698.00 -145.11718995  52.65931558
3700.00 -145.26050447  52.73846698
3702.00 -145.40386204  52.81768839
3704.00 -145.54726261  52.89697981
3706.00 -145.69070613  52.97634126
3708.00 -145.83419256  53.05577274
3710.00 -145.97772185  53.13527427
3712.00 -146.12129398  53.21484585
3714.00 -146.26490888  53.29448749
3716.00 -146.40856652  53.37419920
3718.00 -146.55226685  53.45398099
3720.00 -146.69600984  53.53383287
3722.00 -146.83979543  53.61375485
3724.00 -146.98362358  53.69374693
3726.00 -147.12749426  53.77380913
3728.00 -147.27140741  53.85394146
3730.00 -147.41536300  53.93414391
3732.00 -147.55936097  54.01441652
3734.00 -147.70340129  54.09475927
3736.00 -147.84748392  54.17517218
3738.00 -147.99160881  54.25565526
3740.00 -148.13577591  54.33620852
3742.00 -148.27998519  54.41683197
3744.00 -148.42423659  54.49752561
3746.00 -148.56853009  54.57828945
3748.00 -148.71286562  54.65912351
3750.00 -148.85724316  54.74002779
3752.00 -149.00166266  54.82100229
3754.00 -149.14612406  54.90204704
3756.00 -149.29062734  54.98316203
3758.00 -149.43517244  55.06434727
3760.00 -149.57975933  55.14560278
3762.00 -149.72438796  55.22692857
3764.00 -149.86905828  55.30832463
3766.00 -150.01377026  55.38979098
3768.00 -150.15852385  55.47132762
3770.00 -150.30331900  55.55293457
3772.00 -150.44815568  55.63461184
3774.00 -150.59303384  55.71635942
3776.00 -150.73795344  55.79817734
3778.00 -150.88291443  55.88006559
3780.00 -151.02791677  55.96202419
3782.00 -151.17296042  56.04405314
3784.00 -151.31804533  56.12615245
3786.00 -151.46317147  56.20832214
3788.00 -151.60833878  56.29056220
3790.00 -151.75354722  56.37287265
3792.00 -151.89879676  56.45525349
3794.00 -152.04408735  56.53770473
3796.00 -152.18941894  56.62022638
3798.00 -152.33479149  56.70281845
3800.00 -152.48020496  56.78548095
3802.00 -152.62565930  56.86821388
3804.00 -152.77115448  56.95101725
3806.00 -152.91669045  57.03389106
3808.00 -153.06226716  57.11683534
3810.00 -153.20788457  57.19985007
3812.00 -153.35354265  57.28293528
3814.00 -153.49924134  57.36609097
3816.00 -153.64498060  57.44931714
3818.00 -153.79076039  57.53261381
3820.00 -153.93658067  57.61598098
3822.00 -154.08244139  57.69941865
3824.00 -154.22834251  57.78292685
3826.00 -154.37428399  57.86650556
3828.00 -154.52026579  57.95015481
3830.00 -154.66628785  58.03387460
3832.00 -154.81235014  58.11766493
3834.00 -154.95845262  58.20152582
3836.00 -155.10459524  58.28545726
3838.00 -155.25077796  58.36945927
3840.00 -155.39700073  58.45353186
3842.00 -155.54326352  58.53767503
3844.00 -155.68956627  58.62188879
3846.00 -155.83590895  58.70617314
3848.00 -155.98229152  58.79052810
3850.00 -156.12871392  58.87495367
3852.00 -156.27517612  58.95944985
3854.00 -156.42167808  59.04401666
3856.00 -156.56821974  59.12865410
3858.00 -156.71480108  59.21336217
3860.00 -156.86142204  59.29814089
3862.00 -157.00808258  59.38299026
3864.00 -157.15478266  59.46791030
3866.00 -157.30152223  59.55290099
3868.00 -157.44830126  59.63796236
3870.00 -157.59511970  59.72309440
3872.00 -157.74197750  59.80829714
3874.00 -157.88887463  59.89357056
3876.00 -158.03581104  59.97891468
3878.00 -158.18278668  60.06432951
3880.00 -158.32980152  60.14981505
3882.00 -158.47685552  60.23537130
3884.00 -158.62394862  60.32099828
3886.00 -158.77108079  60.40669600
3888.00 -158.91825198  60.49246445
3890.00 -159.06546215  60.57830364
3892.00 -159.21271126  60.66421358
3894.00 -159.35999926  60.75019429
3896.00 -159.50732611  60.83624575
3898.00 -159.65469177  60.92236798
3900.00 -159.80209620  61.00856099
3902.00 -159.94953935  61.09482478
3904.00 -160.09702118  61.18115936
3906.00 -160.24454165  61.26756474
3908.00 -160.39210071  61.35404091
3910.00 -160.53969832  61.44058789
3912.00 -160.68733444  61.52720568
3914.00 -160.83500902  61.61389429
3916.00 -160.98272203  61.70065373
3918.00 -161.13047341  61.78748400
3920.00 -161.27826314  61.87438510
3922.00 -161.42609115  61.96135705
3924.00 -161.57395742  62.04839984
3926.00 -161.72186190  62.13551349
3928.00 -161.86980454  62.22269800
3930.00 -162.01778530  62.30995337
3932.00 -162.16580415  62.39727962
3934.00 -162.31386103  62.48467674
3936.00 -162.46195590  62.57214475
3938.00 -162.61008873  62.65968364
3940.00 -162.75825947  62.74729343
3942.00 -162.90646807  62.83497412
3944.00 -163.05471449  62.92272572
3946.00 -163.20299870  63.01054822
3948.00 -163.35132064  63.09844165
3950.00 -163.49968028  63.18640599
3952.00 -163.64807757  63.27444126
3954.00 -163.79651247  63.36254747
3956.00 -163.94498493  63.45072462
3958.00 -164.09349492  63.53897271
3960.00 -164.24204239  63.62729174
3962.00 -164.39062730  63.71568174
3964.00 -164.53924961  63.80414269
3966.00 -164.68790927  63.89267461
3968.00 -164.83660624  63.98127750
3970.00 -164.98534047  64.06995136
3972.00 -165.13411193  64.15869621
3974.00 -165.28292058  64.24751204
3976.00 -165.43176637  64.33639886
3978.00 -165.58064925  64.42535668
3980.00 -165.72956918  64.51438550
3982.00 -165.87852613  64.60348533
3984.00 -166.02752005  64.69265617
3986.00 -166.17655090  64.78189802
3988.00 -166.32561863  64.87121090
3990.00 -166.47472320  64.96059480
3992.00 -166.62386457  65.05004973
3994.00 -166.77304270  65.13957570
3996.00 -166.92225754  65.22917271
3998.00 -167.07150905  65.31884076
4000.00 -167.22079719  65.40857986
4002.00 -167.37012192  65.49839002
4004.00 -167.51948319  65.58827124
4006.00 -167.66888096  65.67822353
4008.00 -167.81831519  65.76824688
4010.00 -167.96778584  65.85834130
4012.00 -168.11729286  65.94850681
4014.00 -168.26683621  66.03874340
4016.00 -168.41641585  66.12905107
4018.00 -168.56603174  66.21942984
4020.00 -168.71568383  66.30987970
4022.00 -168.86537208  66.40040066
4024.00 -169.01509645  66.49099273
4026.00 -169.16485690  66.58165590
4028.00 -169.31465338  66.67239019
4030.00 -169.46448585  66.76319560
4032.00 -169.61435427  66.85407213
4034.00 -169.76425860  66.94501979
4036.00 -169.91419879  67.03603858
4038.00 -170.06417481  67.12712850
4040.00 -170.21418660  67.21828957
4042.00 -170.36423413  67.30952177
4044.00 -170.51431735  67.40082513
4046.00 -170.66443623  67.49219963
4048.00 -170.81459072  67.58364529
4050.00 -170.96478077  67.67516211
4052.00 -171.11500635  67.76675010
4054.00 -171.26526741  67.85840925
4056.00 -171.41556392  67.95013957
4058.00 -171.56589582  68.04194107
4060.00 -171.71626307  68.13381375
4062.00 -171.86666564  68.22575761
4064.00 -172.01710349  68.31777266
4066.00 -172.16757656  68.40985890
4068.00 -172.31808481  68.50201633
4070.00 -172.46862821  68.59424496
4072.00 -172.61920672  68.68654480
4074.00 -172.76982028  68.77891583
4076.00 -172.92046886  68.87135808
4078.00 -173.07115242  68.96387154
4080.00 -173.22187091  69.05645622
4082.00 -173.37262429  69.14911212
4084.00 -173.52341252  69.24183924
4086.00 -173.67423556  69.33463759
4088.00 -173.82509336  69.42750717
4090.00 -173.97598588  69.52044798
4092.00 -174.12691309  69.61346004
4094.00 -174.27787493  69.70654333
4096.00 -174.42887136  69.79969786
4098.00 -174.57990235  69.89292365
4100.00 -174.73096785  69.98622068
4102.00 -174.88206782  70.07958897
4104.00 -175.03320222  70.17302852
4106.00 -175.18437100  70.26653932
4108.00 -175.33557413  70.36012139
4110.00 -175.48681156  70.45377473
4112.00 -175.63808324  70.54749934
4114.00 -175.78938914  70.64129522
4116.00 -175.94072922  70.73516237
4118.00 -176.09210343  70.82910081
4120.00 -176.24351173  70.92311052
4122.00 -176.39495408  71.01719153
4124.00 -176.54643043  71.11134382
4126.00 -176.69794075  71.20556740
4128.00 -176.84948499  71.29986228
4130.00 -177.00106311  71.39422845
4132.00 -177.15267507  71.48866592
4134.00 -177.30432082  71.58317470
4136.00 -177.45600033  71.67775478
4138.00 -177.60771355  71.77240617
4140.00 -177.75946045  71.86712887
4142.00 -177.91124097  71.96192288
4144.00 -178.06305508  72.05678821
4146.00 -178.21490273  72.15172486
4148.00 -178.36678388  72.24673282
4150.00 -178.51869850  72.34181212
4152.00 -178.67064653  72.43696274
4154.00 -178.82262794  72.53218469
4156.00 -178.97464269  72.62747797
4158.00 -179.12669073  72.72284258
4160.00 -179.27877202  72.81827853
4162.00 -179.43088652  72.91378582
4164.00 -179.58303418  73.00936445
4166.00 -179.73521498  73.10501443
4168.00 -179.88742885  73.20073575
4170.00 -180.03967577  73.29652842
4172.00 -180.19195569  73.39239244
4174.00 -180.34426857  73.48832781
4176.00 -180.49661436  73.58433454
4178.00 -180.64899303  73.68041262
4180.00 -180.80140453  73.77656207
4182.00 -180.95384883  73.87278287
4184.00 -181.10632587  73.96907504
4186.00 -181.25883562  74.06543858
4188.00 -181.41137804  74.16187348
4190.00 -181.56395308  74.25837975
4192.00 -181.71656070  74.35495740
4194.00 -181.86920086  74.45160642
4196.00 -182.02187353  74.54832681
4198.00 -182.17457865  74.64511858
4200.00 -182.32731619  74.74198173
4202.00 -182.48008610  74.83891627
4204.00 -182.63288834  74.93592218
4206.00 -182.78572288  75.03299948
4208.00 -182.93858966  75.13014817
4210.00 -183.09148865  75.22736824
4212.00 -183.24441981  75.32465971
4214.00 -183.39738309  75.42202257
4216.00 -183.55037845  75.51945682
4218.00 -183.70340586  75.61696247
4220.00 -183.85646526  75.71453951
4222.00 -184.00955663  75.81218795
4224.00 -184.16267990  75.90990779
4226.00 -184.31583506  76.00769903
4228.00 -184.46902205  76.10556168
4230.00 -184.62224083  76.20349573
4232.00 -184.77549136  76.30150118
4234.00 -184.92877359  76.39957805
4236.00 -185.08208750  76.49772632
4238.00 -185.23543303  76.59594600
4240.00 -185.38881015  76.69423709
4242.00 -185.54221881  76.79259960
4244.00 -185.69565897  76.89103352
4246.00 -185.84913059  76.98953885
4248.00 -186.00263362  77.08811560
4250.00 -186.15616804  77.18676377
4252.00 -186.30973379  77.28548336
4254.00 -186.46333084  77.38427436
4256.00 -186.61695913  77.48313679
4258.00 -186.77061864  77.58207064
4260.00 -186.92430932  77.68107591
4262.00 -187.07803113  77.78015261
4264.00 -187.23178403  77.87930073
4266.00 -187.38556797  77.97852027
4268.00 -187.53938291  78.07781125
4270.00 -187.69322882  78.17717365
4272.00 -187.84710566  78.27660748
4274.00 -188.00101337  78.37611274
4276.00 -188.15495192  78.47568943
4278.00 -188.30892127  78.57533755
4280.00 -188.46292138  78.67505711
4282.00 -188.61695220  78.77484809
4284.00 -188.77101370  78.87471051
4286.00 -188.92510583  78.97464437
4288.00 -189.07922855  79.07464966
4290.00 -189.23338182  79.17472638
4292.00 -189.38756560  79.27487454
4294.00 -189.54177985  79.37509414
4296.00 -189.69602453  79.47538517
4298.00 -189.85029959  79.57574765
4300.00 -190.00460500  79.67618156
4302.00 -190.15894071  79.77668691
4304.00 -190.31330668  79.87726370
4306.00 -190.46770288  79.97791192
4308.00 -190.62212925  80.07863159
4310.00 -190.77658577  80.17942270
4312.00 -190.93107238  80.28028525
4314.00 -191.08558905  80.38121924
4316.00 -191.24013573  80.48222467
4318.00 -191.39471239  80.58330155
4320.00 -191.54931898  80.68444986
4322.00 -191.70395547  80.78566962
4324.00 -191.85862181  80.88696082
4326.00 -192.01331795  80.98832346
4328.00 -192.16804387  81.08975755
4330.00 -192.32279952  81.19126308
4332.00 -192.47758485  81.29284005
4334.00 -192.63239983  81.39448846
4336.00 -192.78724441  81.49620831
4338.00 -192.94211856  81.59799961
4340.00 -193.09702224  81.69986235
4342.00 -193.25195539  81.80179654
4344.00 -193.40691799  81.90380216
4346.00 -193.56190999  82.00587923
4348.00 -193.71693135  82.10802774
4350.00 -193.87198203  82.21024770
4352.00 -194.02706198  82.31253909
4354.00 -194.18217117  82.41490193
4356.00 -194.33730956  82.51733621
4358.00 -194.49247711  82.61984193
4360.00 -194.64767377  82.72241909
4362.00 -194.80289950  82.82506769
4364.00 -194.95815427  82.92778774
4366.00 -195.11343803  83.03057922
4368.00 -195.26875074  83.13344214
4370.00 -195.42409236  83.23637650
4372.00 -195.57946285  83.33938230
4374.00 -195.73486217  83.44245954
4376.00 -195.89029028  83.54560821
4378.00 -196.04574714  83.64882832
4380.00 -196.20123271  83.75211987
4382.00 -196.35674694  83.85548286
4384.00 -196.51228979  83.95891728
4386.00 -196.66786123  84.06242313
4388.00 -196.82346122  84.16600042
4390.00 -196.97908971  84.26964914
4392.00 -197.13474666  84.37336930
4394.00 -197.29043203  84.47716088
4396.00 -197.44614579  84.58102390
4398.00 -197.60188788  84.68495835
4400.00 -197.75765828  84.78896423
4402.00 -197.91345694  84.89304153
4404.00 -198.06928381  84.99719027
4406.00 -198.22513887  85.10141043
4408.00 -198.38102206  85.20570201
4410.00 -198.53693335  85.31006503
4412.00 -198.69287270  85.41449946
4414.00 -198.84884006  85.51900532
4416.00 -199.00483540  85.62358260
4418.00 -199.16085868  85.72823130
4420.00 -199.31690985  85.83295142
4422.00 -199.47298887  85.93774296
4424.00 -199.62909571  86.04260592
4426.00 -199.78523032  86.14754029
4428.00 -199.94139267  86.25254608
4430.00 -200.09758271  86.35762329
4432.00 -200.25380040  86.46277190
4434.00 -200.41004570  86.56799193
4436.00 -200.56631857  86.67328337
4438.00 -200.72261898  86.77864621
4440.00 -200.87894687  86.88408047
4442.00 -201.03530222  86.98958612
4444.00 -201.19168498  87.09516319
4446.00 -201.34809510  87.20081166
4448.00 -201.50453256  87.30653153
4450.00 -201.66099730  87.41232280
4452.00 -201.81748929  87.51818547
4454.00 -201.97400850  87.62411953
4456.00 -202.13055486  87.73012499
4458.00 -202.28712836  87.83620185
4460.00 -202.44372895  87.94235010
4462.00 -202.60035658  88.04856974
4464.00 -202.75701122  88.15486077
4466.00 -202.91369283  88.26122319
4468.00 -203.07040136  88.36765699
4470.00 -203.22713678  88.47416218
4472.00 -203.38389904  88.58073875
4474.00 -203.54068812  88.68738670
4476.00 -203.69750396  88.79410603
4478.00 -203.85434652  88.90089673
4480.00 -204.01121577  89.00775882
4482.00 -204.16811167  89.11469227
4484.00 -204.32503417  89.22169710
4486.00 -204.48198324  89.32877330
4488.00 -204.63895883  89.43592086
4490.00 -204.79596091  89.54313979
4492.00 -204.95298943  89.65043008
4494.00 -205.11004436  89.75779174
4496.00 -205.26712565  89.86522475
4498.00 -205.42423327  89.97272912
4500.00 -205.58136717  90.08030485
4502.00 -205.73852732  90.18795193
4504.00 -205.89571368  90.29567036
4506.00 -206.05292620  90.40346014
4508.00 -206.21016484  90.51132126
4510.00 -206.36742957  90.61925374
4512.00 -206.52472035  90.72725755
4514.00 -206.68203713  90.83533270
4516.00 -206.83937988  90.94347919
4518.00 -206.99674855  91.05169702
4520.00 -207.15414311  91.15998617
4522.00 -207.31156351  91.26834666
4524.00 -207.46900972  91.37677848
4526.00 -207.62648170  91.48528162
4528.00 -207.78397940  91.59385609
4530.00 -207.94150279  91.70250187
4532.00 -208.09905183  91.81121898
4534.00 -208.25662647  91.92000739
4536.00 -208.41422668  92.02886713
4538.00 -208.57185242  92.13779817
4540.00 -208.72950365  92.24680052
4542.00 -208.88718032  92.35587418
4544.00 -209.04488240  92.46501913
4546.00 -209.20260985  92.57423539
4548.00 -209.36036263  92.68352295
4550.00 -209.51814070  92.79288180
4552.00 -209.67594402  92.90231194
4554.00 -209.83377255  93.01181337
4556.00 -209.99162624  93.12138609
4558.00 -210.14950507  93.23103009
4560.00 -210.30740899  93.34074537
4562.00 -210.46533796  93.45053192
4564.00 -210.62329195  93.56038975
4566.00 -210.78127090  93.67031886
4568.00 -210.93927479  93.78031923
4570.00 -211.09730357  93.89039087
4572.00 -211.25535720  94.00053377
4574.00 -211.41343565  94.11074793
4576.00 -211.57153887  94.22103335
4578.00 -211.72966682  94.33139002
4580.00 -211.88781948  94.44181794
4582.00 -212.04599678  94.55231711
4584.00 -212.20419871  94.66288752
4586.00 -212.36242521  94.77352917
4588.00 -212.52067625  94.88424206
4590.00 -212.67895178  94.99502619
4592.00 -212.83725178  95.10588154
4594.00 -212.99557619  95.21680813
4596.00 -213.15392499  95.32780594
4598.00 -213.31229812  95.43887497
4600.00 -213.47069556  95.55001522
4602.00 -213.62911725  95.66122668
4604.00 -213.78756317  95.77250936
4606.00 -213.94603328  95.88386324
4608.00 -214.10452752  95.99528833
4610.00 -214.26304588  96.10678461
4612.00 -214.42158829  96.21835210
4614.00 -214.58015473  96.32999078
4616.00 -214.73874516  96.44170065
4618.00 -214.89735954  96.55348171
4620.00 -215.05599782  96.66533395
4622.00 -215.21465998  96.77725737
4624.00 -215.37334596  96.88925196
4626.00 -215.53205574  97.00131773
4628.00 -215.69078926  97.11345466
4630.00 -215.84954650  97.22566277
4632.00 -216.00832741  97.33794203
4634.00 -216.16713195  97.45029245
4636.00 -216.32596009  97.56271402
4638.00 -216.48481179  97.67520675
4640.00 -216.64368700  97.78777062
4642.00 -216.80258569  97.90040563
4644.00 -216.96150782  98.01311178
4646.00 -217.12045335  98.12588906
4648.00 -217.27942223  98.23873748
4650.00 -217.43841444  98.35165702
4652.00 -217.59742994  98.46464768
4654.00 -217.75646867  98.57770946
4656.00 -217.91553061  98.69084236
4658.00 -218.07461571  98.80404637
4660.00 -218.23372395  98.91732148
4662.00 -218.39285526  99.03066770
4664.00 -218.55200963  99.14408501
4666.00 -218.71118701  99.25757342
4668.00 -218.87038736  99.37113292
4670.00 -219.02961063  99.48476351
4672.00 -219.18885681  99.59846517
4674.00 -219.34812583  99.71223791
4676.00 -219.50741767  99.82608173
4678.00 -219.66673229  99.93999661
4680.00 -219.82606965 100.05398256
4682.00 -219.98542970 100.16803957
4684.00 -220.14481242 100.28216764
4686.00 -220.30421775 100.39636675
4688.00 -220.46364567 100.51063692
4690.00 -220.62309613 100.62497812
4692.00 -220.78256910 100.73939037
4694.00 -220.94206453 100.85387365
4696.00 -221.10158239 100.96842795
4698.00 -221.26112264 101.08305329
4700.00 -221.42068524 101.19774964
4702.00 -221.58027015 101.31251700
4704.00 -221.73987733 101.42735538
4706.00 -221.89950675 101.54226477
4708.00 -222.05915836 101.65724515
4710.00 -222.21883213 101.77229654
4712.00 -222.37852802 101.88741891
4714.00 -222.53824599 102.00261228
4716.00 -222.69798600 102.11787662
4718.00 -222.85774801 102.23321195
4720.00 -223.01753198 102.34861825
4722.00 -223.17733788 102.46409551
4724.00 -223.33716567 102.57964375
4726.00 -223.49701531 102.69526293
4728.00 -223.65688675 102.81095308
4730.00 -223.81677997 102.92671417
4732.00 -223.97669492 103.04254621
4734.00 -224.13663157 103.15844919
4736.00 -224.29658987 103.27442310
4738.00 -224.45656979 103.39046794
4740.00 -224.61657129 103.50658371
4742.00 -224.77659433 103.62277039
4744.00 -224.93663887 103.73902799
4746.00 -225.09670488 103.85535650
4748.00 -225.25679231 103.97175591
4750.00 -225.41690113 104.08822623
4752.00 -225.57703130 104.20476743
4754.00 -225.73718278 104.32137953
4756.00 -225.89735553 104.43806251
4758.00 -226.05754952 104.55481636
4760.00 -226.21776470 104.67164109
4762.00 -226.37800105 104.78853669
4764.00 -226.53825851 104.90550315
4766.00 -226.69853705 105.02254047
4768.00 -226.85883663 105.13964864
4770.00 -227.01915723 105.25682766
4772.00 -227.17949878 105.37407752
4774.00 -227.33986127 105.49139822
4776.00 -227.50024465 105.60878974
4778.00 -227.66064887 105.72625209
4780.00 -227.82107392 105.84378526
4782.00 -227.98151974 105.96138925
4784.00 -228.14198630 106.07906404
4786.00 -228.30247355 106.19680964
4788.00 -228.46298147 106.31462603
4790.00 -228.62351002 106.43251322
4792.00 -228.78405915 106.55047119
4794.00 -228.94462882 106.66849995
4796.00 -229.10521901 106.78659947
4798.00 -229.26582967 106.90476977
4800.00 -229.42646076 107.02301084
4802.00 -229.58711225 107.14132266
4804.00 -229.74778410 107.25970523
4806.00 -229.90847627 107.37815855
4808.00 -230.06918872 107.49668261
4810.00 -230.22992141 107.61527741
4812.00 -230.39067431 107.73394293
4814.00 -230.55144738 107.85267918
4816.00 -230.71224058 107.97148615
4818.00 -230.87305387 108.09036383
4820.00 -231.03388722 108.20931222
4822.00 -231.19474058 108.32833130
4824.00 -231.35561393 108.44742108
4826.00 -231.51650721 108.56658155
4828.00 -231.67742040 108.68581269
4830.00 -231.83835346 108.80511452
4832.00 -231.99930634 108.92448702
4834.00 -232.16027902 109.04393017
4836.00 -232.32127144 109.16344399
4838.00 -232.48228359 109.28302846
4840.00 -232.64331541 109.40268358
4842.00 -232.80436687 109.52240933
4844.00 -232.96543793 109.64220572
4846.00 -233.12652856 109.76207273
4848.00 -233.28763871 109.88201037
4850.00 -233.44876836 110.00201862
4852.00 -233.60991745 110.12209748
4854.00 -233.77108596 110.24224694
4856.00 -233.93227385 110.36246699
4858.00 -234.09348108 110.48275764
4860.00 -234.25470760 110.60311887
4862.00 -234.41595339 110.72355068
4864.00 -234.57721841 110.84405306
4866.00 -234.73850262 110.96462600
4868.00 -234.89980598 111.08526950
4870.00 -235.06112845 111.20598355
4872.00 -235.22247000 111.32676814
4874.00 -235.38383059 111.44762328
4876.00 -235.54521018 111.56854894
4878.00 -235.70660874 111.68954513
4880.00 -235.86802622 111.81061184
4882.00 -236.02946260 111.93174906
4884.00 -236.19091782 112.05295679
4886.00 -236.35239186 112.17423501
4888.00 -236.51388468 112.29558373
4890.00 -236.67539624 112.41700293
4892.00 -236.83692650 112.53849262
4894.00 -236.99847543 112.66005277
4896.00 -237.16004299 112.78168339
4898.00 -237.32162913 112.90338447
4900.00 -237.48323384 113.02515600
4902.00 -237.64485706 113.14699797
4904.00 -237.80649875 113.26891039
4906.00 -237.96815890 113.39089323
4908.00 -238.12983744 113.51294650
4910.00 -238.29153436 113.63507019
4912.00 -238.45324961 113.75726429
4914.00 -238.61498315 113.87952879
4916.00 -238.77673495 114.00186369
4918.00 -238.93850496 114.12426898
4920.00 -239.10029316 114.24674465
4922.00 -239.26209951 114.36929070
4924.00 -239.42392397 114.49190712
4926.00 -239.58576649 114.61459390
4928.00 -239.74762705 114.73735103
4930.00 -239.90950561 114.86017851
4932.00 -240.07140213 114.98307634
4934.00 -240.23331658 115.10604449
4936.00 -240.39524891 115.22908298
4938.00 -240.55719909 115.35219178
4940.00 -240.71916708 115.47537089
4942.00 -240.88115285 115.59862031
4944.00 -241.04315636 115.72194003
4946.00 -241.20517757 115.84533003
4948.00 -241.36721644 115.96879032
4950.00 -241.52927294 116.09232089
4952.00 -241.69134704 116.21592172
4954.00 -241.85343869 116.33959282
4956.00 -242.01554786 116.46333417
4958.00 -242.17767451 116.58714576
4960.00 -242.33981860 116.71102759
4962.00 -242.50198011 116.83497966
4964.00 -242.66415898 116.95900195
4966.00 -242.82635519 117.08309445
4968.00 -242.98856869 117.20725717
4970.00 -243.15079946 117.33149009
4972.00 -243.31304745 117.45579320
4974.00 -243.47531263 117.58016649
4976.00 -243.63759496 117.70460997
4978.00 -243.79989440 117.82912362
4980.00 -243.96221092 117.95370743
4982.00 -244.12454448 118.07836140
4984.00 -244.28689505 118.20308551
4986.00 -244.44926258 118.32787977
4988.00 -244.61164705 118.45274416
4990.00 -244.77404841 118.57767867
4992.00 -244.93646663 118.70268331
4994.00 -245.09890167 118.82775805
4996.00 -245.26135350 118.95290289
4998.00 -245.42382207 119.07811783
5000.00 -245.58630736 119.20340286
