wavelength(nm)         real         imag
200.00   3.85672052   0.00082715
201.00   3.85628680   0.00083962
202.00   3.85585092   0.00085221
203.00   3.85541289   0.00086492
204.00   3.85497269   0.00087776
205.00   3.85453033   0.00089073
206.00   3.85408582   0.00090383
207.00   3.85363914   0.00091705
208.00   3.85319031   0.00093040
209.00   3.85273931   0.00094388
210.00   3.85228616   0.00095749
211.00   3.85183084   0.00097123
212.00   3.85137337   0.00098510
213.00   3.85091373   0.00099911
214.00   3.85045194   0.00101324
215.00   3.84998799   0.00102751
216.00   3.84952188   0.00104191
217.00   3.84905361   0.00105644
218.00   3.84858318   0.00107111
219.00   3.84811059   0.00108591
220.00   3.84763584   0.00110085
221.00   3.84715893   0.00111593
222.00   3.84667987   0.00113114
223.00   3.84619864   0.00114649
224.00   3.84571526   0.00116198
225.00   3.84522972   0.00117760
226.00   3.84474202   0.00119337
227.00   3.84425215   0.00120928
228.00   3.84376014   0.00122532
229.00   3.84326596   0.00124151
230.00   3.84276962   0.00125784
231.00   3.84227113   0.00127432
232.00   3.84177048   0.00129093
233.00   3.84126766   0.00130769
234.00   3.84076269   0.00132459
235.00   3.84025557   0.00134164
236.00   3.83974628   0.00135884
237.00   3.83923484   0.00137618
238.00   3.83872123   0.00139367
239.00   3.83820547   0.00141130
240.00   3.83768756   0.00142908
241.00   3.83716748   0.00144702
242.00   3.83664524   0.00146510
243.00   3.83612085   0.00148333
244.00   3.83559430   0.00150171
245.00   3.83506560   0.00152024
246.00   3.83453473   0.00153893
247.00   3.83400171   0.00155776
248.00   3.83346653   0.00157675
249.00   3.83292919   0.00159590
250.00   3.83238969   0.00161519
251.00   3.83184804   0.00163465
252.00   3.83130423   0.00165426
253.00   3.83075826   0.00167402
254.00   3.83021014   0.00169394
255.00   3.82965986   0.00171402
256.00   3.82910742   0.00173425
257.00   3.82855282   0.00175465
258.00   3.82799607   0.00177520
259.00   3.82743716   0.00179592
260.00   3.82687610   0.00181679
261.00   3.82631287   0.00183782
262.00   3.82574749   0.00185902
263.00   3.82517996   0.00188038
264.00   3.82461026   0.00190190
265.00   3.82403842   0.00192359
266.00   3.82346441   0.00194544
267.00   3.82288825   0.00196745
268.00   3.82230993   0.00198963
269.00   3.82172945   0.00201197
270.00   3.82114682   0.00203449
271.00   3.82056204   0.00205717
272.00   3.81997509   0.00208001
273.00   3.81938599   0.00210303
274.00   3.81879474   0.00212621
275.00   3.81820133   0.00214957
276.00   3.81760576   0.00217309
277.00   3.81700804   0.00219679
278.00   3.81640816   0.00222065
279.00   3.81580613   0.00224469
280.00   3.81520194   0.00226890
281.00   3.81459559   0.00229329
282.00   3.81398709   0.00231785
283.00   3.81337644   0.00234258
284.00   3.81276363   0.00236749
285.00   3.81214866   0.00239257
286.00   3.81153154   0.00241783
287.00   3.81091226   0.00244327
288.00   3.81029083   0.00246889
289.00   3.80966724   0.00249468
290.00   3.80904150   0.00252065
291.00   3.80841361   0.00254681
292.00   3.80778356   0.00257314
293.00   3.80715135   0.00259965
294.00   3.80651699   0.00262635
295.00   3.80588048   0.00265322
296.00   3.80524181   0.00268028
297.00   3.80460098   0.00270752
298.00   3.80395801   0.00273495
299.00   3.80331287   0.00276256
300.00   3.80266559   0.00279036
301.00   3.80201615   0.00281834
302.00   3.80136455   0.00284650
303.00   3.80071080   0.00287486
304.00   3.80005490   0.00290340
305.00   3.79939685   0.00293213
306.00   3.79873664   0.00296105
307.00   3.79807427   0.00299016
308.00   3.79740976   0.00301946
309.00   3.79674309   0.00304894
310.00   3.79607426   0.00307862
311.00   3.79540328   0.00310850
312.00   3.79473015   0.00313856
313.00   3.79405487   0.00316882
314.00   3.79337743   0.00319927
315.00   3.79269784   0.00322991
316.00   3.79201610   0.00326075
317.00   3.79133220   0.00329179
318.00   3.79064615   0.00332302
319.00   3.78995795   0.00335445
320.00   3.78926760   0.00338608
321.00   3.78857509   0.00341790
322.00   3.78788043   0.00344992
323.00   3.78718362   0.00348214
324.00   3.78648465   0.00351456
325.00   3.78578354   0.00354719
326.00   3.78508027   0.00358001
327.00   3.78437484   0.00361303
328.00   3.78366727   0.00364626
329.00   3.78295754   0.00367969
330.00   3.78224567   0.00371332
331.00   3.78153164   0.00374716
332.00   3.78081546   0.00378120
333.00   3.78009712   0.00381545
334.00   3.77937664   0.00384990
335.00   3.77865400   0.00388456
336.00   3.77792921   0.00391943
337.00   3.77720228   0.00395451
338.00   3.77647318   0.00398979
339.00   3.77574194   0.00402528
340.00   3.77500855   0.00406098
341.00   3.77427301   0.00409690
342.00   3.77353531   0.00413302
343.00   3.77279546   0.00416935
344.00   3.77205347   0.00420590
345.00   3.77130932   0.00424266
346.00   3.77056302   0.00427963
347.00   3.76981457   0.00431682
348.00   3.76906397   0.00435422
349.00   3.76831122   0.00439184
350.00   3.76755632   0.00442967
351.00   3.76679927   0.00446772
352.00   3.76604007   0.00450598
353.00   3.76527872   0.00454447
354.00   3.76451522   0.00458317
355.00   3.76374957   0.00462209
356.00   3.76298177   0.00466123
357.00   3.76221182   0.00470059
358.00   3.76143972   0.00474017
359.00   3.76066547   0.00477997
360.00   3.75988907   0.00481999
361.00   3.75911052   0.00486024
362.00   3.75832982   0.00490071
363.00   3.75754698   0.00494140
364.00   3.75676198   0.00498232
365.00   3.75597483   0.00502346
366.00   3.75518554   0.00506483
367.00   3.75439410   0.00510643
368.00   3.75360050   0.00514825
369.00   3.75280476   0.00519030
370.00   3.75200687   0.00523257
371.00   3.75120683   0.00527508
372.00   3.75040465   0.00531781
373.00   3.74960031   0.00536078
374.00   3.74879383   0.00540397
375.00   3.74798520   0.00544740
376.00   3.74717442   0.00549106
377.00   3.74636149   0.00553495
378.00   3.74554641   0.00557907
379.00   3.74472919   0.00562343
380.00   3.74390982   0.00566802
381.00   3.74308830   0.00571284
382.00   3.74226463   0.00575790
383.00   3.74143882   0.00580320
384.00   3.74061086   0.00584873
385.00   3.73978075   0.00589451
386.00   3.73894849   0.00594051
387.00   3.73811409   0.00598676
388.00   3.73727754   0.00603325
389.00   3.73643884   0.00607997
390.00   3.73559799   0.00612694
391.00   3.73475500   0.00617415
392.00   3.73390986   0.00622160
393.00   3.73306258   0.00626929
394.00   3.73221315   0.00631722
395.00   3.73136157   0.00636540
396.00   3.73050785   0.00641382
397.00   3.72965198   0.00646248
398.00   3.72879396   0.00651140
399.00   3.72793380   0.00656055
400.00   3.72707149   0.00660996
401.00   3.72620704   0.00665961
402.00   3.72534044   0.00670950
403.00   3.72447169   0.00675965
404.00   3.72360080   0.00681004
405.00   3.72272776   0.00686069
406.00   3.72185258   0.00691158
407.00   3.72097526   0.00696273
408.00   3.72009578   0.00701412
409.00   3.71921417   0.00706577
410.00   3.71833040   0.00711767
411.00   3.71744450   0.00716983
412.00   3.71655644   0.00722223
413.00   3.71566625   0.00727490
414.00   3.71477391   0.00732781
415.00   3.71387942   0.00738099
416.00   3.71298279   0.00743442
417.00   3.71208401   0.00748810
418.00   3.71118310   0.00754204
419.00   3.71028003   0.00759625
420.00   3.70937483   0.00765071
421.00   3.70846747   0.00770542
422.00   3.70755798   0.00776040
423.00   3.70664634   0.00781564
424.00   3.70573256   0.00787114
425.00   3.70481663   0.00792691
426.00   3.70389856   0.00798293
427.00   3.70297835   0.00803922
428.00   3.70205600   0.00809577
429.00   3.70113150   0.00815258
430.00   3.70020485   0.00820966
431.00   3.69927607   0.00826701
432.00   3.69834514   0.00832462
433.00   3.69741207   0.00838250
434.00   3.69647686   0.00844064
435.00   3.69553950   0.00849905
436.00   3.69460001   0.00855774
437.00   3.69365836   0.00861669
438.00   3.69271458   0.00867591
439.00   3.69176866   0.00873540
440.00   3.69082059   0.00879516
441.00   3.68987038   0.00885519
442.00   3.68891803   0.00891549
443.00   3.68796354   0.00897607
444.00   3.68700691   0.00903692
445.00   3.68604813   0.00909804
446.00   3.68508722   0.00915944
447.00   3.68412416   0.00922112
448.00   3.68315896   0.00928307
449.00   3.68219162   0.00934529
450.00   3.68122214   0.00940779
451.00   3.68025052   0.00947057
452.00   3.67927675   0.00953363
453.00   3.67830085   0.00959697
454.00   3.67732281   0.00966059
455.00   3.67634262   0.00972448
456.00   3.67536030   0.00978866
457.00   3.67437583   0.00985312
458.00   3.67338923   0.00991786
459.00   3.67240048   0.00998288
460.00   3.67140960   0.01004819
461.00   3.67041657   0.01011378
462.00   3.66942141   0.01017965
463.00   3.66842411   0.01024581
464.00   3.66742466   0.01031225
465.00   3.66642308   0.01037898
466.00   3.66541936   0.01044600
467.00   3.66441350   0.01051330
468.00   3.66340550   0.01058090
469.00   3.66239536   0.01064878
470.00   3.66138308   0.01071695
471.00   3.66036867   0.01078540
472.00   3.65935211   0.01085415
473.00   3.65833342   0.01092319
474.00   3.65731258   0.01099253
475.00   3.65628961   0.01106215
476.00   3.65526451   0.01113207
477.00   3.65423726   0.01120228
478.00   3.65320788   0.01127278
479.00   3.65217635   0.01134358
480.00   3.65114269   0.01141468
481.00   3.65010690   0.01148607
482.00   3.64906896   0.01155775
483.00   3.64802889   0.01162973
484.00   3.64698668   0.01170202
485.00   3.64594233   0.01177459
486.00   3.64489585   0.01184747
487.00   3.64384723   0.01192065
488.00   3.64279647   0.01199413
489.00   3.64174358   0.01206791
490.00   3.64068855   0.01214199
491.00   3.63963138   0.01221637
492.00   3.63857208   0.01229105
493.00   3.63751064   0.01236604
494.00   3.63644707   0.01244133
495.00   3.63538135   0.01251692
496.00   3.63431351   0.01259282
497.00   3.63324352   0.01266903
498.00   3.63217140   0.01274554
499.00   3.63109715   0.01282236
500.00   3.63002076   0.01289948
501.00   3.62894224   0.01297692
502.00   3.62786158   0.01305466
503.00   3.62677878   0.01313271
504.00   3.62569385   0.01321107
505.00   3.62460679   0.01328974
506.00   3.62351759   0.01336872
507.00   3.62242625   0.01344802
508.00   3.62133278   0.01352762
509.00   3.62023718   0.01360754
510.00   3.61913944   0.01368778
511.00   3.61803957   0.01376832
512.00   3.61693757   0.01384918
513.00   3.61583343   0.01393036
514.00   3.61472716   0.01401185
515.00   3.61361875   0.01409366
516.00   3.61250821   0.01417578
517.00   3.61139554   0.01425823
518.00   3.61028073   0.01434099
519.00   3.60916379   0.01442407
520.00   3.60804472   0.01450747
521.00   3.60692351   0.01459119
522.00   3.60580017   0.01467523
523.00   3.60467470   0.01475959
524.00   3.60354710   0.01484427
525.00   3.60241736   0.01492928
526.00   3.60128550   0.01501461
527.00   3.60015149   0.01510026
528.00   3.59901536   0.01518624
529.00   3.59787710   0.01527254
530.00   3.59673670   0.01535917
531.00   3.59559417   0.01544612
532.00   3.59444952   0.01553340
533.00   3.59330272   0.01562101
534.00   3.59215380   0.01570894
535.00   3.59100275   0.01579721
536.00   3.58984957   0.01588580
537.00   3.58869425   0.01597472
538.00   3.58753680   0.01606398
539.00   3.58637723   0.01615356
540.00   3.58521552   0.01624348
541.00   3.58405168   0.01633373
542.00   3.58288572   0.01642431
543.00   3.58171762   0.01651522
544.00   3.58054739   0.01660647
545.00   3.57937503   0.01669805
546.00   3.57820054   0.01678997
547.00   3.57702393   0.01688222
548.00   3.57584518   0.01697481
549.00   3.57466430   0.01706774
550.00   3.57348130   0.01716100
551.00   3.57229616   0.01725461
552.00   3.57110890   0.01734855
553.00   3.56991951   0.01744283
554.00   3.56872799   0.01753745
555.00   3.56753434   0.01763241
556.00   3.56633856   0.01772771
557.00   3.56514065   0.01782336
558.00   3.56394062   0.01791935
559.00   3.56273846   0.01801568
560.00   3.56153416   0.01811235
561.00   3.56032775   0.01820937
562.00   3.55911920   0.01830673
563.00   3.55790852   0.01840444
564.00   3.55669572   0.01850249
565.00   3.55548079   0.01860089
566.00   3.55426374   0.01869964
567.00   3.55304456   0.01879874
568.00   3.55182325   0.01889818
569.00   3.55059981   0.01899798
570.00   3.54937425   0.01909812
571.00   3.54814656   0.01919861
572.00   3.54691674   0.01929946
573.00   3.54568480   0.01940065
574.00   3.54445073   0.01950220
575.00   3.54321453   0.01960410
576.00   3.54197621   0.01970635
577.00   3.54073577   0.01980896
578.00   3.53949320   0.01991192
579.00   3.53824850   0.02001524
580.00   3.53700168   0.02011891
581.00   3.53575273   0.02022294
582.00   3.53450166   0.02032733
583.00   3.53324846   0.02043207
584.00   3.53199314   0.02053717
585.00   3.53073569   0.02064264
586.00   3.52947612   0.02074845
587.00   3.52821442   0.02085463
588.00   3.52695060   0.02096117
589.00   3.52568466   0.02106808
590.00   3.52441659   0.02117534
591.00   3.52314640   0.02128296
592.00   3.52187408   0.02139095
593.00   3.52059964   0.02149930
594.00   3.51932308   0.02160802
595.00   3.51804440   0.02171710
596.00   3.51676359   0.02182654
597.00   3.51548066   0.02193635
598.00   3.51419560   0.02204653
599.00   3.51290842   0.02215708
600.00   3.51161912   0.02226799
601.00   3.51032770   0.02237927
602.00   3.50903416   0.02249092
603.00   3.50773849   0.02260294
604.00   3.50644070   0.02271533
605.00   3.50514079   0.02282809
606.00   3.50383876   0.02294122
607.00   3.50253461   0.02305473
608.00   3.50122833   0.02316860
609.00   3.49991993   0.02328285
610.00   3.49860942   0.02339747
611.00   3.49729678   0.02351247
612.00   3.49598202   0.02362784
613.00   3.49466514   0.02374359
614.00   3.49334614   0.02385971
615.00   3.49202502   0.02397621
616.00   3.49070177   0.02409309
617.00   3.48937641   0.02421035
618.00   3.48804893   0.02432798
619.00   3.48671933   0.02444599
620.00   3.48538761   0.02456439
621.00   3.48405377   0.02468316
622.00   3.48271781   0.02480231
623.00   3.48137973   0.02492185
624.00   3.48003953   0.02504177
625.00   3.47869721   0.02516207
626.00   3.47735277   0.02528275
627.00   3.47600622   0.02540382
628.00   3.47465755   0.02552527
629.00   3.47330675   0.02564710
630.00   3.47195384   0.02576933
631.00   3.47059881   0.02589194
632.00   3.46924167   0.02601493
633.00   3.46788240   0.02613832
634.00   3.46652102   0.02626209
635.00   3.46515752   0.02638625
636.00   3.46379191   0.02651080
637.00   3.46242417   0.02663574
638.00   3.46105432   0.02676106
639.00   3.45968235   0.02688679
640.00   3.45830827   0.02701290
641.00   3.45693207   0.02713940
642.00   3.45555375   0.02726630
643.00   3.45417331   0.02739359
644.00   3.45279076   0.02752128
645.00   3.45140610   0.02764936
646.00   3.45001931   0.02777783
647.00   3.44863042   0.02790670
648.00   3.44723940   0.02803597
649.00   3.44584627   0.02816563
650.00   3.44445103   0.02829569
651.00   3.44305367   0.02842615
652.00   3.44165419   0.02855701
653.00   3.44025260   0.02868827
654.00   3.43884890   0.02881993
655.00   3.43744308   0.02895199
656.00   3.43603515   0.02908445
657.00   3.43462510   0.02921731
658.00   3.43321294   0.02935058
659.00   3.43179866   0.02948424
660.00   3.43038228   0.02961832
661.00   3.42896377   0.02975279
662.00   3.42754316   0.02988767
663.00   3.42612043   0.03002296
664.00   3.42469558   0.03015865
665.00   3.42326863   0.03029475
666.00   3.42183956   0.03043125
667.00   3.42040838   0.03056816
668.00   3.41897509   0.03070549
669.00   3.41753968   0.03084322
670.00   3.41610216   0.03098136
671.00   3.41466253   0.03111991
672.00   3.41322079   0.03125887
673.00   3.41177694   0.03139824
674.00   3.41033097   0.03153802
675.00   3.40888289   0.03167822
676.00   3.40743271   0.03181883
677.00   3.40598041   0.03195985
678.00   3.40452600   0.03210129
679.00   3.40306947   0.03224314
680.00   3.40161084   0.03238541
681.00   3.40015010   0.03252810
682.00   3.39868725   0.03267120
683.00   3.39722228   0.03281472
684.00   3.39575521   0.03295865
685.00   3.39428603   0.03310301
686.00   3.39281474   0.03324778
687.00   3.39134134   0.03339298
688.00   3.38986582   0.03353859
689.00   3.38838820   0.03368462
690.00   3.38690847   0.03383108
691.00   3.38542664   0.03397796
692.00   3.38394269   0.03412526
693.00   3.38245663   0.03427298
694.00   3.38096847   0.03442113
695.00   3.37947820   0.03456970
696.00   3.37798581   0.03471870
697.00   3.37649133   0.03486812
698.00   3.37499473   0.03501797
699.00   3.37349603   0.03516825
700.00   3.37199521   0.03531895
701.00   3.37049230   0.03547009
702.00   3.36898727   0.03562165
703.00   3.36748014   0.03577363
704.00   3.36597090   0.03592605
705.00   3.36445955   0.03607890
706.00   3.36294610   0.03623218
707.00   3.36143054   0.03638590
708.00   3.35991287   0.03654004
709.00   3.35839310   0.03669462
710.00   3.35687123   0.03684963
711.00   3.35534724   0.03700507
712.00   3.35382116   0.03716095
713.00   3.35229296   0.03731726
714.00   3.35076266   0.03747401
715.00   3.34923026   0.03763120
716.00   3.34769575   0.03778882
717.00   3.34615914   0.03794688
718.00   3.34462042   0.03810538
719.00   3.34307960   0.03826432
720.00   3.34153667   0.03842369
721.00   3.33999164   0.03858351
722.00   3.33844451   0.03874376
723.00   3.33689527   0.03890446
724.00   3.33534393   0.03906560
725.00   3.33379049   0.03922718
726.00   3.33223494   0.03938921
727.00   3.33067729   0.03955167
728.00   3.32911753   0.03971458
729.00   3.32755568   0.03987794
730.00   3.32599172   0.04004174
731.00   3.32442566   0.04020599
732.00   3.32285749   0.04037068
733.00   3.32128723   0.04053582
734.00   3.31971486   0.04070141
735.00   3.31814039   0.04086744
736.00   3.31656382   0.04103393
737.00   3.31498515   0.04120086
738.00   3.31340438   0.04136825
739.00   3.31182151   0.04153608
740.00   3.31023653   0.04170437
741.00   3.30864946   0.04187310
742.00   3.30706028   0.04204229
743.00   3.30546901   0.04221193
744.00   3.30387563   0.04238203
745.00   3.30228016   0.04255258
746.00   3.30068258   0.04272358
747.00   3.29908291   0.04289504
748.00   3.29748113   0.04306696
749.00   3.29587726   0.04323933
750.00   3.29427129   0.04341216
751.00   3.29266321   0.04358544
752.00   3.29105304   0.04375919
753.00   3.28944078   0.04393339
754.00   3.28782641   0.04410805
755.00   3.28620994   0.04428317
756.00   3.28459138   0.04445876
757.00   3.28297072   0.04463480
758.00   3.28134796   0.04481130
759.00   3.27972310   0.04498827
760.00   3.27809615   0.04516570
761.00   3.27646710   0.04534360
762.00   3.27483595   0.04552195
763.00   3.27320271   0.04570078
764.00   3.27156736   0.04588006
765.00   3.26992993   0.04605982
766.00   3.26829039   0.04624004
767.00   3.26664876   0.04642073
768.00   3.26500504   0.04660188
769.00   3.26335921   0.04678350
770.00   3.26171130   0.04696559
771.00   3.26006128   0.04714815
772.00   3.25840918   0.04733119
773.00   3.25675497   0.04751469
774.00   3.25509867   0.04769866
775.00   3.25344028   0.04788310
776.00   3.25177980   0.04806802
777.00   3.25011721   0.04825341
778.00   3.24845254   0.04843927
779.00   3.24678577   0.04862561
780.00   3.24511691   0.04881242
781.00   3.24344595   0.04899970
782.00   3.24177290   0.04918747
783.00   3.24009776   0.04937570
784.00   3.23842052   0.04956442
785.00   3.23674119   0.04975361
786.00   3.23505977   0.04994328
787.00   3.23337625   0.05013343
788.00   3.23169065   0.05032406
789.00   3.23000295   0.05051517
790.00   3.22831316   0.05070676
791.00   3.22662127   0.05089883
792.00   3.22492730   0.05109138
793.00   3.22323123   0.05128442
794.00   3.22153308   0.05147793
795.00   3.21983283   0.05167194
796.00   3.21813049   0.05186642
797.00   3.21642606   0.05206139
798.00   3.21471954   0.05225684
799.00   3.21301093   0.05245278
800.00   3.21130023   0.05264921
801.00   3.20958744   0.05284612
802.00   3.20787256   0.05304352
803.00   3.20615559   0.05324141
804.00   3.20443653   0.05343979
805.00   3.20271538   0.05363866
806.00   3.20099214   0.05383801
807.00   3.19926681   0.05403786
808.00   3.19753940   0.05423820
809.00   3.19580990   0.05443903
810.00   3.19407830   0.05464035
811.00   3.19234462   0.05484217
812.00   3.19060886   0.05504447
813.00   3.18887100   0.05524728
814.00   3.18713106   0.05545057
815.00   3.18538903   0.05565436
816.00   3.18364491   0.05585865
817.00   3.18189870   0.05606343
818.00   3.18015041   0.05626872
819.00   3.17840003   0.05647449
820.00   3.17664757   0.05668077
821.00   3.17489302   0.05688754
822.00   3.17313638   0.05709482
823.00   3.17137766   0.05730259
824.00   3.16961685   0.05751086
825.00   3.16785396   0.05771964
826.00   3.16608898   0.05792891
827.00   3.16432192   0.05813869
828.00   3.16255277   0.05834897
829.00   3.16078153   0.05855976
830.00   3.15900821   0.05877105
831.00   3.15723281   0.05898284
832.00   3.15545533   0.05919514
833.00   3.15367575   0.05940794
834.00   3.15189410   0.05962125
835.00   3.15011036   0.05983506
836.00   3.14832454   0.06004939
837.00   3.14653664   0.06026422
838.00   3.14474665   0.06047956
839.00   3.14295458   0.06069541
840.00   3.14116043   0.06091177
841.00   3.13936419   0.06112863
842.00   3.13756587   0.06134601
843.00   3.13576547   0.06156391
844.00   3.13396299   0.06178231
845.00   3.13215843   0.06200122
846.00   3.13035179   0.06222065
847.00   3.12854306   0.06244060
848.00   3.12673225   0.06266105
849.00   3.12491937   0.06288202
850.00   3.12310440   0.06310351
851.00   3.12128735   0.06332551
852.00   3.11946822   0.06354803
853.00   3.11764701   0.06377107
854.00   3.11582372   0.06399463
855.00   3.11399835   0.06421870
856.00   3.11217091   0.06444329
857.00   3.11034138   0.06466840
858.00   3.10850977   0.06489404
859.00   3.10667609   0.06512019
860.00   3.10484032   0.06534686
861.00   3.10300248   0.06557406
862.00   3.10116256   0.06580178
863.00   3.09932056   0.06603002
864.00   3.09747648   0.06625878
865.00   3.09563033   0.06648807
866.00   3.09378210   0.06671788
867.00   3.09193179   0.06694822
868.00   3.09007940   0.06717909
869.00   3.08822494   0.06741048
870.00   3.08636840   0.06764240
871.00   3.08450978   0.06787484
872.00   3.08264909   0.06810782
873.00   3.08078632   0.06834132
874.00   3.07892147   0.06857535
875.00   3.07705455   0.06880992
876.00   3.07518555   0.06904501
877.00   3.07331448   0.06928063
878.00   3.07144134   0.06951679
879.00   3.06956611   0.06975348
880.00   3.06768882   0.06999070
881.00   3.06580945   0.07022845
882.00   3.06392800   0.07046674
883.00   3.06204448   0.07070557
884.00   3.06015889   0.07094492
885.00   3.05827122   0.07118482
886.00   3.05638148   0.07142525
887.00   3.05448967   0.07166622
888.00   3.05259578   0.07190772
889.00   3.05069982   0.07214976
890.00   3.04880179   0.07239234
891.00   3.04690168   0.07263547
892.00   3.04499951   0.07287913
893.00   3.04309526   0.07312333
894.00   3.04118893   0.07336807
895.00   3.03928054   0.07361335
896.00   3.03737008   0.07385918
897.00   3.03545754   0.07410554
898.00   3.03354294   0.07435246
899.00   3.03162626   0.07459991
900.00   3.02970751   0.07484791
901.00   3.02778669   0.07509645
902.00   3.02586380   0.07534554
903.00   3.02393884   0.07559518
904.00   3.02201181   0.07584536
905.00   3.02008272   0.07609609
906.00   3.01815155   0.07634737
907.00   3.01621831   0.07659920
908.00   3.01428300   0.07685157
909.00   3.01234563   0.07710450
910.00   3.01040619   0.07735797
911.00   3.00846467   0.07761200
912.00   3.00652109   0.07786658
913.00   3.00457545   0.07812170
914.00   3.00262773   0.07837739
915.00   3.00067795   0.07863362
916.00   2.99872610   0.07889041
917.00   2.99677218   0.07914775
918.00   2.99481619   0.07940565
919.00   2.99285814   0.07966410
920.00   2.99089802   0.07992311
921.00   2.98893584   0.08018267
922.00   2.98697159   0.08044279
923.00   2.98500527   0.08070347
924.00   2.98303689   0.08096471
925.00   2.98106645   0.08122651
926.00   2.97909393   0.08148886
927.00   2.97711936   0.08175178
928.00   2.97514271   0.08201525
929.00   2.97316401   0.08227929
930.00   2.97118323   0.08254389
931.00   2.96920040   0.08280905
932.00   2.96721550   0.08307477
933.00   2.96522854   0.08334106
934.00   2.96323951   0.08360791
935.00   2.96124842   0.08387533
936.00   2.95925527   0.08414331
937.00   2.95726005   0.08441185
938.00   2.95526277   0.08468097
939.00   2.95326343   0.08495064
940.00   2.95126203   0.08522089
941.00   2.94925856   0.08549171
942.00   2.94725303   0.08576309
943.00   2.94524545   0.08603504
944.00   2.94323580   0.08630756
945.00   2.94122408   0.08658065
946.00   2.93921031   0.08685432
947.00   2.93719448   0.08712855
948.00   2.93517658   0.08740336
949.00   2.93315663   0.08767873
950.00   2.93113462   0.08795469
951.00   2.92911054   0.08823121
952.00   2.92708441   0.08850831
953.00   2.92505621   0.08878598
954.00   2.92302596   0.08906423
955.00   2.92099365   0.08934306
956.00   2.91895928   0.08962246
957.00   2.91692285   0.08990244
958.00   2.91488436   0.09018300
959.00   2.91284382   0.09046413
960.00   2.91080121   0.09074584
961.00   2.90875655   0.09102814
962.00   2.90670983   0.09131101
963.00   2.90466106   0.09159446
964.00   2.90261023   0.09187850
965.00   2.90055734   0.09216311
966.00   2.89850239   0.09244831
967.00   2.89644539   0.09273409
968.00   2.89438633   0.09302046
969.00   2.89232521   0.09330740
970.00   2.89026204   0.09359494
971.00   2.88819681   0.09388305
972.00   2.88612953   0.09417176
973.00   2.88406020   0.09446105
974.00   2.88198880   0.09475092
975.00   2.87991536   0.09504139
976.00   2.87783986   0.09533244
977.00   2.87576230   0.09562408
978.00   2.87368269   0.09591631
979.00   2.87160103   0.09620912
980.00   2.86951732   0.09650253
981.00   2.86743155   0.09679653
982.00   2.86534372   0.09709112
983.00   2.86325385   0.09738630
984.00   2.86116192   0.09768208
985.00   2.85906794   0.09797845
986.00   2.85697191   0.09827541
987.00   2.85487382   0.09857296
988.00   2.85277369   0.09887111
989.00   2.85067150   0.09916986
990.00   2.84856726   0.09946920
991.00   2.84646097   0.09976914
992.00   2.84435263   0.10006967
993.00   2.84224224   0.10037080
994.00   2.84012979   0.10067253
995.00   2.83801530   0.10097486
996.00   2.83589876   0.10127779
997.00   2.83378017   0.10158132
998.00   2.83165952   0.10188545
999.00   2.82953683   0.10219018
1000.00   2.82741209   0.10249551
1001.00   2.82528531   0.10280144
1002.00   2.82315647   0.10310798
1003.00   2.82102558   0.10341511
1004.00   2.81889265   0.10372286
1005.00   2.81675767   0.10403120
1006.00   2.81462064   0.10434015
1007.00   2.81248156   0.10464971
1008.00   2.81034044   0.10495987
1009.00   2.80819727   0.10527064
1010.00   2.80605205   0.10558202
1011.00   2.80390478   0.10589400
1012.00   2.80175547   0.10620660
1013.00   2.79960412   0.10651980
1014.00   2.79745071   0.10683361
1015.00   2.79529526   0.10714803
1016.00   2.79313777   0.10746306
1017.00   2.79097823   0.10777870
1018.00   2.78881665   0.10809496
1019.00   2.78665302   0.10841182
1020.00   2.78448735   0.10872930
1021.00   2.78231963   0.10904740
1022.00   2.78014987   0.10936610
1023.00   2.77797806   0.10968542
1024.00   2.77580422   0.11000536
1025.00   2.77362832   0.11032591
1026.00   2.77145039   0.11064708
1027.00   2.76927041   0.11096886
1028.00   2.76708839   0.11129126
1029.00   2.76490433   0.11161428
1030.00   2.76271822   0.11193792
1031.00   2.76053008   0.11226218
1032.00   2.75833989   0.11258706
1033.00   2.75614766   0.11291255
1034.00   2.75395338   0.11323867
1035.00   2.75175707   0.11356541
1036.00   2.74955872   0.11389277
1037.00   2.74735833   0.11422075
1038.00   2.74515589   0.11454936
1039.00   2.74295142   0.11487858
1040.00   2.74074490   0.11520844
1041.00   2.73853635   0.11553892
1042.00   2.73632576   0.11587002
1043.00   2.73411313   0.11620175
1044.00   2.73189846   0.11653410
1045.00   2.72968175   0.11686708
1046.00   2.72746300   0.11720069
1047.00   2.72524221   0.11753493
1048.00   2.72301939   0.11786979
1049.00   2.72079453   0.11820529
1050.00   2.71856763   0.11854141
1051.00   2.71633869   0.11887817
1052.00   2.71410772   0.11921555
1053.00   2.71187471   0.11955357
1054.00   2.70963966   0.11989222
1055.00   2.70740258   0.12023150
1056.00   2.70516346   0.12057141
1057.00   2.70292230   0.12091196
1058.00   2.70067911   0.12125314
1059.00   2.69843389   0.12159496
1060.00   2.69618663   0.12193741
1061.00   2.69393733   0.12228050
1062.00   2.69168600   0.12262422
1063.00   2.68943264   0.12296858
1064.00   2.68717724   0.12331358
1065.00   2.68491981   0.12365921
1066.00   2.68266034   0.12400549
1067.00   2.68039884   0.12435240
1068.00   2.67813531   0.12469996
1069.00   2.67586974   0.12504815
1070.00   2.67360214   0.12539698
1071.00   2.67133251   0.12574646
1072.00   2.66906085   0.12609658
1073.00   2.66678715   0.12644734
1074.00   2.66451143   0.12679874
1075.00   2.66223367   0.12715079
1076.00   2.65995388   0.12750348
1077.00   2.65767206   0.12785682
1078.00   2.65538821   0.12821080
1079.00   2.65310232   0.12856543
1080.00   2.65081441   0.12892070
1081.00   2.64852447   0.12927662
1082.00   2.64623250   0.12963319
1083.00   2.64393850   0.12999040
1084.00   2.64164247   0.13034827
1085.00   2.63934441   0.13070678
1086.00   2.63704432   0.13106595
1087.00   2.63474220   0.13142576
1088.00   2.63243805   0.13178623
1089.00   2.63013188   0.13214734
1090.00   2.62782368   0.13250911
1091.00   2.62551345   0.13287153
1092.00   2.62320119   0.13323461
1093.00   2.62088691   0.13359833
1094.00   2.61857060   0.13396271
1095.00   2.61625226   0.13432775
1096.00   2.61393190   0.13469344
1097.00   2.61160951   0.13505979
1098.00   2.60928509   0.13542679
1099.00   2.60695865   0.13579446
1100.00   2.60463019   0.13616277
1101.00   2.60229970   0.13653175
1102.00   2.59996718   0.13690139
1103.00   2.59763264   0.13727168
1104.00   2.59529607   0.13764263
1105.00   2.59295748   0.13801425
1106.00   2.59061687   0.13838652
1107.00   2.58827423   0.13875946
1108.00   2.58592957   0.13913306
1109.00   2.58358289   0.13950732
1110.00   2.58123418   0.13988225
1111.00   2.57888345   0.14025783
1112.00   2.57653070   0.14063409
1113.00   2.57417593   0.14101100
1114.00   2.57181913   0.14138858
1115.00   2.56946031   0.14176683
1116.00   2.56709947   0.14214575
1117.00   2.56473661   0.14252533
1118.00   2.56237173   0.14290558
1119.00   2.56000483   0.14328649
1120.00   2.55763591   0.14366808
1121.00   2.55526497   0.14405033
1122.00   2.55289200   0.14443326
1123.00   2.55051702   0.14481685
1124.00   2.54814002   0.14520112
1125.00   2.54576100   0.14558605
1126.00   2.54337996   0.14597166
1127.00   2.54099690   0.14635794
1128.00   2.53861183   0.14674490
1129.00   2.53622473   0.14713252
1130.00   2.53383562   0.14752083
1131.00   2.53144449   0.14790980
1132.00   2.52905134   0.14829945
1133.00   2.52665618   0.14868978
1134.00   2.52425900   0.14908078
1135.00   2.52185980   0.14947246
1136.00   2.51945859   0.14986482
1137.00   2.51705536   0.15025786
1138.00   2.51465011   0.15065157
1139.00   2.51224285   0.15104597
1140.00   2.50983357   0.15144104
1141.00   2.50742228   0.15183679
1142.00   2.50500897   0.15223323
1143.00   2.50259365   0.15263034
1144.00   2.50017631   0.15302814
1145.00   2.49775696   0.15342662
1146.00   2.49533560   0.15382578
1147.00   2.49291222   0.15422563
1148.00   2.49048683   0.15462616
1149.00   2.48805943   0.15502737
1150.00   2.48563001   0.15542927
1151.00   2.48319858   0.15583185
1152.00   2.48076514   0.15623513
1153.00   2.47832969   0.15663908
1154.00   2.47589222   0.15704373
1155.00   2.47345274   0.15744906
1156.00   2.47101126   0.15785508
1157.00   2.46856776   0.15826180
1158.00   2.46612225   0.15866920
1159.00   2.46367473   0.15907729
1160.00   2.46122520   0.15948607
1161.00   2.45877366   0.15989554
1162.00   2.45632011   0.16030570
1163.00   2.45386455   0.16071656
1164.00   2.45140698   0.16112811
1165.00   2.44894740   0.16154035
1166.00   2.44648581   0.16195328
1167.00   2.44402222   0.16236691
1168.00   2.44155662   0.16278124
1169.00   2.43908901   0.16319626
1170.00   2.43661939   0.16361198
1171.00   2.43414776   0.16402839
1172.00   2.43167413   0.16444550
1173.00   2.42919849   0.16486331
1174.00   2.42672084   0.16528182
1175.00   2.42424119   0.16570102
1176.00   2.42175953   0.16612093
1177.00   2.41927587   0.16654153
1178.00   2.41679020   0.16696284
1179.00   2.41430252   0.16738484
1180.00   2.41181284   0.16780755
1181.00   2.40932116   0.16823096
1182.00   2.40682747   0.16865507
1183.00   2.40433177   0.16907989
1184.00   2.40183408   0.16950541
1185.00   2.39933437   0.16993163
1186.00   2.39683267   0.17035856
1187.00   2.39432896   0.17078619
1188.00   2.39182325   0.17121453
1189.00   2.38931554   0.17164357
1190.00   2.38680582   0.17207333
1191.00   2.38429410   0.17250379
1192.00   2.38178038   0.17293496
1193.00   2.37926466   0.17336683
1194.00   2.37674694   0.17379942
1195.00   2.37422721   0.17423271
1196.00   2.37170549   0.17466672
1197.00   2.36918177   0.17510144
1198.00   2.36665604   0.17553687
1199.00   2.36412831   0.17597301
1200.00   2.36159859   0.17640986
1201.00   2.35906687   0.17684742
1202.00   2.35653314   0.17728570
1203.00   2.35399742   0.17772469
1204.00   2.35145970   0.17816440
1205.00   2.34891998   0.17860482
1206.00   2.34637826   0.17904596
1207.00   2.34383454   0.17948782
1208.00   2.34128883   0.17993039
1209.00   2.33874112   0.18037368
1210.00   2.33619141   0.18081768
1211.00   2.33363971   0.18126241
1212.00   2.33108601   0.18170785
1213.00   2.32853031   0.18215401
1214.00   2.32597262   0.18260090
1215.00   2.32341293   0.18304850
1216.00   2.32085125   0.18349682
1217.00   2.31828757   0.18394587
1218.00   2.31572189   0.18439564
1219.00   2.31315422   0.18484613
1220.00   2.31058456   0.18529734
1221.00   2.30801290   0.18574928
1222.00   2.30543925   0.18620194
1223.00   2.30286361   0.18665533
1224.00   2.30028597   0.18710944
1225.00   2.29770634   0.18756428
1226.00   2.29512471   0.18801985
1227.00   2.29254110   0.18847614
1228.00   2.28995549   0.18893316
1229.00   2.28736789   0.18939091
1230.00   2.28477830   0.18984938
1231.00   2.28218672   0.19030859
1232.00   2.27959314   0.19076852
1233.00   2.27699758   0.19122919
1234.00   2.27440002   0.19169058
1235.00   2.27180047   0.19215271
1236.00   2.26919894   0.19261557
1237.00   2.26659541   0.19307916
1238.00   2.26398990   0.19354349
1239.00   2.26138239   0.19400854
1240.00   2.25877290   0.19447434
1241.00   2.25616142   0.19494086
1242.00   2.25354795   0.19540812
1243.00   2.25093249   0.19587612
1244.00   2.24831504   0.19634486
1245.00   2.24569561   0.19681433
1246.00   2.24307419   0.19728453
1247.00   2.24045078   0.19775548
1248.00   2.23782539   0.19822716
1249.00   2.23519801   0.19869958
1250.00   2.23256864   0.19917275
1251.00   2.22993729   0.19964665
1252.00   2.22730395   0.20012129
1253.00   2.22466862   0.20059667
1254.00   2.22203131   0.20107280
1255.00   2.21939202   0.20154967
1256.00   2.21675074   0.20202727
1257.00   2.21410748   0.20250563
1258.00   2.21146223   0.20298472
1259.00   2.20881500   0.20346456
1260.00   2.20616579   0.20394515
1261.00   2.20351459   0.20442648
1262.00   2.20086141   0.20490856
1263.00   2.19820625   0.20539138
1264.00   2.19554911   0.20587495
1265.00   2.19288998   0.20635926
1266.00   2.19022887   0.20684433
1267.00   2.18756578   0.20733014
1268.00   2.18490071   0.20781670
1269.00   2.18223366   0.20830402
1270.00   2.17956463   0.20879208
1271.00   2.17689362   0.20928089
1272.00   2.17422062   0.20977045
1273.00   2.17154565   0.21026077
1274.00   2.16886870   0.21075184
1275.00   2.16618977   0.21124366
1276.00   2.16350886   0.21173623
1277.00   2.16082597   0.21222956
1278.00   2.15814111   0.21272364
1279.00   2.15545426   0.21321848
1280.00   2.15276544   0.21371407
1281.00   2.15007464   0.21421042
1282.00   2.14738186   0.21470752
1283.00   2.14468711   0.21520538
1284.00   2.14199037   0.21570400
1285.00   2.13929167   0.21620338
1286.00   2.13659098   0.21670352
1287.00   2.13388832   0.21720441
1288.00   2.13118369   0.21770607
1289.00   2.12847708   0.21820848
1290.00   2.12576849   0.21871166
1291.00   2.12305793   0.21921559
1292.00   2.12034540   0.21972029
1293.00   2.11763089   0.22022575
1294.00   2.11491441   0.22073198
1295.00   2.11219595   0.22123896
1296.00   2.10947553   0.22174672
1297.00   2.10675312   0.22225523
1298.00   2.10402875   0.22276451
1299.00   2.10130240   0.22327456
1300.00   2.09857408   0.22378537
1301.00   2.09584379   0.22429695
1302.00   2.09311153   0.22480930
1303.00   2.09037730   0.22532241
1304.00   2.08764109   0.22583629
1305.00   2.08490292   0.22635094
1306.00   2.08216277   0.22686636
1307.00   2.07942065   0.22738255
1308.00   2.07667657   0.22789951
1309.00   2.07393051   0.22841724
1310.00   2.07118249   0.22893574
1311.00   2.06843250   0.22945502
1312.00   2.06568053   0.22997506
1313.00   2.06292660   0.23049588
1314.00   2.06017070   0.23101747
1315.00   2.05741284   0.23153984
1316.00   2.05465300   0.23206298
1317.00   2.05189120   0.23258690
1318.00   2.04912743   0.23311159
1319.00   2.04636170   0.23363706
1320.00   2.04359400   0.23416330
1321.00   2.04082433   0.23469032
1322.00   2.03805270   0.23521812
1323.00   2.03527910   0.23574670
1324.00   2.03250353   0.23627605
1325.00   2.02972601   0.23680619
1326.00   2.02694651   0.23733710
1327.00   2.02416505   0.23786880
1328.00   2.02138163   0.23840127
1329.00   2.01859625   0.23893453
1330.00   2.01580890   0.23946857
1331.00   2.01301958   0.24000339
1332.00   2.01022831   0.24053900
1333.00   2.00743507   0.24107539
1334.00   2.00463987   0.24161256
1335.00   2.00184271   0.24215051
1336.00   1.99904359   0.24268926
1337.00   1.99624250   0.24322878
1338.00   1.99343945   0.24376910
1339.00   1.99063445   0.24431020
1340.00   1.98782748   0.24485208
1341.00   1.98501855   0.24539476
1342.00   1.98220766   0.24593822
1343.00   1.97939481   0.24648247
1344.00   1.97658001   0.24702751
1345.00   1.97376324   0.24757335
1346.00   1.97094452   0.24811997
1347.00   1.96812383   0.24866738
1348.00   1.96530119   0.24921558
1349.00   1.96247659   0.24976458
1350.00   1.95965003   0.25031436
1351.00   1.95682152   0.25086494
1352.00   1.95399105   0.25141632
1353.00   1.95115862   0.25196848
1354.00   1.94832423   0.25252145
1355.00   1.94548789   0.25307520
1356.00   1.94264960   0.25362976
1357.00   1.93980934   0.25418510
1358.00   1.93696714   0.25474125
1359.00   1.93412297   0.25529819
1360.00   1.93127686   0.25585593
1361.00   1.92842878   0.25641447
1362.00   1.92557876   0.25697381
1363.00   1.92272678   0.25753394
1364.00   1.91987285   0.25809488
1365.00   1.91701696   0.25865661
1366.00   1.91415912   0.25921915
1367.00   1.91129933   0.25978249
1368.00   1.90843758   0.26034663
1369.00   1.90557389   0.26091157
1370.00   1.90270824   0.26147731
1371.00   1.89984064   0.26204386
1372.00   1.89697109   0.26261121
1373.00   1.89409959   0.26317937
1374.00   1.89122614   0.26374833
1375.00   1.88835074   0.26431809
1376.00   1.88547339   0.26488867
1377.00   1.88259409   0.26546005
1378.00   1.87971284   0.26603223
1379.00   1.87682964   0.26660522
1380.00   1.87394449   0.26717903
1381.00   1.87105739   0.26775363
1382.00   1.86816835   0.26832905
1383.00   1.86527735   0.26890528
1384.00   1.86238441   0.26948232
1385.00   1.85948953   0.27006017
1386.00   1.85659269   0.27063883
1387.00   1.85369391   0.27121830
1388.00   1.85079319   0.27179858
1389.00   1.84789051   0.27237968
1390.00   1.84498589   0.27296159
1391.00   1.84207933   0.27354431
1392.00   1.83917082   0.27412785
1393.00   1.83626037   0.27471221
1394.00   1.83334797   0.27529737
1395.00   1.83043363   0.27588336
1396.00   1.82751734   0.27647016
1397.00   1.82459911   0.27705777
1398.00   1.82167894   0.27764621
1399.00   1.81875682   0.27823546
1400.00   1.81583276   0.27882553
1401.00   1.81290676   0.27941642
1402.00   1.80997882   0.28000813
1403.00   1.80704893   0.28060065
1404.00   1.80411710   0.28119400
1405.00   1.80118334   0.28178817
1406.00   1.79824763   0.28238316
1407.00   1.79530998   0.28297898
1408.00   1.79237039   0.28357561
1409.00   1.78942886   0.28417307
1410.00   1.78648539   0.28477135
1411.00   1.78353998   0.28537046
1412.00   1.78059264   0.28597039
1413.00   1.77764335   0.28657115
1414.00   1.77469213   0.28717273
1415.00   1.77173896   0.28777514
1416.00   1.76878386   0.28837837
1417.00   1.76582683   0.28898243
1418.00   1.76286785   0.28958732
1419.00   1.75990694   0.29019304
1420.00   1.75694409   0.29079958
1421.00   1.75397931   0.29140696
1422.00   1.75101259   0.29201516
1423.00   1.74804393   0.29262420
1424.00   1.74507334   0.29323406
1425.00   1.74210081   0.29384476
1426.00   1.73912635   0.29445629
1427.00   1.73614996   0.29506865
1428.00   1.73317163   0.29568184
1429.00   1.73019136   0.29629587
1430.00   1.72720917   0.29691073
1431.00   1.72422504   0.29752642
1432.00   1.72123897   0.29814295
1433.00   1.71825098   0.29876032
1434.00   1.71526105   0.29937852
1435.00   1.71226919   0.29999756
1436.00   1.70927540   0.30061743
1437.00   1.70627968   0.30123814
1438.00   1.70328203   0.30185969
1439.00   1.70028244   0.30248208
1440.00   1.69728093   0.30310531
1441.00   1.69427748   0.30372937
1442.00   1.69127211   0.30435428
1443.00   1.68826480   0.30498002
1444.00   1.68525557   0.30560661
1445.00   1.68224441   0.30623404
1446.00   1.67923132   0.30686231
1447.00   1.67621630   0.30749142
1448.00   1.67319935   0.30812138
1449.00   1.67018048   0.30875218
1450.00   1.66715968   0.30938382
1451.00   1.66413695   0.31001631
1452.00   1.66111230   0.31064964
1453.00   1.65808571   0.31128382
1454.00   1.65505721   0.31191885
1455.00   1.65202677   0.31255472
1456.00   1.64899442   0.31319144
1457.00   1.64596013   0.31382900
1458.00   1.64292393   0.31446742
1459.00   1.63988579   0.31510668
1460.00   1.63684574   0.31574679
1461.00   1.63380376   0.31638775
1462.00   1.63075985   0.31702957
1463.00   1.62771402   0.31767223
1464.00   1.62466627   0.31831574
1465.00   1.62161660   0.31896011
1466.00   1.61856501   0.31960532
1467.00   1.61551149   0.32025139
1468.00   1.61245605   0.32089831
1469.00   1.60939869   0.32154609
1470.00   1.60633941   0.32219472
1471.00   1.60327821   0.32284421
1472.00   1.60021509   0.32349455
1473.00   1.59715005   0.32414574
1474.00   1.59408309   0.32479779
1475.00   1.59101421   0.32545070
1476.00   1.58794341   0.32610447
1477.00   1.58487069   0.32675909
1478.00   1.58179605   0.32741458
1479.00   1.57871950   0.32807092
1480.00   1.57564102   0.32872812
1481.00   1.57256063   0.32938618
1482.00   1.56947832   0.33004510
1483.00   1.56639410   0.33070488
1484.00   1.56330796   0.33136552
1485.00   1.56021990   0.33202702
1486.00   1.55712993   0.33268939
1487.00   1.55403804   0.33335262
1488.00   1.55094424   0.33401671
1489.00   1.54784852   0.33468166
1490.00   1.54475088   0.33534748
1491.00   1.54165134   0.33601417
1492.00   1.53854987   0.33668172
1493.00   1.53544650   0.33735013
1494.00   1.53234121   0.33801942
1495.00   1.52923401   0.33868956
1496.00   1.52612489   0.33936058
1497.00   1.52301387   0.34003246
1498.00   1.51990093   0.34070522
1499.00   1.51678608   0.34137884
1500.00   1.51366931   0.34205333
1501.00   1.51055064   0.34272869
1502.00   1.50743006   0.34340492
1503.00   1.50430756   0.34408202
1504.00   1.50118316   0.34475999
1505.00   1.49805684   0.34543883
1506.00   1.49492862   0.34611855
1507.00   1.49179849   0.34679914
1508.00   1.48866645   0.34748060
1509.00   1.48553249   0.34816294
1510.00   1.48239664   0.34884615
1511.00   1.47925887   0.34953023
1512.00   1.47611920   0.35021519
1513.00   1.47297761   0.35090103
1514.00   1.46983413   0.35158774
1515.00   1.46668873   0.35227533
1516.00   1.46354143   0.35296380
1517.00   1.46039222   0.35365314
1518.00   1.45724111   0.35434337
1519.00   1.45408809   0.35503447
1520.00   1.45093317   0.35572645
1521.00   1.44777634   0.35641931
1522.00   1.44461761   0.35711305
1523.00   1.44145697   0.35780767
1524.00   1.43829443   0.35850318
1525.00   1.43512999   0.35919956
1526.00   1.43196365   0.35989683
1527.00   1.42879540   0.36059498
1528.00   1.42562525   0.36129401
1529.00   1.42245319   0.36199393
1530.00   1.41927924   0.36269473
1531.00   1.41610338   0.36339642
1532.00   1.41292563   0.36409899
1533.00   1.40974597   0.36480245
1534.00   1.40656441   0.36550679
1535.00   1.40338095   0.36621202
1536.00   1.40019559   0.36691814
1537.00   1.39700834   0.36762514
1538.00   1.39381918   0.36833303
1539.00   1.39062812   0.36904182
1540.00   1.38743517   0.36975149
1541.00   1.38424032   0.37046205
1542.00   1.38104357   0.37117350
1543.00   1.37784492   0.37188584
1544.00   1.37464438   0.37259908
1545.00   1.37144194   0.37331320
1546.00   1.36823760   0.37402822
1547.00   1.36503136   0.37474413
1548.00   1.36182323   0.37546093
1549.00   1.35861321   0.37617863
1550.00   1.35540129   0.37689722
1551.00   1.35218747   0.37761671
1552.00   1.34897177   0.37833709
1553.00   1.34575416   0.37905836
1554.00   1.34253466   0.37978054
1555.00   1.33931327   0.38050361
1556.00   1.33608999   0.38122757
1557.00   1.33286481   0.38195244
1558.00   1.32963774   0.38267820
1559.00   1.32640878   0.38340486
1560.00   1.32317793   0.38413242
1561.00   1.31994518   0.38486088
1562.00   1.31671055   0.38559024
1563.00   1.31347402   0.38632050
1564.00   1.31023560   0.38705166
1565.00   1.30699529   0.38778373
1566.00   1.30375310   0.38851669
1567.00   1.30050901   0.38925056
1568.00   1.29726303   0.38998533
1569.00   1.29401517   0.39072101
1570.00   1.29076541   0.39145759
1571.00   1.28751377   0.39219507
1572.00   1.28426024   0.39293346
1573.00   1.28100482   0.39367275
1574.00   1.27774752   0.39441295
1575.00   1.27448833   0.39515406
1576.00   1.27122725   0.39589607
1577.00   1.26796429   0.39663899
1578.00   1.26469944   0.39738282
1579.00   1.26143270   0.39812756
1580.00   1.25816408   0.39887320
1581.00   1.25489357   0.39961976
1582.00   1.25162118   0.40036723
1583.00   1.24834691   0.40111560
1584.00   1.24507075   0.40186489
1585.00   1.24179271   0.40261509
1586.00   1.23851278   0.40336620
1587.00   1.23523098   0.40411822
1588.00   1.23194729   0.40487116
1589.00   1.22866171   0.40562501
1590.00   1.22537426   0.40637977
1591.00   1.22208492   0.40713545
1592.00   1.21879371   0.40789204
1593.00   1.21550061   0.40864954
1594.00   1.21220563   0.40940797
1595.00   1.20890877   0.41016731
1596.00   1.20561003   0.41092756
1597.00   1.20230942   0.41168874
1598.00   1.19900692   0.41245083
1599.00   1.19570254   0.41321384
1600.00   1.19239629   0.41397777
1601.00   1.18908816   0.41474261
1602.00   1.18577815   0.41550838
1603.00   1.18246626   0.41627507
1604.00   1.17915250   0.41704268
1605.00   1.17583685   0.41781121
1606.00   1.17251934   0.41858066
1607.00   1.16919994   0.41935103
1608.00   1.16587867   0.42012233
1609.00   1.16255553   0.42089454
1610.00   1.15923051   0.42166769
1611.00   1.15590361   0.42244175
1612.00   1.15257484   0.42321674
1613.00   1.14924420   0.42399266
1614.00   1.14591168   0.42476950
1615.00   1.14257729   0.42554727
1616.00   1.13924103   0.42632596
1617.00   1.13590289   0.42710558
1618.00   1.13256288   0.42788613
1619.00   1.12922100   0.42866761
1620.00   1.12587725   0.42945002
1621.00   1.12253163   0.43023335
1622.00   1.11918413   0.43101761
1623.00   1.11583477   0.43180281
1624.00   1.11248353   0.43258893
1625.00   1.10913042   0.43337598
1626.00   1.10577545   0.43416397
1627.00   1.10241861   0.43495289
1628.00   1.09905989   0.43574274
1629.00   1.09569931   0.43653352
1630.00   1.09233686   0.43732524
1631.00   1.08897254   0.43811789
1632.00   1.08560635   0.43891147
1633.00   1.08223830   0.43970599
1634.00   1.07886838   0.44050144
1635.00   1.07549659   0.44129783
1636.00   1.07212294   0.44209516
1637.00   1.06874742   0.44289342
1638.00   1.06537004   0.44369262
1639.00   1.06199079   0.44449276
1640.00   1.05860968   0.44529383
1641.00   1.05522670   0.44609585
1642.00   1.05184185   0.44689880
1643.00   1.04845515   0.44770269
1644.00   1.04506658   0.44850752
1645.00   1.04167614   0.44931330
1646.00   1.03828385   0.45012001
1647.00   1.03488969   0.45092766
1648.00   1.03149367   0.45173626
1649.00   1.02809579   0.45254580
1650.00   1.02469604   0.45335628
1651.00   1.02129444   0.45416771
1652.00   1.01789097   0.45498008
1653.00   1.01448565   0.45579339
1654.00   1.01107846   0.45660765
1655.00   1.00766942   0.45742286
1656.00   1.00425851   0.45823901
1657.00   1.00084575   0.45905610
1658.00   0.99743113   0.45987415
1659.00   0.99401465   0.46069314
1660.00   0.99059631   0.46151307
1661.00   0.98717611   0.46233396
1662.00   0.98375406   0.46315579
1663.00   0.98033015   0.46397858
1664.00   0.97690438   0.46480231
1665.00   0.97347676   0.46562699
1666.00   0.97004728   0.46645263
1667.00   0.96661595   0.46727921
1668.00   0.96318276   0.46810675
1669.00   0.95974772   0.46893524
1670.00   0.95631082   0.46976468
1671.00   0.95287207   0.47059507
1672.00   0.94943146   0.47142642
1673.00   0.94598900   0.47225872
1674.00   0.94254469   0.47309197
1675.00   0.93909852   0.47392618
1676.00   0.93565050   0.47476135
1677.00   0.93220064   0.47559747
1678.00   0.92874891   0.47643455
1679.00   0.92529534   0.47727258
1680.00   0.92183992   0.47811157
1681.00   0.91838264   0.47895152
1682.00   0.91492352   0.47979243
1683.00   0.91146255   0.48063429
1684.00   0.90799972   0.48147712
1685.00   0.90453505   0.48232090
1686.00   0.90106853   0.48316564
1687.00   0.89760016   0.48401135
1688.00   0.89412994   0.48485801
1689.00   0.89065787   0.48570564
1690.00   0.88718396   0.48655423
1691.00   0.88370820   0.48740378
1692.00   0.88023059   0.48825430
1693.00   0.87675114   0.48910577
1694.00   0.87326984   0.48995822
1695.00   0.86978669   0.49081162
1696.00   0.86630170   0.49166599
1697.00   0.86281487   0.49252133
1698.00   0.85932619   0.49337763
1699.00   0.85583566   0.49423490
1700.00   0.85234330   0.49509313
1701.00   0.84884908   0.49595233
1702.00   0.84535303   0.49681250
1703.00   0.84185513   0.49767364
1704.00   0.83835539   0.49853574
1705.00   0.83485381   0.49939882
1706.00   0.83135038   0.50026286
1707.00   0.82784512   0.50112788
1708.00   0.82433801   0.50199386
1709.00   0.82082907   0.50286082
1710.00   0.81731828   0.50372874
1711.00   0.81380565   0.50459764
1712.00   0.81029118   0.50546751
1713.00   0.80677488   0.50633835
1714.00   0.80325673   0.50721017
1715.00   0.79973675   0.50808296
1716.00   0.79621492   0.50895673
1717.00   0.79269126   0.50983146
1718.00   0.78916577   0.51070718
1719.00   0.78563843   0.51158387
1720.00   0.78210926   0.51246153
1721.00   0.77857825   0.51334018
1722.00   0.77504541   0.51421980
1723.00   0.77151073   0.51510039
1724.00   0.76797421   0.51598197
1725.00   0.76443586   0.51686452
1726.00   0.76089568   0.51774805
1727.00   0.75735366   0.51863256
1728.00   0.75380980   0.51951805
1729.00   0.75026412   0.52040453
1730.00   0.74671660   0.52129198
1731.00   0.74316725   0.52218041
1732.00   0.73961606   0.52306983
1733.00   0.73606304   0.52396022
1734.00   0.73250819   0.52485160
1735.00   0.72895151   0.52574396
1736.00   0.72539300   0.52663731
1737.00   0.72183266   0.52753164
1738.00   0.71827049   0.52842695
1739.00   0.71470648   0.52932325
1740.00   0.71114065   0.53022054
1741.00   0.70757299   0.53111881
1742.00   0.70400350   0.53201807
1743.00   0.70043218   0.53291831
1744.00   0.69685903   0.53381954
1745.00   0.69328406   0.53472176
1746.00   0.68970726   0.53562496
1747.00   0.68612863   0.53652916
1748.00   0.68254817   0.53743434
1749.00   0.67896589   0.53834052
1750.00   0.67538178   0.53924768
1751.00   0.67179584   0.54015584
1752.00   0.66820808   0.54106498
1753.00   0.66461850   0.54197512
1754.00   0.66102709   0.54288625
1755.00   0.65743386   0.54379837
1756.00   0.65383880   0.54471148
1757.00   0.65024192   0.54562559
1758.00   0.64664321   0.54654069
1759.00   0.64304269   0.54745678
1760.00   0.63944034   0.54837387
1761.00   0.63583617   0.54929195
1762.00   0.63223018   0.55021103
1763.00   0.62862236   0.55113111
1764.00   0.62501273   0.55205218
1765.00   0.62140127   0.55297425
1766.00   0.61778799   0.55389732
1767.00   0.61417290   0.55482138
1768.00   0.61055598   0.55574645
1769.00   0.60693725   0.55667251
1770.00   0.60331670   0.55759957
1771.00   0.59969432   0.55852763
1772.00   0.59607013   0.55945669
1773.00   0.59244413   0.56038675
1774.00   0.58881630   0.56131781
1775.00   0.58518666   0.56224988
1776.00   0.58155520   0.56318294
1777.00   0.57792193   0.56411701
1778.00   0.57428684   0.56505208
1779.00   0.57064993   0.56598816
1780.00   0.56701121   0.56692524
1781.00   0.56337068   0.56786332
1782.00   0.55972833   0.56880241
1783.00   0.55608416   0.56974250
1784.00   0.55243819   0.57068360
1785.00   0.54879039   0.57162570
1786.00   0.54514079   0.57256881
1787.00   0.54148937   0.57351293
1788.00   0.53783615   0.57445805
1789.00   0.53418111   0.57540419
1790.00   0.53052425   0.57635133
1791.00   0.52686559   0.57729948
1792.00   0.52320512   0.57824864
1793.00   0.51954283   0.57919881
1794.00   0.51587874   0.58014999
1795.00   0.51221284   0.58110218
1796.00   0.50854512   0.58205538
1797.00   0.50487560   0.58300960
1798.00   0.50120427   0.58396482
1799.00   0.49753113   0.58492106
1800.00   0.49385619   0.58587831
1801.00   0.49017943   0.58683657
1802.00   0.48650087   0.58779585
1803.00   0.48282051   0.58875614
1804.00   0.47913833   0.58971745
1805.00   0.47545435   0.59067977
1806.00   0.47176857   0.59164311
1807.00   0.46808098   0.59260747
1808.00   0.46439158   0.59357284
1809.00   0.46070038   0.59453922
1810.00   0.45700738   0.59550663
1811.00   0.45331257   0.59647505
1812.00   0.44961596   0.59744449
1813.00   0.44591755   0.59841495
1814.00   0.44221733   0.59938643
1815.00   0.43851531   0.60035893
1816.00   0.43481149   0.60133245
1817.00   0.43110587   0.60230699
1818.00   0.42739845   0.60328256
1819.00   0.42368922   0.60425914
1820.00   0.41997820   0.60523674
1821.00   0.41626538   0.60621537
1822.00   0.41255075   0.60719502
1823.00   0.40883433   0.60817570
1824.00   0.40511611   0.60915739
1825.00   0.40139609   0.61014012
1826.00   0.39767427   0.61112386
1827.00   0.39395065   0.61210863
1828.00   0.39022524   0.61309443
1829.00   0.38649803   0.61408126
1830.00   0.38276902   0.61506911
1831.00   0.37903822   0.61605798
1832.00   0.37530562   0.61704789
1833.00   0.37157122   0.61803882
1834.00   0.36783503   0.61903078
1835.00   0.36409705   0.62002377
1836.00   0.36035727   0.62101779
1837.00   0.35661570   0.62201284
1838.00   0.35287233   0.62300891
1839.00   0.34912717   0.62400602
1840.00   0.34538021   0.62500416
1841.00   0.34163147   0.62600334
1842.00   0.33788093   0.62700354
1843.00   0.33412860   0.62800477
1844.00   0.33037448   0.62900704
1845.00   0.32661857   0.63001035
1846.00   0.32286086   0.63101468
1847.00   0.31910137   0.63202005
1848.00   0.31534009   0.63302645
1849.00   0.31157702   0.63403389
1850.00   0.30781215   0.63504237
1851.00   0.30404550   0.63605188
1852.00   0.30027706   0.63706243
1853.00   0.29650684   0.63807401
1854.00   0.29273482   0.63908663
1855.00   0.28896102   0.64010029
1856.00   0.28518543   0.64111499
1857.00   0.28140806   0.64213072
1858.00   0.27762889   0.64314750
1859.00   0.27384795   0.64416531
1860.00   0.27006521   0.64518417
1861.00   0.26628070   0.64620406
1862.00   0.26249439   0.64722500
1863.00   0.25870631   0.64824697
1864.00   0.25491644   0.64926999
1865.00   0.25112478   0.65029405
1866.00   0.24733134   0.65131916
1867.00   0.24353612   0.65234530
1868.00   0.23973912   0.65337249
1869.00   0.23594034   0.65440073
1870.00   0.23213977   0.65543000
1871.00   0.22833742   0.65646033
1872.00   0.22453330   0.65749169
1873.00   0.22072739   0.65852411
1874.00   0.21691970   0.65955757
1875.00   0.21311023   0.66059208
1876.00   0.20929898   0.66162763
1877.00   0.20548595   0.66266423
1878.00   0.20167115   0.66370188
1879.00   0.19785457   0.66474058
1880.00   0.19403620   0.66578032
1881.00   0.19021606   0.66682112
1882.00   0.18639415   0.66786296
1883.00   0.18257046   0.66890586
1884.00   0.17874499   0.66994980
1885.00   0.17491774   0.67099480
1886.00   0.17108872   0.67204085
1887.00   0.16725793   0.67308795
1888.00   0.16342536   0.67413610
1889.00   0.15959101   0.67518531
1890.00   0.15575489   0.67623557
1891.00   0.15191700   0.67728688
1892.00   0.14807733   0.67833925
1893.00   0.14423590   0.67939267
1894.00   0.14039268   0.68044714
1895.00   0.13654770   0.68150267
1896.00   0.13270095   0.68255926
1897.00   0.12885242   0.68361690
1898.00   0.12500212   0.68467560
1899.00   0.12115005   0.68573536
1900.00   0.11729622   0.68679618
1901.00   0.11344061   0.68785805
1902.00   0.10958323   0.68892098
1903.00   0.10572408   0.68998497
1904.00   0.10186317   0.69105002
1905.00   0.09800049   0.69211613
1906.00   0.09413603   0.69318330
1907.00   0.09026982   0.69425153
1908.00   0.08640183   0.69532082
1909.00   0.08253208   0.69639117
1910.00   0.07866056   0.69746259
1911.00   0.07478727   0.69853507
1912.00   0.07091222   0.69960861
1913.00   0.06703541   0.70068321
1914.00   0.06315683   0.70175888
1915.00   0.05927648   0.70283561
1916.00   0.05539437   0.70391341
1917.00   0.05151050   0.70499227
1918.00   0.04762486   0.70607219
1919.00   0.04373746   0.70715319
1920.00   0.03984830   0.70823524
1921.00   0.03595738   0.70931837
1922.00   0.03206469   0.71040256
1923.00   0.02817024   0.71148782
1924.00   0.02427404   0.71257415
1925.00   0.02037607   0.71366155
1926.00   0.01647634   0.71475001
1927.00   0.01257485   0.71583955
1928.00   0.00867160   0.71693015
1929.00   0.00476660   0.71802183
1930.00   0.00085983   0.71911457
1931.00  -0.00304869   0.72020839
1932.00  -0.00695898   0.72130328
1933.00  -0.01087101   0.72239924
1934.00  -0.01478481   0.72349627
1935.00  -0.01870036   0.72459438
1936.00  -0.02261767   0.72569356
1937.00  -0.02653674   0.72679381
1938.00  -0.03045756   0.72789514
1939.00  -0.03438014   0.72899754
1940.00  -0.03830447   0.73010101
1941.00  -0.04223055   0.73120557
1942.00  -0.04615839   0.73231119
1943.00  -0.05008799   0.73341790
1944.00  -0.05401933   0.73452568
1945.00  -0.05795243   0.73563454
1946.00  -0.06188728   0.73674447
1947.00  -0.06582389   0.73785548
1948.00  -0.06976224   0.73896758
1949.00  -0.07370235   0.74008075
1950.00  -0.07764421   0.74119500
1951.00  -0.08158781   0.74231033
1952.00  -0.08553317   0.74342674
1953.00  -0.08948028   0.74454423
1954.00  -0.09342914   0.74566280
1955.00  -0.09737974   0.74678245
1956.00  -0.10133210   0.74790318
1957.00  -0.10528620   0.74902500
1958.00  -0.10924205   0.75014790
1959.00  -0.11319965   0.75127188
1960.00  -0.11715900   0.75239695
1961.00  -0.12112009   0.75352310
1962.00  -0.12508293   0.75465033
1963.00  -0.12904751   0.75577865
1964.00  -0.13301384   0.75690806
1965.00  -0.13698191   0.75803855
1966.00  -0.14095173   0.75917013
1967.00  -0.14492329   0.76030279
1968.00  -0.14889660   0.76143654
1969.00  -0.15287165   0.76257138
1970.00  -0.15684845   0.76370730
1971.00  -0.16082698   0.76484432
1972.00  -0.16480726   0.76598242
1973.00  -0.16878928   0.76712161
1974.00  -0.17277304   0.76826189
1975.00  -0.17675855   0.76940326
1976.00  -0.18074579   0.77054573
1977.00  -0.18473478   0.77168928
1978.00  -0.18872550   0.77283392
1979.00  -0.19271796   0.77397966
1980.00  -0.19671217   0.77512648
1981.00  -0.20070811   0.77627440
1982.00  -0.20470579   0.77742342
1983.00  -0.20870521   0.77857352
1984.00  -0.21270636   0.77972472
1985.00  -0.21670925   0.78087702
1986.00  -0.22071388   0.78203041
1987.00  -0.22472025   0.78318489
1988.00  -0.22872835   0.78434047
1989.00  -0.23273819   0.78549714
1990.00  -0.23674976   0.78665492
1991.00  -0.24076307   0.78781378
1992.00  -0.24477811   0.78897375
1993.00  -0.24879489   0.79013481
1994.00  -0.25281340   0.79129697
1995.00  -0.25683364   0.79246023
1996.00  -0.26085562   0.79362459
1997.00  -0.26487933   0.79479005
1998.00  -0.26890477   0.79595661
1999.00  -0.27293194   0.79712426
2000.00  -0.27696084   0.79829302
