wavelength(nm)         real         imag
100.00   3.73140951   0.00161104
102.00   3.72459910   0.00170964
104.00   3.71765389   0.00181218
106.00   3.71057386   0.00191875
108.00   3.70335904   0.00202941
110.00   3.69600942   0.00214425
112.00   3.68852500   0.00226334
114.00   3.68090579   0.00238675
116.00   3.67315180   0.00251458
118.00   3.66526301   0.00264689
120.00   3.65723945   0.00278376
122.00   3.64908111   0.00292526
124.00   3.64078799   0.00307149
126.00   3.63236010   0.00322250
128.00   3.62379744   0.00337839
130.00   3.61510002   0.00353922
132.00   3.60626784   0.00370508
134.00   3.59730091   0.00387604
136.00   3.58819922   0.00405217
138.00   3.57896278   0.00423357
140.00   3.56959160   0.00442029
142.00   3.56008568   0.00461243
144.00   3.55044503   0.00481005
146.00   3.54066964   0.00501324
148.00   3.53075953   0.00522207
150.00   3.52071469   0.00543662
152.00   3.51053513   0.00565697
154.00   3.50022086   0.00588319
156.00   3.48977188   0.00611536
158.00   3.47918820   0.00635356
160.00   3.46846981   0.00659786
162.00   3.45761673   0.00684835
164.00   3.44662896   0.00710509
166.00   3.43550651   0.00736817
168.00   3.42424937   0.00763766
170.00   3.41285755   0.00791365
172.00   3.40133107   0.00819620
174.00   3.38966991   0.00848540
176.00   3.37787410   0.00878132
178.00   3.36594363   0.00908404
180.00   3.35387851   0.00939364
182.00   3.34167875   0.00971018
184.00   3.32934434   0.01003376
186.00   3.31687530   0.01036445
188.00   3.30427163   0.01070232
190.00   3.29153334   0.01104746
192.00   3.27866043   0.01139993
194.00   3.26565290   0.01175982
196.00   3.25251077   0.01212720
198.00   3.23923404   0.01250215
200.00   3.22582271   0.01288475
202.00   3.21227680   0.01327507
204.00   3.19859630   0.01367320
206.00   3.18478122   0.01407920
208.00   3.17083157   0.01449316
210.00   3.15674736   0.01491515
212.00   3.14252859   0.01534525
214.00   3.12817526   0.01578354
216.00   3.11368739   0.01623009
218.00   3.09906498   0.01668498
220.00   3.08430803   0.01714829
222.00   3.06941655   0.01762009
224.00   3.05439056   0.01810047
226.00   3.03923005   0.01858949
228.00   3.02393503   0.01908724
230.00   3.00850552   0.01959379
232.00   2.99294150   0.02010922
234.00   2.97724300   0.02063361
236.00   2.96141002   0.02116703
238.00   2.94544257   0.02170956
240.00   2.92934065   0.02226127
242.00   2.91310427   0.02282226
244.00   2.89673344   0.02339258
246.00   2.88022816   0.02397232
248.00   2.86358844   0.02456156
250.00   2.84681430   0.02516036
252.00   2.82990573   0.02576882
254.00   2.81286274   0.02638700
256.00   2.79568535   0.02701499
258.00   2.77837355   0.02765285
260.00   2.76092736   0.02830067
262.00   2.74334679   0.02895852
264.00   2.72563183   0.02962649
266.00   2.70778251   0.03030464
268.00   2.68979882   0.03099305
270.00   2.67168078   0.03169180
272.00   2.65342839   0.03240097
274.00   2.63504167   0.03312064
276.00   2.61652061   0.03385088
278.00   2.59786523   0.03459176
280.00   2.57907553   0.03534337
282.00   2.56015153   0.03610578
284.00   2.54109323   0.03687907
286.00   2.52190064   0.03766331
288.00   2.50257377   0.03845859
290.00   2.48311263   0.03926497
292.00   2.46351722   0.04008254
294.00   2.44378756   0.04091137
296.00   2.42392365   0.04175154
298.00   2.40392550   0.04260312
300.00   2.38379312   0.04346620
302.00   2.36352652   0.04434084
304.00   2.34312571   0.04522713
306.00   2.32259069   0.04612515
308.00   2.30192148   0.04703496
310.00   2.28111809   0.04795665
312.00   2.26018052   0.04889029
314.00   2.23910878   0.04983595
316.00   2.21790288   0.05079373
318.00   2.19656284   0.05176368
320.00   2.17508866   0.05274590
322.00   2.15348034   0.05374045
324.00   2.13173791   0.05474741
326.00   2.10986137   0.05576686
328.00   2.08785072   0.05679888
330.00   2.06570599   0.05784353
332.00   2.04342717   0.05890091
334.00   2.02101428   0.05997108
336.00   1.99846733   0.06105412
338.00   1.97578632   0.06215011
340.00   1.95297127   0.06325913
342.00   1.93002219   0.06438125
344.00   1.90693909   0.06551654
346.00   1.88372197   0.06666509
348.00   1.86037085   0.06782697
350.00   1.83688574   0.06900225
352.00   1.81326665   0.07019102
354.00   1.78951359   0.07139335
356.00   1.76562656   0.07260931
358.00   1.74160559   0.07383899
360.00   1.71745067   0.07508246
362.00   1.69316183   0.07633980
364.00   1.66873906   0.07761107
366.00   1.64418239   0.07889637
368.00   1.61949182   0.08019576
370.00   1.59466736   0.08150932
372.00   1.56970902   0.08283713
374.00   1.54461682   0.08417926
376.00   1.51939077   0.08553579
378.00   1.49403087   0.08690680
380.00   1.46853714   0.08829237
382.00   1.44290959   0.08969256
384.00   1.41714823   0.09110746
386.00   1.39125307   0.09253714
388.00   1.36522413   0.09398168
390.00   1.33906140   0.09544116
392.00   1.31276492   0.09691565
394.00   1.28633468   0.09840522
396.00   1.25977070   0.09990996
398.00   1.23307299   0.10142993
400.00   1.20624156   0.10296523
402.00   1.17927642   0.10451591
404.00   1.15217759   0.10608206
406.00   1.12494508   0.10766376
408.00   1.09757889   0.10926108
410.00   1.07007905   0.11087410
412.00   1.04244555   0.11250289
414.00   1.01467843   0.11414752
416.00   0.98677768   0.11580809
418.00   0.95874332   0.11748465
420.00   0.93057536   0.11917730
422.00   0.90227381   0.12088609
424.00   0.87383870   0.12261112
426.00   0.84527001   0.12435245
428.00   0.81656778   0.12611017
430.00   0.78773202   0.12788434
432.00   0.75876273   0.12967505
434.00   0.72965993   0.13148237
436.00   0.70042363   0.13330637
438.00   0.67105384   0.13514714
440.00   0.64155058   0.13700474
442.00   0.61191386   0.13887926
444.00   0.58214369   0.14077077
446.00   0.55224009   0.14267934
448.00   0.52220307   0.14460506
450.00   0.49203264   0.14654799
452.00   0.46172881   0.14850822
454.00   0.43129161   0.15048582
456.00   0.40072103   0.15248086
458.00   0.37001710   0.15449343
460.00   0.33917982   0.15652359
462.00   0.30820922   0.15857143
464.00   0.27710530   0.16063701
466.00   0.24586809   0.16272043
468.00   0.21449758   0.16482174
470.00   0.18299380   0.16694103
472.00   0.15135676   0.16907837
474.00   0.11958647   0.17123384
476.00   0.08768295   0.17340751
478.00   0.05564621   0.17559946
480.00   0.02347627   0.17780977
482.00  -0.00882687   0.18003851
484.00  -0.04126318   0.18228576
486.00  -0.07383265   0.18455158
488.00  -0.10653528   0.18683607
490.00  -0.13937103   0.18913929
492.00  -0.17233991   0.19146132
494.00  -0.20544189   0.19380224
496.00  -0.23867697   0.19616212
498.00  -0.27204512   0.19854103
500.00  -0.30554633   0.20093906
502.00  -0.33918059   0.20335627
504.00  -0.37294789   0.20579275
506.00  -0.40684820   0.20824856
508.00  -0.44088151   0.21072379
510.00  -0.47504782   0.21321851
512.00  -0.50934710   0.21573280
514.00  -0.54377933   0.21826673
516.00  -0.57834452   0.22082037
518.00  -0.61304263   0.22339381
520.00  -0.64787365   0.22598711
522.00  -0.68283757   0.22860036
524.00  -0.71793438   0.23123362
526.00  -0.75316405   0.23388698
528.00  -0.78852658   0.23656051
530.00  -0.82402194   0.23925428
532.00  -0.85965013   0.24196837
534.00  -0.89541112   0.24470286
536.00  -0.93130491   0.24745781
538.00  -0.96733147   0.25023332
540.00  -1.00349079   0.25302944
542.00  -1.03978285   0.25584626
544.00  -1.07620764   0.25868386
546.00  -1.11276514   0.26154230
548.00  -1.14945534   0.26442166
550.00  -1.18627823   0.26732202
552.00  -1.22323377   0.27024345
554.00  -1.26032196   0.27318604
556.00  -1.29754279   0.27614984
558.00  -1.33489623   0.27913495
560.00  -1.37238227   0.28214142
562.00  -1.41000090   0.28516935
564.00  -1.44775209   0.28821880
566.00  -1.48563584   0.29128985
568.00  -1.52365212   0.29438257
570.00  -1.56180091   0.29749704
572.00  -1.60008221   0.30063334
574.00  -1.63849599   0.30379154
576.00  -1.67704224   0.30697171
578.00  -1.71572094   0.31017393
580.00  -1.75453208   0.31339827
582.00  -1.79347563   0.31664482
584.00  -1.83255159   0.31991364
586.00  -1.87175993   0.32320480
588.00  -1.91110063   0.32651840
590.00  -1.95057368   0.32985449
592.00  -1.99017907   0.33321316
594.00  -2.02991677   0.33659447
596.00  -2.06978677   0.33999851
598.00  -2.10978905   0.34342535
600.00  -2.14992360   0.34687506
602.00  -2.19019039   0.35034772
604.00  -2.23058941   0.35384340
606.00  -2.27112064   0.35736218
608.00  -2.31178406   0.36090414
610.00  -2.35257966   0.36446934
612.00  -2.39350742   0.36805787
614.00  -2.43456731   0.37166979
616.00  -2.47575933   0.37530518
618.00  -2.51708346   0.37896412
620.00  -2.55853967   0.38264668
622.00  -2.60012795   0.38635294
624.00  -2.64184828   0.39008297
626.00  -2.68370064   0.39383684
628.00  -2.72568502   0.39761464
630.00  -2.76780139   0.40141642
632.00  -2.81004974   0.40524228
634.00  -2.85243005   0.40909228
636.00  -2.89494230   0.41296650
638.00  -2.93758648   0.41686501
640.00  -2.98036256   0.42078789
642.00  -3.02327052   0.42473521
644.00  -3.06631035   0.42870704
646.00  -3.10948203   0.43270347
648.00  -3.15278554   0.43672456
650.00  -3.19622086   0.44077039
652.00  -3.23978798   0.44484104
654.00  -3.28348686   0.44893657
656.00  -3.32731751   0.45305707
658.00  -3.37127988   0.45720260
660.00  -3.41537398   0.46137324
662.00  -3.45959977   0.46556907
664.00  -3.50395723   0.46979016
666.00  -3.54844636   0.47403658
668.00  -3.59306713   0.47830841
670.00  -3.63781952   0.48260573
672.00  -3.68270351   0.48692860
674.00  -3.72771908   0.49127710
676.00  -3.77286621   0.49565131
678.00  -3.81814488   0.50005129
680.00  -3.86355508   0.50447713
682.00  -3.90909678   0.50892890
684.00  -3.95476996   0.51340667
686.00  -4.00057461   0.51791051
688.00  -4.04651070   0.52244051
690.00  -4.09257822   0.52699673
692.00  -4.13877714   0.53157925
694.00  -4.18510745   0.53618814
696.00  -4.23156911   0.54082347
698.00  -4.27816213   0.54548533
700.00  -4.32488646   0.55017378
702.00  -4.37174210   0.55488889
704.00  -4.41872903   0.55963075
706.00  -4.46584721   0.56439943
708.00  -4.51309664   0.56919499
710.00  -4.56047729   0.57401752
712.00  -4.60798915   0.57886708
714.00  -4.65563218   0.58374376
716.00  -4.70340638   0.58864762
718.00  -4.75131171   0.59357874
720.00  -4.79934817   0.59853719
722.00  -4.84751572   0.60352305
724.00  -4.89581435   0.60853639
726.00  -4.94424404   0.61357728
728.00  -4.99280476   0.61864580
730.00  -5.04149650   0.62374202
732.00  -5.09031923   0.62886602
734.00  -5.13927294   0.63401786
736.00  -5.18835760   0.63919763
738.00  -5.23757318   0.64440539
740.00  -5.28691968   0.64964122
742.00  -5.33639706   0.65490519
744.00  -5.38600532   0.66019738
746.00  -5.43574441   0.66551786
748.00  -5.48561433   0.67086670
750.00  -5.53561505   0.67624398
752.00  -5.58574656   0.68164977
754.00  -5.63600882   0.68708414
756.00  -5.68640182   0.69254717
758.00  -5.73692553   0.69803893
760.00  -5.78757994   0.70355949
762.00  -5.83836502   0.70910893
764.00  -5.88928075   0.71468732
766.00  -5.94032711   0.72029473
768.00  -5.99150407   0.72593124
770.00  -6.04281162   0.73159692
772.00  -6.09424973   0.73729185
774.00  -6.14581838   0.74301609
776.00  -6.19751755   0.74876972
778.00  -6.24934721   0.75455281
780.00  -6.30130734   0.76036544
782.00  -6.35339793   0.76620768
784.00  -6.40561894   0.77207960
786.00  -6.45797036   0.77798127
788.00  -6.51045216   0.78391278
790.00  -6.56306432   0.78987418
792.00  -6.61580682   0.79586557
794.00  -6.66867963   0.80188699
796.00  -6.72168273   0.80793854
798.00  -6.77481611   0.81402029
800.00  -6.82807973   0.82013229
802.00  -6.88147357   0.82627464
804.00  -6.93499762   0.83244740
806.00  -6.98865184   0.83865065
808.00  -7.04243621   0.84488445
810.00  -7.09635072   0.85114889
812.00  -7.15039533   0.85744403
814.00  -7.20457003   0.86376994
816.00  -7.25887479   0.87012670
818.00  -7.31330959   0.87651439
820.00  -7.36787440   0.88293307
822.00  -7.42256920   0.88938282
824.00  -7.47739397   0.89586371
826.00  -7.53234869   0.90237581
828.00  -7.58743332   0.90891919
830.00  -7.64264785   0.91549394
832.00  -7.69799226   0.92210011
834.00  -7.75346651   0.92873779
836.00  -7.80907059   0.93540704
838.00  -7.86480447   0.94210794
840.00  -7.92066812   0.94884057
842.00  -7.97666153   0.95560498
844.00  -8.03278467   0.96240126
846.00  -8.08903751   0.96922948
848.00  -8.14542004   0.97608971
850.00  -8.20193222   0.98298202
852.00  -8.25857403   0.98990649
854.00  -8.31534545   0.99686319
856.00  -8.37224645   1.00385218
858.00  -8.42927702   1.01087355
860.00  -8.48643711   1.01792736
862.00  -8.54372672   1.02501369
864.00  -8.60114581   1.03213260
866.00  -8.65869437   1.03928418
868.00  -8.71637236   1.04646849
870.00  -8.77417976   1.05368561
872.00  -8.83211655   1.06093560
874.00  -8.89018270   1.06821855
876.00  -8.94837818   1.07553451
878.00  -9.00670298   1.08288357
880.00  -9.06515706   1.09026580
882.00  -9.12374041   1.09768126
884.00  -9.18245299   1.10513003
886.00  -9.24129479   1.11261219
888.00  -9.30026576   1.12012780
890.00  -9.35936590   1.12767693
892.00  -9.41859518   1.13525966
894.00  -9.47795357   1.14287606
896.00  -9.53744104   1.15052621
898.00  -9.59705756   1.15821016
900.00  -9.65680313   1.16592800
902.00  -9.71667770   1.17367980
904.00  -9.77668125   1.18146562
906.00  -9.83681376   1.18928555
908.00  -9.89707520   1.19713965
910.00  -9.95746554   1.20502799
912.00 -10.01798476   1.21295064
914.00 -10.07863284   1.22090769
916.00 -10.13940974   1.22889919
918.00 -10.20031545   1.23692522
920.00 -10.26134993   1.24498585
922.00 -10.32251315   1.25308116
924.00 -10.38380510   1.26121121
926.00 -10.44522575   1.26937607
928.00 -10.50677507   1.27757583
930.00 -10.56845303   1.28581054
932.00 -10.63025961   1.29408028
934.00 -10.69219477   1.30238513
936.00 -10.75425851   1.31072514
938.00 -10.81645078   1.31910041
940.00 -10.87877156   1.32751099
942.00 -10.94122082   1.33595695
944.00 -11.00379855   1.34443837
946.00 -11.06650470   1.35295533
948.00 -11.12933926   1.36150788
950.00 -11.19230220   1.37009611
952.00 -11.25539348   1.37872007
954.00 -11.31861309   1.38737986
956.00 -11.38196100   1.39607552
958.00 -11.44543718   1.40480715
960.00 -11.50904159   1.41357480
962.00 -11.57277423   1.42237855
964.00 -11.63663505   1.43121847
966.00 -11.70062403   1.44009463
968.00 -11.76474114   1.44900710
970.00 -11.82898636   1.45795595
972.00 -11.89335966   1.46694126
974.00 -11.95786100   1.47596309
976.00 -12.02249038   1.48502152
978.00 -12.08724774   1.49411661
980.00 -12.15213308   1.50324844
982.00 -12.21714635   1.51241707
984.00 -12.28228754   1.52162259
986.00 -12.34755661   1.53086505
988.00 -12.41295354   1.54014453
990.00 -12.47847830   1.54946110
992.00 -12.54413086   1.55881483
994.00 -12.60991119   1.56820580
996.00 -12.67581927   1.57763406
998.00 -12.74185506   1.58709970
1000.00 -12.80801854   1.59660278
1002.00 -12.87430969   1.60614338
1004.00 -12.94072846   1.61572156
1006.00 -13.00727484   1.62533739
1008.00 -13.07394879   1.63499095
1010.00 -13.14075029   1.64468231
1012.00 -13.20767931   1.65441153
1014.00 -13.27473582   1.66417868
1016.00 -13.34191979   1.67398384
1018.00 -13.40923120   1.68382708
1020.00 -13.47667000   1.69370847
1022.00 -13.54423619   1.70362807
1024.00 -13.61192972   1.71358596
1026.00 -13.67975056   1.72358221
1028.00 -13.74769870   1.73361689
1030.00 -13.81577409   1.74369006
1032.00 -13.88397672   1.75380180
1034.00 -13.95230655   1.76395218
1036.00 -14.02076355   1.77414127
1038.00 -14.08934769   1.78436914
1040.00 -14.15805895   1.79463585
1042.00 -14.22689730   1.80494149
1044.00 -14.29586270   1.81528611
1046.00 -14.36495513   1.82566978
1048.00 -14.43417455   1.83609259
1050.00 -14.50352094   1.84655460
1052.00 -14.57299427   1.85705587
1054.00 -14.64259451   1.86759648
1056.00 -14.71232163   1.87817649
1058.00 -14.78217560   1.88879599
1060.00 -14.85215638   1.89945503
1062.00 -14.92226396   1.91015368
1064.00 -14.99249830   1.92089203
1066.00 -15.06285937   1.93167012
1068.00 -15.13334714   1.94248805
1070.00 -15.20396157   1.95334586
1072.00 -15.27470265   1.96424365
1074.00 -15.34557034   1.97518146
1076.00 -15.41656461   1.98615938
1078.00 -15.48768544   1.99717748
1080.00 -15.55893278   2.00823581
1082.00 -15.63030661   2.01933446
1084.00 -15.70180690   2.03047348
1086.00 -15.77343362   2.04165296
1088.00 -15.84518673   2.05287296
1090.00 -15.91706622   2.06413355
1092.00 -15.98907204   2.07543479
1094.00 -16.06120417   2.08677677
1096.00 -16.13346258   2.09815954
1098.00 -16.20584724   2.10958317
1100.00 -16.27835810   2.12104774
1102.00 -16.35099516   2.13255332
1104.00 -16.42375836   2.14409997
1106.00 -16.49664769   2.15568776
1108.00 -16.56966312   2.16731676
1110.00 -16.64280460   2.17898704
1112.00 -16.71607211   2.19069868
1114.00 -16.78946563   2.20245173
1116.00 -16.86298511   2.21424627
1118.00 -16.93663052   2.22608236
1120.00 -17.01040184   2.23796008
1122.00 -17.08429904   2.24987949
1124.00 -17.15832208   2.26184067
1126.00 -17.23247093   2.27384368
1128.00 -17.30674556   2.28588859
1130.00 -17.38114594   2.29797546
1132.00 -17.45567204   2.31010438
1134.00 -17.53032382   2.32227540
1136.00 -17.60510126   2.33448860
1138.00 -17.68000432   2.34674404
1140.00 -17.75503297   2.35904179
1142.00 -17.83018718   2.37138192
1144.00 -17.90546692   2.38376451
1146.00 -17.98087215   2.39618961
1148.00 -18.05640285   2.40865729
1150.00 -18.13205898   2.42116763
1152.00 -18.20784051   2.43372070
1154.00 -18.28374740   2.44631655
1156.00 -18.35977963   2.45895527
1158.00 -18.43593717   2.47163691
1160.00 -18.51221997   2.48436155
1162.00 -18.58862802   2.49712926
1164.00 -18.66516127   2.50994009
1166.00 -18.74181970   2.52279413
1168.00 -18.81860326   2.53569144
1170.00 -18.89551194   2.54863208
1172.00 -18.97254570   2.56161613
1174.00 -19.04970449   2.57464365
1176.00 -19.12698831   2.58771472
1178.00 -19.20439710   2.60082939
1180.00 -19.28193083   2.61398774
1182.00 -19.35958949   2.62718984
1184.00 -19.43737302   2.64043575
1186.00 -19.51528140   2.65372554
1188.00 -19.59331460   2.66705928
1190.00 -19.67147258   2.68043704
1192.00 -19.74975531   2.69385888
1194.00 -19.82816275   2.70732487
1196.00 -19.90669488   2.72083509
1198.00 -19.98535166   2.73438959
1200.00 -20.06413306   2.74798844
1202.00 -20.14303904   2.76163172
1204.00 -20.22206957   2.77531950
1206.00 -20.30122462   2.78905182
1208.00 -20.38050416   2.80282878
1210.00 -20.45990814   2.81665043
1212.00 -20.53943655   2.83051684
1214.00 -20.61908933   2.84442807
1216.00 -20.69886647   2.85838421
1218.00 -20.77876793   2.87238530
1220.00 -20.85879366   2.88643143
1222.00 -20.93894365   2.90052266
1224.00 -21.01921785   2.91465904
1226.00 -21.09961624   2.92884067
1228.00 -21.18013877   2.94306759
1230.00 -21.26078542   2.95733988
1232.00 -21.34155615   2.97165760
1234.00 -21.42245092   2.98602082
1236.00 -21.50346971   3.00042961
1238.00 -21.58461248   3.01488404
1240.00 -21.66587919   3.02938417
1242.00 -21.74726981   3.04393007
1244.00 -21.82878430   3.05852180
1246.00 -21.91042264   3.07315944
1248.00 -21.99218478   3.08784304
1250.00 -22.07407070   3.10257269
1252.00 -22.15608036   3.11734844
1254.00 -22.23821372   3.13217036
1256.00 -22.32047075   3.14703851
1258.00 -22.40285142   3.16195297
1260.00 -22.48535568   3.17691381
1262.00 -22.56798351   3.19192107
1264.00 -22.65073488   3.20697485
1266.00 -22.73360974   3.22207519
1268.00 -22.81660806   3.23722217
1270.00 -22.89972981   3.25241586
1272.00 -22.98297495   3.26765632
1274.00 -23.06634345   3.28294361
1276.00 -23.14983527   3.29827781
1278.00 -23.23345038   3.31365898
1280.00 -23.31718874   3.32908718
1282.00 -23.40105031   3.34456249
1284.00 -23.48503507   3.36008496
1286.00 -23.56914298   3.37565467
1288.00 -23.65337399   3.39127169
1290.00 -23.73772809   3.40693607
1292.00 -23.82220522   3.42264788
1294.00 -23.90680536   3.43840720
1296.00 -23.99152847   3.45421408
1298.00 -24.07637452   3.47006859
1300.00 -24.16134346   3.48597080
1302.00 -24.24643527   3.50192078
1304.00 -24.33164990   3.51791859
1306.00 -24.41698733   3.53396429
1308.00 -24.50244751   3.55005796
1310.00 -24.58803042   3.56619966
1312.00 -24.67373601   3.58238945
1314.00 -24.75956424   3.59862740
1316.00 -24.84551510   3.61491357
1318.00 -24.93158853   3.63124804
1320.00 -25.01778450   3.64763087
1322.00 -25.10410297   3.66406211
1324.00 -25.19054392   3.68054185
1326.00 -25.27710730   3.69707014
1328.00 -25.36379307   3.71364706
1330.00 -25.45060121   3.73027265
1332.00 -25.53753167   3.74694700
1334.00 -25.62458442   3.76367017
1336.00 -25.71175942   3.78044222
1338.00 -25.79905663   3.79726321
1340.00 -25.88647603   3.81413322
1342.00 -25.97401757   3.83105231
1344.00 -26.06168121   3.84802054
1346.00 -26.14946692   3.86503798
1348.00 -26.23737467   3.88210469
1350.00 -26.32540441   3.89922075
1352.00 -26.41355611   3.91638621
1354.00 -26.50182974   3.93360114
1356.00 -26.59022525   3.95086560
1358.00 -26.67874261   3.96817966
1360.00 -26.76738178   3.98554339
1362.00 -26.85614273   4.00295685
1364.00 -26.94502541   4.02042011
1366.00 -27.03402980   4.03793322
1368.00 -27.12315585   4.05549626
1370.00 -27.21240352   4.07310930
1372.00 -27.30177279   4.09077238
1374.00 -27.39126361   4.10848559
1376.00 -27.48087594   4.12624898
1378.00 -27.57060976   4.14406262
1380.00 -27.66046501   4.16192657
1382.00 -27.75044167   4.17984090
1384.00 -27.84053969   4.19780568
1386.00 -27.93075904   4.21582096
1388.00 -28.02109968   4.23388682
1390.00 -28.11156158   4.25200331
1392.00 -28.20214469   4.27017051
1394.00 -28.29284898   4.28838847
1396.00 -28.38367441   4.30665726
1398.00 -28.47462094   4.32497695
1400.00 -28.56568853   4.34334760
1402.00 -28.65687716   4.36176927
1404.00 -28.74818677   4.38024203
1406.00 -28.83961733   4.39876594
1408.00 -28.93116881   4.41734107
1410.00 -29.02284116   4.43596748
1412.00 -29.11463435   4.45464523
1414.00 -29.20654834   4.47337439
1416.00 -29.29858309   4.49215503
1418.00 -29.39073856   4.51098720
1420.00 -29.48301471   4.52987097
1422.00 -29.57541152   4.54880641
1424.00 -29.66792893   4.56779358
1426.00 -29.76056690   4.58683255
1428.00 -29.85332541   4.60592336
1430.00 -29.94620442   4.62506610
1432.00 -30.03920387   4.64426083
1434.00 -30.13232375   4.66350760
1436.00 -30.22556399   4.68280649
1438.00 -30.31892458   4.70215755
1440.00 -30.41240547   4.72156085
1442.00 -30.50600662   4.74101646
1444.00 -30.59972799   4.76052443
1446.00 -30.69356954   4.78008483
1448.00 -30.78753124   4.79969772
1450.00 -30.88161304   4.81936318
1452.00 -30.97581491   4.83908125
1454.00 -31.07013681   4.85885201
1456.00 -31.16457869   4.87867552
1458.00 -31.25914053   4.89855183
1460.00 -31.35382227   4.91848103
1462.00 -31.44862389   4.93846316
1464.00 -31.54354534   4.95849829
1466.00 -31.63858658   4.97858648
1468.00 -31.73374758   4.99872780
1470.00 -31.82902829   5.01892232
1472.00 -31.92442867   5.03917008
1474.00 -32.01994869   5.05947116
1476.00 -32.11558831   5.07982563
1478.00 -32.21134748   5.10023353
1480.00 -32.30722617   5.12069494
1482.00 -32.40322434   5.14120992
1484.00 -32.49934194   5.16177853
1486.00 -32.59557894   5.18240084
1488.00 -32.69193530   5.20307690
1490.00 -32.78841098   5.22380678
1492.00 -32.88500594   5.24459054
1494.00 -32.98172014   5.26542825
1496.00 -33.07855353   5.28631997
1498.00 -33.17550609   5.30726576
1500.00 -33.27257776   5.32826568
1502.00 -33.36976851   5.34931979
1504.00 -33.46707831   5.37042817
1506.00 -33.56450710   5.39159087
1508.00 -33.66205485   5.41280794
1510.00 -33.75972152   5.43407947
1512.00 -33.85750706   5.45540550
1514.00 -33.95541145   5.47678610
1516.00 -34.05343463   5.49822134
1518.00 -34.15157657   5.51971127
1520.00 -34.24983723   5.54125596
1522.00 -34.34821656   5.56285546
1524.00 -34.44671453   5.58450985
1526.00 -34.54533109   5.60621918
1528.00 -34.64406621   5.62798352
1530.00 -34.74291985   5.64980292
1532.00 -34.84189196   5.67167745
1534.00 -34.94098250   5.69360718
1536.00 -35.04019143   5.71559216
1538.00 -35.13951872   5.73763245
1540.00 -35.23896431   5.75972812
1542.00 -35.33852818   5.78187923
1544.00 -35.43821028   5.80408585
1546.00 -35.53801056   5.82634802
1548.00 -35.63792899   5.84866582
1550.00 -35.73796553   5.87103930
1552.00 -35.83812013   5.89346853
1554.00 -35.93839275   5.91595357
1556.00 -36.03878336   5.93849448
1558.00 -36.13929191   5.96109133
1560.00 -36.23991836   5.98374417
1562.00 -36.34066267   6.00645306
1564.00 -36.44152479   6.02921807
1566.00 -36.54250469   6.05203925
1568.00 -36.64360233   6.07491668
1570.00 -36.74481766   6.09785040
1572.00 -36.84615065   6.12084049
1574.00 -36.94760124   6.14388700
1576.00 -37.04916940   6.16699000
1578.00 -37.15085509   6.19014954
1580.00 -37.25265827   6.21336569
1582.00 -37.35457889   6.23663850
1584.00 -37.45661691   6.25996804
1586.00 -37.55877229   6.28335437
1588.00 -37.66104499   6.30679756
1590.00 -37.76343497   6.33029765
1592.00 -37.86594218   6.35385471
1594.00 -37.96856659   6.37746881
1596.00 -38.07130814   6.40114001
1598.00 -38.17416681   6.42486835
1600.00 -38.27714254   6.44865391
1602.00 -38.38023530   6.47249675
1604.00 -38.48344504   6.49639693
1606.00 -38.58677172   6.52035450
1608.00 -38.69021530   6.54436953
1610.00 -38.79377573   6.56844207
1612.00 -38.89745298   6.59257220
1614.00 -39.00124700   6.61675997
1616.00 -39.10515775   6.64100543
1618.00 -39.20918519   6.66530865
1620.00 -39.31332927   6.68966970
1622.00 -39.41758995   6.71408863
1624.00 -39.52196719   6.73856549
1626.00 -39.62646095   6.76310036
1628.00 -39.73107118   6.78769329
1630.00 -39.83579785   6.81234434
1632.00 -39.94064090   6.83705357
1634.00 -40.04560030   6.86182104
1636.00 -40.15067600   6.88664682
1638.00 -40.25586796   6.91153095
1640.00 -40.36117614   6.93647351
1642.00 -40.46660049   6.96147455
1644.00 -40.57214098   6.98653413
1646.00 -40.67779755   7.01165231
1648.00 -40.78357017   7.03682915
1650.00 -40.88945879   7.06206471
1652.00 -40.99546337   7.08735905
1654.00 -41.10158387   7.11271224
1656.00 -41.20782024   7.13812432
1658.00 -41.31417244   7.16359536
1660.00 -41.42064043   7.18912542
1662.00 -41.52722416   7.21471456
1664.00 -41.63392360   7.24036283
1666.00 -41.74073868   7.26607030
1668.00 -41.84766938   7.29183703
1670.00 -41.95471566   7.31766308
1672.00 -42.06187745   7.34354850
1674.00 -42.16915473   7.36949335
1676.00 -42.27654745   7.39549770
1678.00 -42.38405557   7.42156160
1680.00 -42.49167904   7.44768512
1682.00 -42.59941781   7.47386830
1684.00 -42.70727185   7.50011121
1686.00 -42.81524112   7.52641392
1688.00 -42.92332555   7.55277647
1690.00 -43.03152513   7.57919893
1692.00 -43.13983979   7.60568136
1694.00 -43.24826950   7.63222381
1696.00 -43.35681420   7.65882634
1698.00 -43.46547387   7.68548902
1700.00 -43.57424845   7.71221190
1702.00 -43.68313790   7.73899503
1704.00 -43.79214217   7.76583849
1706.00 -43.90126123   7.79274233
1708.00 -44.01049502   7.81970660
1710.00 -44.11984351   7.84673136
1712.00 -44.22930664   7.87381668
1714.00 -44.33888438   7.90096261
1716.00 -44.44857668   7.92816921
1718.00 -44.55838349   7.95543654
1720.00 -44.66830477   7.98276466
1722.00 -44.77834049   8.01015362
1724.00 -44.88849058   8.03760348
1726.00 -44.99875501   8.06511431
1728.00 -45.10913374   8.09268615
1730.00 -45.21962671   8.12031908
1732.00 -45.33023388   8.14801314
1734.00 -45.44095522   8.17576839
1736.00 -45.55179067   8.20358490
1738.00 -45.66274019   8.23146271
1740.00 -45.77380374   8.25940190
1742.00 -45.88498126   8.28740251
1744.00 -45.99627272   8.31546460
1746.00 -46.10767807   8.34358824
1748.00 -46.21919727   8.37177348
1750.00 -46.33083027   8.40002037
1752.00 -46.44257702   8.42832898
1754.00 -46.55443748   8.45669936
1756.00 -46.66641161   8.48513157
1758.00 -46.77849935   8.51362567
1760.00 -46.89070068   8.54218171
1762.00 -47.00301553   8.57079976
1764.00 -47.11544387   8.59947987
1766.00 -47.22798564   8.62822210
1768.00 -47.34064081   8.65702650
1770.00 -47.45340933   8.68589313
1772.00 -47.56629116   8.71482206
1774.00 -47.67928624   8.74381333
1776.00 -47.79239453   8.77286700
1778.00 -47.90561599   8.80198314
1780.00 -48.01895057   8.83116180
1782.00 -48.13239822   8.86040303
1784.00 -48.24595891   8.88970689
1786.00 -48.35963258   8.91907345
1788.00 -48.47341919   8.94850275
1790.00 -48.58731869   8.97799486
1792.00 -48.70133104   9.00754982
1794.00 -48.81545620   9.03716771
1796.00 -48.92969410   9.06684857
1798.00 -49.04404472   9.09659245
1800.00 -49.15850800   9.12639943
1802.00 -49.27308390   9.15626955
1804.00 -49.38777237   9.18620288
1806.00 -49.50257337   9.21619946
1808.00 -49.61748685   9.24625935
1810.00 -49.73251276   9.27638262
1812.00 -49.84765106   9.30656931
1814.00 -49.96290170   9.33681949
1816.00 -50.07826464   9.36713321
1818.00 -50.19373983   9.39751052
1820.00 -50.30932722   9.42795149
1822.00 -50.42502676   9.45845616
1824.00 -50.54083842   9.48902461
1826.00 -50.65676214   9.51965687
1828.00 -50.77279788   9.55035301
1830.00 -50.88894559   9.58111308
1832.00 -51.00520522   9.61193715
1834.00 -51.12157673   9.64282526
1836.00 -51.23806008   9.67377747
1838.00 -51.35465521   9.70479384
1840.00 -51.47136207   9.73587442
1842.00 -51.58818063   9.76701928
1844.00 -51.70511084   9.79822846
1846.00 -51.82215264   9.82950202
1848.00 -51.93930600   9.86084001
1850.00 -52.05657086   9.89224250
1852.00 -52.17394717   9.92370954
1854.00 -52.29143490   9.95524118
1856.00 -52.40903400   9.98683748
1858.00 -52.52674441  10.01849850
1860.00 -52.64456609  10.05022429
1862.00 -52.76249899  10.08201490
1864.00 -52.88054307  10.11387039
1866.00 -52.99869828  10.14579082
1868.00 -53.11696458  10.17777624
1870.00 -53.23534191  10.20982671
1872.00 -53.35383022  10.24194228
1874.00 -53.47242948  10.27412301
1876.00 -53.59113963  10.30636895
1878.00 -53.70996062  10.33868016
1880.00 -53.82889242  10.37105669
1882.00 -53.94793496  10.40349860
1884.00 -54.06708822  10.43600595
1886.00 -54.18635212  10.46857878
1888.00 -54.30572664  10.50121715
1890.00 -54.42521172  10.53392112
1892.00 -54.54480731  10.56669074
1894.00 -54.66451337  10.59952607
1896.00 -54.78432985  10.63242716
1898.00 -54.90425670  10.66539407
1900.00 -55.02429387  10.69842685
1902.00 -55.14444132  10.73152555
1904.00 -55.26469900  10.76469024
1906.00 -55.38506686  10.79792096
1908.00 -55.50554485  10.83121777
1910.00 -55.62613293  10.86458072
1912.00 -55.74683104  10.89800987
1914.00 -55.86763915  10.93150527
1916.00 -55.98855719  10.96506698
1918.00 -56.10958513  10.99869505
1920.00 -56.23072292  11.03238954
1922.00 -56.35197050  11.06615049
1924.00 -56.47332783  11.09997797
1926.00 -56.59479486  11.13387202
1928.00 -56.71637155  11.16783271
1930.00 -56.83805784  11.20186008
1932.00 -56.95985368  11.23595419
1934.00 -57.08175904  11.27011509
1936.00 -57.20377386  11.30434284
1938.00 -57.32589808  11.33863749
1940.00 -57.44813168  11.37299910
1942.00 -57.57047458  11.40742772
1944.00 -57.69292676  11.44192339
1946.00 -57.81548815  11.47648618
1948.00 -57.93815871  11.51111615
1950.00 -58.06093840  11.54581333
1952.00 -58.18382715  11.58057779
1954.00 -58.30682493  11.61540958
1956.00 -58.42993169  11.65030876
1958.00 -58.55314738  11.68527537
1960.00 -58.67647194  11.72030947
1962.00 -58.79990533  11.75541111
1964.00 -58.92344751  11.79058035
1966.00 -59.04709841  11.82581724
1968.00 -59.17085800  11.86112184
1970.00 -59.29472623  11.89649419
1972.00 -59.41870304  11.93193435
1974.00 -59.54278839  11.96744237
1976.00 -59.66698223  12.00301830
1978.00 -59.79128450  12.03866221
1980.00 -59.91569517  12.07437413
1982.00 -60.04021418  12.11015413
1984.00 -60.16484147  12.14600226
1986.00 -60.28957702  12.18191856
1988.00 -60.41442075  12.21790310
1990.00 -60.53937264  12.25395592
1992.00 -60.66443261  12.29007708
1994.00 -60.78960064  12.32626663
1996.00 -60.91487666  12.36252462
1998.00 -61.04026063  12.39885111
2000.00 -61.16575249  12.43524615
2002.00 -61.29135221  12.47170978
2004.00 -61.41705973  12.50824207
2006.00 -61.54287500  12.54484307
2008.00 -61.66879797  12.58151282
2010.00 -61.79482859  12.61825138
2012.00 -61.92096681  12.65505880
2014.00 -62.04721258  12.69193513
2016.00 -62.17356586  12.72888043
2018.00 -62.30002660  12.76589475
2020.00 -62.42659473  12.80297814
2022.00 -62.55327022  12.84013065
2024.00 -62.68005302  12.87735234
2026.00 -62.80694307  12.91464325
2028.00 -62.93394032  12.95200344
2030.00 -63.06104473  12.98943296
2032.00 -63.18825625  13.02693186
2034.00 -63.31557482  13.06450019
2036.00 -63.44300040  13.10213800
2038.00 -63.57053293  13.13984536
2040.00 -63.69817237  13.17762230
2042.00 -63.82591867  13.21546888
2044.00 -63.95377177  13.25338515
2046.00 -64.08173163  13.29137116
2048.00 -64.20979820  13.32942697
2050.00 -64.33797142  13.36755262
2052.00 -64.46625124  13.40574817
2054.00 -64.59463762  13.44401367
2056.00 -64.72313051  13.48234917
2058.00 -64.85172986  13.52075471
2060.00 -64.98043560  13.55923036
2062.00 -65.10924771  13.59777616
2064.00 -65.23816612  13.63639217
2066.00 -65.36719078  13.67507842
2068.00 -65.49632164  13.71383499
2070.00 -65.62555866  13.75266191
2072.00 -65.75490179  13.79155924
2074.00 -65.88435096  13.83052702
2076.00 -66.01390614  13.86956532
2078.00 -66.14356727  13.90867417
2080.00 -66.27333430  13.94785364
2082.00 -66.40320718  13.98710376
2084.00 -66.53318586  14.02642460
2086.00 -66.66327029  14.06581620
2088.00 -66.79346042  14.10527861
2090.00 -66.92375619  14.14481189
2092.00 -67.05415757  14.18441608
2094.00 -67.18466449  14.22409123
2096.00 -67.31527691  14.26383740
2098.00 -67.44599477  14.30365463
2100.00 -67.57681802  14.34354298
2102.00 -67.70774662  14.38350249
2104.00 -67.83878052  14.42353322
2106.00 -67.96991965  14.46363521
2108.00 -68.10116397  14.50380852
2110.00 -68.23251344  14.54405320
2112.00 -68.36396799  14.58436929
2114.00 -68.49552758  14.62475685
2116.00 -68.62719215  14.66521592
2118.00 -68.75896166  14.70574655
2120.00 -68.89083606  14.74634881
2122.00 -69.02281529  14.78702272
2124.00 -69.15489930  14.82776835
2126.00 -69.28708804  14.86858575
2128.00 -69.41938146  14.90947496
2130.00 -69.55177951  14.95043603
2132.00 -69.68428214  14.99146902
2134.00 -69.81688929  15.03257397
2136.00 -69.94960091  15.07375093
2138.00 -70.08241696  15.11499995
2140.00 -70.21533738  15.15632108
2142.00 -70.34836212  15.19771437
2144.00 -70.48149113  15.23917988
2146.00 -70.61472436  15.28071764
2148.00 -70.74806175  15.32232770
2150.00 -70.88150325  15.36401013
2152.00 -71.01504882  15.40576496
2154.00 -71.14869840  15.44759225
2156.00 -71.28245194  15.48949203
2158.00 -71.41630938  15.53146438
2160.00 -71.55027068  15.57350932
2162.00 -71.68433579  15.61562692
2164.00 -71.81850465  15.65781721
2166.00 -71.95277720  15.70008025
2168.00 -72.08715341  15.74241609
2170.00 -72.22163321  15.78482478
2172.00 -72.35621656  15.82730636
2174.00 -72.49090340  15.86986088
2176.00 -72.62569369  15.91248839
2178.00 -72.76058736  15.95518895
2180.00 -72.89558437  15.99796259
2182.00 -73.03068466  16.04080937
2184.00 -73.16588819  16.08372933
2186.00 -73.30119490  16.12672253
2188.00 -73.43660474  16.16978901
2190.00 -73.57211766  16.21292882
2192.00 -73.70773360  16.25614201
2194.00 -73.84345251  16.29942862
2196.00 -73.97927434  16.34278871
2198.00 -74.11519905  16.38622232
2200.00 -74.25122656  16.42972950
2202.00 -74.38735685  16.47331030
2204.00 -74.52358984  16.51696476
2206.00 -74.65992549  16.56069294
2208.00 -74.79636375  16.60449488
2210.00 -74.93290457  16.64837063
2212.00 -75.06954788  16.69232024
2214.00 -75.20629365  16.73634376
2216.00 -75.34314181  16.78044122
2218.00 -75.48009232  16.82461269
2220.00 -75.61714512  16.86885820
2222.00 -75.75430016  16.91317781
2224.00 -75.89155739  16.95757156
2226.00 -76.02891675  17.00203951
2228.00 -76.16637819  17.04658169
2230.00 -76.30394166  17.09119815
2232.00 -76.44160711  17.13588895
2234.00 -76.57937449  17.18065412
2236.00 -76.71724373  17.22549373
2238.00 -76.85521479  17.27040780
2240.00 -76.99328762  17.31539640
2242.00 -77.13146216  17.36045957
2244.00 -77.26973836  17.40559734
2246.00 -77.40811617  17.45080979
2248.00 -77.54659553  17.49609694
2250.00 -77.68517639  17.54145884
2252.00 -77.82385870  17.58689555
2254.00 -77.96264241  17.63240711
2256.00 -78.10152746  17.67799356
2258.00 -78.24051380  17.72365495
2260.00 -78.37960137  17.76939134
2262.00 -78.51879013  17.81520275
2264.00 -78.65808002  17.86108926
2266.00 -78.79747099  17.90705089
2268.00 -78.93696298  17.95308769
2270.00 -79.07655594  17.99919972
2272.00 -79.21624982  18.04538701
2274.00 -79.35604456  18.09164962
2276.00 -79.49594011  18.13798759
2278.00 -79.63593642  18.18440096
2280.00 -79.77603344  18.23088979
2282.00 -79.91623111  18.27745411
2284.00 -80.05652937  18.32409399
2286.00 -80.19692818  18.37080945
2288.00 -80.33742748  18.41760055
2290.00 -80.47802722  18.46446733
2292.00 -80.61872735  18.51140984
2294.00 -80.75952780  18.55842812
2296.00 -80.90042853  18.60552223
2298.00 -81.04142949  18.65269220
2300.00 -81.18253061  18.69993808
2302.00 -81.32373186  18.74725992
2304.00 -81.46503316  18.79465776
2306.00 -81.60643448  18.84213165
2308.00 -81.74793575  18.88968164
2310.00 -81.88953692  18.93730776
2312.00 -82.03123794  18.98501007
2314.00 -82.17303876  19.03278861
2316.00 -82.31493932  19.08064343
2318.00 -82.45693956  19.12857457
2320.00 -82.59903944  19.17658207
2322.00 -82.74123890  19.22466598
2324.00 -82.88353788  19.27282635
2326.00 -83.02593634  19.32106323
2328.00 -83.16843421  19.36937664
2330.00 -83.31103145  19.41776665
2332.00 -83.45372800  19.46623330
2334.00 -83.59652381  19.51477663
2336.00 -83.73941882  19.56339668
2338.00 -83.88241297  19.61209351
2340.00 -84.02550622  19.66086715
2342.00 -84.16869851  19.70971765
2344.00 -84.31198979  19.75864506
2346.00 -84.45538000  19.80764942
2348.00 -84.59886909  19.85673077
2350.00 -84.74245700  19.90588916
2352.00 -84.88614368  19.95512463
2354.00 -85.02992908  20.00443723
2356.00 -85.17381313  20.05382701
2358.00 -85.31779580  20.10329400
2360.00 -85.46187701  20.15283825
2362.00 -85.60605673  20.20245981
2364.00 -85.75033489  20.25215871
2366.00 -85.89471144  20.30193501
2368.00 -86.03918633  20.35178875
2370.00 -86.18375949  20.40171997
2372.00 -86.32843089  20.45172872
2374.00 -86.47320045  20.50181503
2376.00 -86.61806813  20.55197896
2378.00 -86.76303388  20.60222055
2380.00 -86.90809764  20.65253983
2382.00 -87.05325935  20.70293687
2384.00 -87.19851896  20.75341169
2386.00 -87.34387641  20.80396434
2388.00 -87.48933166  20.85459487
2390.00 -87.63488464  20.90530332
2392.00 -87.78053530  20.95608974
2394.00 -87.92628359  21.00695416
2396.00 -88.07212945  21.05789663
2398.00 -88.21807283  21.10891719
2400.00 -88.36411368  21.16001590
2402.00 -88.51025193  21.21119278
2404.00 -88.65648753  21.26244789
2406.00 -88.80282043  21.31378126
2408.00 -88.94925058  21.36519294
2410.00 -89.09577791  21.41668298
2412.00 -89.24240238  21.46825141
2414.00 -89.38912393  21.51989828
2416.00 -89.53594250  21.57162364
2418.00 -89.68285804  21.62342752
2420.00 -89.82987049  21.67530996
2422.00 -89.97697981  21.72727102
2424.00 -90.12418592  21.77931074
2426.00 -90.27148879  21.83142915
2428.00 -90.41888835  21.88362629
2430.00 -90.56638455  21.93590222
2432.00 -90.71397734  21.98825698
2434.00 -90.86166665  22.04069060
2436.00 -91.00945244  22.09320313
2438.00 -91.15733465  22.14579462
2440.00 -91.30531322  22.19846509
2442.00 -91.45338810  22.25121461
2444.00 -91.60155923  22.30404320
2446.00 -91.74982656  22.35695092
2448.00 -91.89819004  22.40993780
2450.00 -92.04664960  22.46300388
2452.00 -92.19520519  22.51614922
2454.00 -92.34385676  22.56937384
2456.00 -92.49260425  22.62267780
2458.00 -92.64144761  22.67606113
2460.00 -92.79038678  22.72952387
2462.00 -92.93942170  22.78306608
2464.00 -93.08855233  22.83668778
2466.00 -93.23777859  22.89038902
2468.00 -93.38710045  22.94416985
2470.00 -93.53651784  22.99803031
2472.00 -93.68603071  23.05197043
2474.00 -93.83563901  23.10599026
2476.00 -93.98534267  23.16008984
2478.00 -94.13514164  23.21426921
2480.00 -94.28503587  23.26852841
2482.00 -94.43502530  23.32286749
2484.00 -94.58510987  23.37728648
2486.00 -94.73528953  23.43178543
2488.00 -94.88556423  23.48636438
2490.00 -95.03593390  23.54102337
2492.00 -95.18639850  23.59576244
2494.00 -95.33695796  23.65058164
2496.00 -95.48761223  23.70548099
2498.00 -95.63836126  23.76046055
2500.00 -95.78920498  23.81552036
2502.00 -95.94014335  23.87066045
2504.00 -96.09117631  23.92588086
2506.00 -96.24230380  23.98118165
2508.00 -96.39352577  24.03656284
2510.00 -96.54484215  24.09202449
2512.00 -96.69625290  24.14756662
2514.00 -96.84775796  24.20318929
2516.00 -96.99935727  24.25889252
2518.00 -97.15105077  24.31467637
2520.00 -97.30283842  24.37054087
2522.00 -97.45472015  24.42648606
2524.00 -97.60669591  24.48251199
2526.00 -97.75876564  24.53861869
2528.00 -97.91092929  24.59480621
2530.00 -98.06318679  24.65107458
2532.00 -98.21553810  24.70742384
2534.00 -98.36798316  24.76385404
2536.00 -98.52052191  24.82036522
2538.00 -98.67315430  24.87695741
2540.00 -98.82588026  24.93363065
2542.00 -98.97869975  24.99038499
2544.00 -99.13161271  25.04722047
2546.00 -99.28461907  25.10413712
2548.00 -99.43771879  25.16113498
2550.00 -99.59091181  25.21821410
2552.00 -99.74419807  25.27537452
2554.00 -99.89757752  25.33261627
2556.00 -100.05105010  25.38993939
2558.00 -100.20461574  25.44734393
2560.00 -100.35827441  25.50482992
2562.00 -100.51202604  25.56239740
2564.00 -100.66587057  25.62004641
2566.00 -100.81980794  25.67777700
2568.00 -100.97383811  25.73558920
2570.00 -101.12796101  25.79348305
2572.00 -101.28217659  25.85145858
2574.00 -101.43648480  25.90951585
2576.00 -101.59088556  25.96765488
2578.00 -101.74537884  26.02587572
2580.00 -101.89996457  26.08417841
2582.00 -102.05464269  26.14256298
2584.00 -102.20941315  26.20102948
2586.00 -102.36427590  26.25957794
2588.00 -102.51923087  26.31820840
2590.00 -102.67427801  26.37692091
2592.00 -102.82941726  26.43571549
2594.00 -102.98464857  26.49459219
2596.00 -103.13997187  26.55355105
2598.00 -103.29538712  26.61259211
2600.00 -103.45089425  26.67171540
2602.00 -103.60649322  26.73092096
2604.00 -103.76218395  26.79020884
2606.00 -103.91796640  26.84957906
2608.00 -104.07384051  26.90903168
2610.00 -104.22980622  26.96856672
2612.00 -104.38586348  27.02818422
2614.00 -104.54201222  27.08788423
2616.00 -104.69825240  27.14766678
2618.00 -104.85458394  27.20753192
2620.00 -105.01100681  27.26747967
2622.00 -105.16752094  27.32751007
2624.00 -105.32412627  27.38762318
2626.00 -105.48082274  27.44781901
2628.00 -105.63761031  27.50809761
2630.00 -105.79448891  27.56845902
2632.00 -105.95145848  27.62890328
2634.00 -106.10851898  27.68943042
2636.00 -106.26567033  27.75004049
2638.00 -106.42291249  27.81073351
2640.00 -106.58024540  27.87150953
2642.00 -106.73766900  27.93236859
2644.00 -106.89518323  27.99331071
2646.00 -107.05278803  28.05433595
2648.00 -107.21048336  28.11544434
2650.00 -107.36826915  28.17663590
2652.00 -107.52614534  28.23791070
2654.00 -107.68411188  28.29926875
2656.00 -107.84216871  28.36071009
2658.00 -108.00031577  28.42223477
2660.00 -108.15855301  28.48384283
2662.00 -108.31688037  28.54553429
2664.00 -108.47529779  28.60730919
2666.00 -108.63380521  28.66916758
2668.00 -108.79240258  28.73110949
2670.00 -108.95108984  28.79313495
2672.00 -109.10986693  28.85524401
2674.00 -109.26873380  28.91743670
2676.00 -109.42769039  28.97971305
2678.00 -109.58673663  29.04207311
2680.00 -109.74587248  29.10451690
2682.00 -109.90509787  29.16704448
2684.00 -110.06441275  29.22965587
2686.00 -110.22381706  29.29235111
2688.00 -110.38331074  29.35513023
2690.00 -110.54289374  29.41799328
2692.00 -110.70256600  29.48094029
2694.00 -110.86232745  29.54397129
2696.00 -111.02217805  29.60708633
2698.00 -111.18211774  29.67028543
2700.00 -111.34214645  29.73356864
2702.00 -111.50226414  29.79693599
2704.00 -111.66247073  29.86038752
2706.00 -111.82276618  29.92392326
2708.00 -111.98315043  29.98754325
2710.00 -112.14362342  30.05124753
2712.00 -112.30418509  30.11503612
2714.00 -112.46483539  30.17890908
2716.00 -112.62557425  30.24286642
2718.00 -112.78640162  30.30690820
2720.00 -112.94731745  30.37103444
2722.00 -113.10832166  30.43524518
2724.00 -113.26941422  30.49954045
2726.00 -113.43059505  30.56392030
2728.00 -113.59186410  30.62838476
2730.00 -113.75322132  30.69293385
2732.00 -113.91466664  30.75756763
2734.00 -114.07620001  30.82228611
2736.00 -114.23782136  30.88708935
2738.00 -114.39953065  30.95197737
2740.00 -114.56132781  31.01695021
2742.00 -114.72321279  31.08200791
2744.00 -114.88518553  31.14715049
2746.00 -115.04724597  31.21237800
2748.00 -115.20939404  31.27769047
2750.00 -115.37162971  31.34308793
2752.00 -115.53395290  31.40857042
2754.00 -115.69636356  31.47413798
2756.00 -115.85886162  31.53979064
2758.00 -116.02144704  31.60552843
2760.00 -116.18411976  31.67135140
2762.00 -116.34687971  31.73725956
2764.00 -116.50972684  31.80325297
2766.00 -116.67266109  31.86933165
2768.00 -116.83568241  31.93549563
2770.00 -116.99879072  32.00174496
2772.00 -117.16198599  32.06807967
2774.00 -117.32526814  32.13449979
2776.00 -117.48863712  32.20100535
2778.00 -117.65209288  32.26759639
2780.00 -117.81563534  32.33427295
2782.00 -117.97926447  32.40103506
2784.00 -118.14298019  32.46788275
2786.00 -118.30678245  32.53481606
2788.00 -118.47067119  32.60183502
2790.00 -118.63464636  32.66893966
2792.00 -118.79870789  32.73613003
2794.00 -118.96285572  32.80340615
2796.00 -119.12708981  32.87076805
2798.00 -119.29141008  32.93821578
2800.00 -119.45581649  33.00574936
2802.00 -119.62030897  33.07336883
2804.00 -119.78488747  33.14107422
2806.00 -119.94955192  33.20886557
2808.00 -120.11430227  33.27674291
2810.00 -120.27913846  33.34470627
2812.00 -120.44406044  33.41275569
2814.00 -120.60906814  33.48089120
2816.00 -120.77416150  33.54911284
2818.00 -120.93934047  33.61742063
2820.00 -121.10460499  33.68581461
2822.00 -121.26995500  33.75429482
2824.00 -121.43539044  33.82286128
2826.00 -121.60091125  33.89151404
2828.00 -121.76651738  33.96025312
2830.00 -121.93220877  34.02907855
2832.00 -122.09798535  34.09799037
2834.00 -122.26384707  34.16698862
2836.00 -122.42979388  34.23607333
2838.00 -122.59582570  34.30524452
2840.00 -122.76194249  34.37450223
2842.00 -122.92814419  34.44384650
2844.00 -123.09443073  34.51327735
2846.00 -123.26080207  34.58279483
2848.00 -123.42725813  34.65239896
2850.00 -123.59379886  34.72208977
2852.00 -123.76042421  34.79186730
2854.00 -123.92713411  34.86173158
2856.00 -124.09392850  34.93168265
2858.00 -124.26080734  35.00172053
2860.00 -124.42777055  35.07184525
2862.00 -124.59481808  35.14205686
2864.00 -124.76194987  35.21235538
2866.00 -124.92916586  35.28274084
2868.00 -125.09646600  35.35321328
2870.00 -125.26385022  35.42377273
2872.00 -125.43131847  35.49441922
2874.00 -125.59887069  35.56515278
2876.00 -125.76650681  35.63597345
2878.00 -125.93422679  35.70688126
2880.00 -126.10203056  35.77787623
2882.00 -126.26991806  35.84895841
2884.00 -126.43788923  35.92012781
2886.00 -126.60594402  35.99138449
2888.00 -126.77408236  36.06272845
2890.00 -126.94230421  36.13415975
2892.00 -127.11060949  36.20567841
2894.00 -127.27899815  36.27728445
2896.00 -127.44747013  36.34897792
2898.00 -127.61602537  36.42075884
2900.00 -127.78466382  36.49262725
2902.00 -127.95338541  36.56458317
2904.00 -128.12219009  36.63662665
2906.00 -128.29107780  36.70875770
2908.00 -128.46004847  36.78097636
2910.00 -128.62910205  36.85328267
2912.00 -128.79823848  36.92567664
2914.00 -128.96745770  36.99815832
2916.00 -129.13675966  37.07072774
2918.00 -129.30614429  37.14338492
2920.00 -129.47561153  37.21612990
2922.00 -129.64516133  37.28896271
2924.00 -129.81479362  37.36188338
2926.00 -129.98450835  37.43489193
2928.00 -130.15430546  37.50798841
2930.00 -130.32418489  37.58117283
2932.00 -130.49414658  37.65444524
2934.00 -130.66419047  37.72780566
2936.00 -130.83431650  37.80125413
2938.00 -131.00452462  37.87479067
2940.00 -131.17481476  37.94841531
2942.00 -131.34518687  38.02212808
2944.00 -131.51564088  38.09592902
2946.00 -131.68617673  38.16981816
2948.00 -131.85679438  38.24379552
2950.00 -132.02749375  38.31786114
2952.00 -132.19827480  38.39201504
2954.00 -132.36913745  38.46625726
2956.00 -132.54008166  38.54058782
2958.00 -132.71110736  38.61500676
2960.00 -132.88221449  38.68951410
2962.00 -133.05340299  38.76410989
2964.00 -133.22467281  38.83879413
2966.00 -133.39602389  38.91356688
2968.00 -133.56745616  38.98842814
2970.00 -133.73896957  39.06337797
2972.00 -133.91056406  39.13841638
2974.00 -134.08223956  39.21354340
2976.00 -134.25399603  39.28875907
2978.00 -134.42583339  39.36406341
2980.00 -134.59775160  39.43945645
2982.00 -134.76975059  39.51493823
2984.00 -134.94183030  39.59050877
2986.00 -135.11399067  39.66616810
2988.00 -135.28623165  39.74191625
2990.00 -135.45855317  39.81775325
2992.00 -135.63095518  39.89367913
2994.00 -135.80343761  39.96969392
2996.00 -135.97600041  40.04579765
2998.00 -136.14864352  40.12199034
3000.00 -136.32136687  40.19827203
3002.00 -136.49417042  40.27464274
3004.00 -136.66705409  40.35110251
3006.00 -136.84001783  40.42765136
3008.00 -137.01306159  40.50428932
3010.00 -137.18618529  40.58101643
3012.00 -137.35938889  40.65783270
3014.00 -137.53267232  40.73473816
3016.00 -137.70603552  40.81173286
3018.00 -137.87947844  40.88881681
3020.00 -138.05300101  40.96599004
3022.00 -138.22660318  41.04325259
3024.00 -138.40028488  41.12060447
3026.00 -138.57404605  41.19804573
3028.00 -138.74788665  41.27557638
3030.00 -138.92180660  41.35319646
3032.00 -139.09580585  41.43090599
3034.00 -139.26988433  41.50870500
3036.00 -139.44404200  41.58659352
3038.00 -139.61827878  41.66457159
3040.00 -139.79259462  41.74263921
3042.00 -139.96698947  41.82079644
3044.00 -140.14146325  41.89904328
3046.00 -140.31601592  41.97737978
3048.00 -140.49064740  42.05580595
3050.00 -140.66535765  42.13432183
3052.00 -140.84014661  42.21292744
3054.00 -141.01501420  42.29162282
3056.00 -141.18996038  42.37040798
3058.00 -141.36498508  42.44928296
3060.00 -141.54008825  42.52824779
3062.00 -141.71526982  42.60730249
3064.00 -141.89052973  42.68644709
3066.00 -142.06586793  42.76568161
3068.00 -142.24128436  42.84500609
3070.00 -142.41677896  42.92442055
3072.00 -142.59235166  43.00392502
3074.00 -142.76800240  43.08351953
3076.00 -142.94373114  43.16320410
3078.00 -143.11953780  43.24297876
3080.00 -143.29542233  43.32284354
3082.00 -143.47138467  43.40279847
3084.00 -143.64742476  43.48284357
3086.00 -143.82354254  43.56297886
3088.00 -143.99973795  43.64320438
3090.00 -144.17601093  43.72352016
3092.00 -144.35236142  43.80392622
3094.00 -144.52878935  43.88442258
3096.00 -144.70529468  43.96500927
3098.00 -144.88187734  44.04568633
3100.00 -145.05853728  44.12645377
3102.00 -145.23527442  44.20731162
3104.00 -145.41208872  44.28825992
3106.00 -145.58898010  44.36929868
3108.00 -145.76594852  44.45042793
3110.00 -145.94299392  44.53164771
3112.00 -146.12011623  44.61295802
3114.00 -146.29731539  44.69435891
3116.00 -146.47459134  44.77585040
3118.00 -146.65194403  44.85743252
3120.00 -146.82937339  44.93910528
3122.00 -147.00687937  45.02086872
3124.00 -147.18446190  45.10272286
3126.00 -147.36212092  45.18466774
3128.00 -147.53985638  45.26670336
3130.00 -147.71766822  45.34882977
3132.00 -147.89555637  45.43104699
3134.00 -148.07352078  45.51335503
3136.00 -148.25156138  45.59575394
3138.00 -148.42967812  45.67824373
3140.00 -148.60787093  45.76082443
3142.00 -148.78613976  45.84349606
3144.00 -148.96448455  45.92625866
3146.00 -149.14290523  46.00911224
3148.00 -149.32140175  46.09205683
3150.00 -149.49997405  46.17509246
3152.00 -149.67862207  46.25821916
3154.00 -149.85734574  46.34143694
3156.00 -150.03614501  46.42474584
3158.00 -150.21501982  46.50814587
3160.00 -150.39397010  46.59163707
3162.00 -150.57299580  46.67521946
3164.00 -150.75209686  46.75889306
3166.00 -150.93127322  46.84265791
3168.00 -151.11052482  46.92651401
3170.00 -151.28985159  47.01046141
3172.00 -151.46925349  47.09450012
3174.00 -151.64873044  47.17863018
3176.00 -151.82828239  47.26285159
3178.00 -152.00790928  47.34716440
3180.00 -152.18761104  47.43156861
3182.00 -152.36738763  47.51606427
3184.00 -152.54723897  47.60065139
3186.00 -152.72716502  47.68533000
3188.00 -152.90716570  47.77010012
3190.00 -153.08724096  47.85496178
3192.00 -153.26739074  47.93991500
3194.00 -153.44761498  48.02495980
3196.00 -153.62791362  48.11009622
3198.00 -153.80828660  48.19532427
3200.00 -153.98873385  48.28064398
3202.00 -154.16925533  48.36605537
3204.00 -154.34985096  48.45155847
3206.00 -154.53052070  48.53715330
3208.00 -154.71126447  48.62283989
3210.00 -154.89208222  48.70861825
3212.00 -155.07297390  48.79448842
3214.00 -155.25393943  48.88045042
3216.00 -155.43497876  48.96650427
3218.00 -155.61609183  49.05264999
3220.00 -155.79727858  49.13888761
3222.00 -155.97853895  49.22521716
3224.00 -156.15987288  49.31163865
3226.00 -156.34128030  49.39815211
3228.00 -156.52276117  49.48475757
3230.00 -156.70431542  49.57145504
3232.00 -156.88594298  49.65824456
3234.00 -157.06764381  49.74512614
3236.00 -157.24941783  49.83209980
3238.00 -157.43126499  49.91916558
3240.00 -157.61318523  50.00632350
3242.00 -157.79517849  50.09357357
3244.00 -157.97724471  50.18091582
3246.00 -158.15938383  50.26835028
3248.00 -158.34159579  50.35587696
3250.00 -158.52388053  50.44349590
3252.00 -158.70623798  50.53120711
3254.00 -158.88866809  50.61901061
3256.00 -159.07117081  50.70690644
3258.00 -159.25374606  50.79489461
3260.00 -159.43639379  50.88297514
3262.00 -159.61911393  50.97114806
3264.00 -159.80190644  51.05941340
3266.00 -159.98477124  51.14777116
3268.00 -160.16770829  51.23622139
3270.00 -160.35071751  51.32476409
3272.00 -160.53379884  51.41339930
3274.00 -160.71695224  51.50212703
3276.00 -160.90017763  51.59094730
3278.00 -161.08347497  51.67986015
3280.00 -161.26684418  51.76886559
3282.00 -161.45028520  51.85796364
3284.00 -161.63379799  51.94715433
3286.00 -161.81738247  52.03643767
3288.00 -162.00103859  52.12581370
3290.00 -162.18476628  52.21528243
3292.00 -162.36856550  52.30484389
3294.00 -162.55243616  52.39449809
3296.00 -162.73637823  52.48424507
3298.00 -162.92039163  52.57408483
3300.00 -163.10447631  52.66401741
3302.00 -163.28863221  52.75404282
3304.00 -163.47285926  52.84416109
3306.00 -163.65715741  52.93437224
3308.00 -163.84152659  53.02467629
3310.00 -164.02596675  53.11507326
3312.00 -164.21047783  53.20556317
3314.00 -164.39505976  53.29614606
3316.00 -164.57971249  53.38682192
3318.00 -164.76443595  53.47759080
3320.00 -164.94923009  53.56845271
3322.00 -165.13409484  53.65940767
3324.00 -165.31903015  53.75045570
3326.00 -165.50403595  53.84159682
3328.00 -165.68911218  53.93283106
3330.00 -165.87425879  54.02415844
3332.00 -166.05947572  54.11557898
3334.00 -166.24476290  54.20709269
3336.00 -166.43012027  54.29869961
3338.00 -166.61554778  54.39039975
3340.00 -166.80104536  54.48219313
3342.00 -166.98661295  54.57407977
3344.00 -167.17225050  54.66605969
3346.00 -167.35795794  54.75813293
3348.00 -167.54373522  54.85029948
3350.00 -167.72958226  54.94255939
3352.00 -167.91549902  55.03491266
3354.00 -168.10148544  55.12735932
3356.00 -168.28754144  55.21989939
3358.00 -168.47366698  55.31253289
3360.00 -168.65986199  55.40525984
3362.00 -168.84612641  55.49808026
3364.00 -169.03246018  55.59099417
3366.00 -169.21886324  55.68400159
3368.00 -169.40533554  55.77710254
3370.00 -169.59187700  55.87029704
3372.00 -169.77848758  55.96358512
3374.00 -169.96516721  56.05696679
3376.00 -170.15191583  56.15044207
3378.00 -170.33873338  56.24401099
3380.00 -170.52561980  56.33767355
3382.00 -170.71257503  56.43142979
3384.00 -170.89959901  56.52527973
3386.00 -171.08669168  56.61922337
3388.00 -171.27385298  56.71326075
3390.00 -171.46108285  56.80739188
3392.00 -171.64838123  56.90161679
3394.00 -171.83574806  56.99593548
3396.00 -172.02318327  57.09034799
3398.00 -172.21068682  57.18485433
3400.00 -172.39825863  57.27945452
3402.00 -172.58589866  57.37414858
3404.00 -172.77360683  57.46893653
3406.00 -172.96138309  57.56381840
3408.00 -173.14922737  57.65879419
3410.00 -173.33713963  57.75386393
3412.00 -173.52511979  57.84902763
3414.00 -173.71316780  57.94428533
3416.00 -173.90128360  58.03963703
3418.00 -174.08946712  58.13508276
3420.00 -174.27771831  58.23062253
3422.00 -174.46603711  58.32625636
3424.00 -174.65442345  58.42198428
3426.00 -174.84287728  58.51780631
3428.00 -175.03139854  58.61372245
3430.00 -175.21998716  58.70973273
3432.00 -175.40864309  58.80583717
3434.00 -175.59736626  58.90203579
3436.00 -175.78615662  58.99832861
3438.00 -175.97501411  59.09471564
3440.00 -176.16393866  59.19119690
3442.00 -176.35293021  59.28777242
3444.00 -176.54198871  59.38444221
3446.00 -176.73111410  59.48120629
3448.00 -176.92030631  59.57806468
3450.00 -177.10956528  59.67501739
3452.00 -177.29889096  59.77206445
3454.00 -177.48828328  59.86920588
3456.00 -177.67774218  59.96644168
3458.00 -177.86726761  60.06377189
3460.00 -178.05685951  60.16119651
3462.00 -178.24651780  60.25871557
3464.00 -178.43624244  60.35632909
3466.00 -178.62603336  60.45403708
3468.00 -178.81589051  60.55183956
3470.00 -179.00581382  60.64973655
3472.00 -179.19580323  60.74772807
3474.00 -179.38585868  60.84581413
3476.00 -179.57598011  60.94399475
3478.00 -179.76616747  61.04226996
3480.00 -179.95642069  61.14063977
3482.00 -180.14673971  61.23910419
3484.00 -180.33712448  61.33766324
3486.00 -180.52757492  61.43631695
3488.00 -180.71809099  61.53506533
3490.00 -180.90867261  61.63390839
3492.00 -181.09931974  61.73284616
3494.00 -181.29003231  61.83187865
3496.00 -181.48081026  61.93100587
3498.00 -181.67165353  62.03022786
3500.00 -181.86256206  62.12954462
3502.00 -182.05353580  62.22895617
3504.00 -182.24457467  62.32846253
3506.00 -182.43567862  62.42806372
3508.00 -182.62684759  62.52775975
3510.00 -182.81808153  62.62755063
3512.00 -183.00938036  62.72743640
3514.00 -183.20074403  62.82741706
3516.00 -183.39217249  62.92749263
3518.00 -183.58366566  63.02766313
3520.00 -183.77522349  63.12792858
3522.00 -183.96684592  63.22828898
3524.00 -184.15853289  63.32874437
3526.00 -184.35028434  63.42929475
3528.00 -184.54210021  63.52994014
3530.00 -184.73398043  63.63068056
3532.00 -184.92592496  63.73151603
3534.00 -185.11793372  63.83244656
3536.00 -185.31000667  63.93347216
3538.00 -185.50214373  64.03459286
3540.00 -185.69434485  64.13580868
3542.00 -185.88660997  64.23711962
3544.00 -186.07893902  64.33852571
3546.00 -186.27133196  64.44002695
3548.00 -186.46378871  64.54162337
3550.00 -186.65630923  64.64331499
3552.00 -186.84889344  64.74510181
3554.00 -187.04154128  64.84698386
3556.00 -187.23425271  64.94896115
3558.00 -187.42702765  65.05103370
3560.00 -187.61986605  65.15320152
3562.00 -187.81276785  65.25546464
3564.00 -188.00573299  65.35782305
3566.00 -188.19876140  65.46027679
3568.00 -188.39185304  65.56282586
3570.00 -188.58500783  65.66547029
3572.00 -188.77822571  65.76821008
3574.00 -188.97150664  65.87104526
3576.00 -189.16485054  65.97397584
3578.00 -189.35825736  66.07700184
3580.00 -189.55172704  66.18012326
3582.00 -189.74525951  66.28334013
3584.00 -189.93885472  66.38665246
3586.00 -190.13251261  66.49006027
3588.00 -190.32623312  66.59356357
3590.00 -190.52001618  66.69716238
3592.00 -190.71386175  66.80085672
3594.00 -190.90776974  66.90464659
3596.00 -191.10174012  67.00853201
3598.00 -191.29577281  67.11251300
3600.00 -191.48986777  67.21658958
3602.00 -191.68402491  67.32076176
3604.00 -191.87824420  67.42502954
3606.00 -192.07252556  67.52939296
3608.00 -192.26686894  67.63385202
3610.00 -192.46127428  67.73840674
3612.00 -192.65574152  67.84305714
3614.00 -192.85027059  67.94780322
3616.00 -193.04486144  68.05264500
3618.00 -193.23951401  68.15758250
3620.00 -193.43422824  68.26261574
3622.00 -193.62900406  68.36774472
3624.00 -193.82384143  68.47296946
3626.00 -194.01874027  68.57828998
3628.00 -194.21370053  68.68370628
3630.00 -194.40872214  68.78921840
3632.00 -194.60380506  68.89482633
3634.00 -194.79894921  69.00053009
3636.00 -194.99415454  69.10632971
3638.00 -195.18942099  69.21222518
3640.00 -195.38474850  69.31821653
3642.00 -195.58013700  69.42430377
3644.00 -195.77558645  69.53048692
3646.00 -195.97109677  69.63676599
3648.00 -196.16666792  69.74314098
3650.00 -196.36229982  69.84961193
3652.00 -196.55799242  69.95617883
3654.00 -196.75374566  70.06284171
3656.00 -196.94955948  70.16960058
3658.00 -197.14543382  70.27645545
3660.00 -197.34136862  70.38340633
3662.00 -197.53736382  70.49045324
3664.00 -197.73341936  70.59759620
3666.00 -197.92953518  70.70483522
3668.00 -198.12571122  70.81217030
3670.00 -198.32194742  70.91960147
3672.00 -198.51824372  71.02712874
3674.00 -198.71460006  71.13475212
3676.00 -198.91101638  71.24247162
3678.00 -199.10749263  71.35028726
3680.00 -199.30402873  71.45819905
3682.00 -199.50062464  71.56620700
3684.00 -199.69728029  71.67431113
3686.00 -199.89399562  71.78251146
3688.00 -200.09077057  71.89080799
3690.00 -200.28760509  71.99920073
3692.00 -200.48449911  72.10768970
3694.00 -200.68145257  72.21627492
3696.00 -200.87846541  72.32495640
3698.00 -201.07553758  72.43373414
3700.00 -201.27266901  72.54260816
3702.00 -201.46985965  72.65157848
3704.00 -201.66710943  72.76064511
3706.00 -201.86441829  72.86980806
3708.00 -202.06178618  72.97906734
3710.00 -202.25921303  73.08842296
3712.00 -202.45669879  73.19787495
3714.00 -202.65424340  73.30742330
3716.00 -202.85184679  73.41706804
3718.00 -203.04950890  73.52680917
3720.00 -203.24722969  73.63664672
3722.00 -203.44500908  73.74658068
3724.00 -203.64284701  73.85661108
3726.00 -203.84074344  73.96673792
3728.00 -204.03869829  74.07696122
3730.00 -204.23671151  74.18728099
3732.00 -204.43478304  74.29769724
3734.00 -204.63291281  74.40820999
3736.00 -204.83110078  74.51881924
3738.00 -205.02934688  74.62952501
3740.00 -205.22765104  74.74032731
3742.00 -205.42601322  74.85122616
3744.00 -205.62443334  74.96222155
3746.00 -205.82291136  75.07331352
3748.00 -206.02144721  75.18450206
3750.00 -206.22004083  75.29578719
3752.00 -206.41869216  75.40716893
3754.00 -206.61740115  75.51864728
3756.00 -206.81616773  75.63022225
3758.00 -207.01499184  75.74189386
3760.00 -207.21387342  75.85366212
3762.00 -207.41281242  75.96552703
3764.00 -207.61180878  76.07748862
3766.00 -207.81086242  76.18954689
3768.00 -208.00997331  76.30170186
3770.00 -208.20914137  76.41395353
3772.00 -208.40836655  76.52630192
3774.00 -208.60764878  76.63874704
3776.00 -208.80698802  76.75128889
3778.00 -209.00638419  76.86392750
3780.00 -209.20583723  76.97666287
3782.00 -209.40534710  77.08949501
3784.00 -209.60491373  77.20242393
3786.00 -209.80453706  77.31544965
3788.00 -210.00421703  77.42857218
3790.00 -210.20395357  77.54179152
3792.00 -210.40374664  77.65510769
3794.00 -210.60359618  77.76852070
3796.00 -210.80350211  77.88203056
3798.00 -211.00346439  77.99563728
3800.00 -211.20348296  78.10934086
3802.00 -211.40355774  78.22314134
3804.00 -211.60368870  78.33703870
3806.00 -211.80387575  78.45103296
3808.00 -212.00411886  78.56512414
3810.00 -212.20441795  78.67931225
3812.00 -212.40477297  78.79359729
3814.00 -212.60518386  78.90797927
3816.00 -212.80565055  79.02245820
3818.00 -213.00617300  79.13703411
3820.00 -213.20675113  79.25170699
3822.00 -213.40738490  79.36647685
3824.00 -213.60807423  79.48134371
3826.00 -213.80881908  79.59630758
3828.00 -214.00961938  79.71136846
3830.00 -214.21047508  79.82652638
3832.00 -214.41138611  79.94178132
3834.00 -214.61235241  80.05713332
3836.00 -214.81337393  80.17258237
3838.00 -215.01445061  80.28812848
3840.00 -215.21558238  80.40377168
3842.00 -215.41676919  80.51951196
3844.00 -215.61801098  80.63534933
3846.00 -215.81930768  80.75128382
3848.00 -216.02065925  80.86731541
3850.00 -216.22206562  80.98344414
3852.00 -216.42352673  81.09966999
3854.00 -216.62504252  81.21599300
3856.00 -216.82661294  81.33241315
3858.00 -217.02823791  81.44893047
3860.00 -217.22991740  81.56554496
3862.00 -217.43165132  81.68225664
3864.00 -217.63343964  81.79906550
3866.00 -217.83528228  81.91597157
3868.00 -218.03717919  82.03297485
3870.00 -218.23913031  82.15007534
3872.00 -218.44113558  82.26727307
3874.00 -218.64319493  82.38456803
3876.00 -218.84530832  82.50196024
3878.00 -219.04747569  82.61944971
3880.00 -219.24969696  82.73703644
3882.00 -219.45197209  82.85472044
3884.00 -219.65430101  82.97250173
3886.00 -219.85668367  83.09038031
3888.00 -220.05912001  83.20835619
3890.00 -220.26160996  83.32642938
3892.00 -220.46415347  83.44459989
3894.00 -220.66675049  83.56286772
3896.00 -220.86940094  83.68123289
3898.00 -221.07210477  83.79969541
3900.00 -221.27486193  83.91825528
3902.00 -221.47767235  84.03691250
3904.00 -221.68053597  84.15566710
3906.00 -221.88345274  84.27451908
3908.00 -222.08642260  84.39346845
3910.00 -222.28944548  84.51251521
3912.00 -222.49252134  84.63165937
3914.00 -222.69565010  84.75090095
3916.00 -222.89883171  84.87023995
3918.00 -223.10206612  84.98967637
3920.00 -223.30535325  85.10921024
3922.00 -223.50869307  85.22884155
3924.00 -223.71208549  85.34857031
3926.00 -223.91553047  85.46839653
3928.00 -224.11902795  85.58832022
3930.00 -224.32257787  85.70834139
3932.00 -224.52618017  85.82846004
3934.00 -224.72983478  85.94867619
3936.00 -224.93354166  86.06898983
3938.00 -225.13730074  86.18940099
3940.00 -225.34111197  86.30990966
3942.00 -225.54497528  86.43051586
3944.00 -225.74889062  86.55121959
3946.00 -225.95285792  86.67202085
3948.00 -226.15687714  86.79291967
3950.00 -226.36094820  86.91391604
3952.00 -226.56507105  87.03500997
3954.00 -226.76924564  87.15620147
3956.00 -226.97347190  87.27749055
3958.00 -227.17774978  87.39887722
3960.00 -227.38207921  87.52036147
3962.00 -227.58646014  87.64194333
3964.00 -227.79089251  87.76362279
3966.00 -227.99537625  87.88539987
3968.00 -228.19991132  88.00727456
3970.00 -228.40449765  88.12924689
3972.00 -228.60913519  88.25131685
3974.00 -228.81382387  88.37348445
3976.00 -229.01856364  88.49574970
3978.00 -229.22335443  88.61811261
3980.00 -229.42819620  88.74057318
3982.00 -229.63308887  88.86313142
3984.00 -229.83803240  88.98578734
3986.00 -230.04302672  89.10854095
3988.00 -230.24807178  89.23139224
3990.00 -230.45316751  89.35434123
3992.00 -230.65831386  89.47738793
3994.00 -230.86351077  89.60053233
3996.00 -231.06875818  89.72377446
3998.00 -231.27405603  89.84711431
4000.00 -231.47940426  89.97055189
4002.00 -231.68480283  90.09408720
4004.00 -231.89025165  90.21772026
4006.00 -232.09575069  90.34145107
4008.00 -232.30129987  90.46527964
4010.00 -232.50689915  90.58920597
4012.00 -232.71254845  90.71323007
4014.00 -232.91824774  90.83735194
4016.00 -233.12399693  90.96157160
4018.00 -233.32979599  91.08588904
4020.00 -233.53564484  91.21030428
4022.00 -233.74154343  91.33481731
4024.00 -233.94749171  91.45942816
4026.00 -234.15348961  91.58413681
4028.00 -234.35953707  91.70894329
4030.00 -234.56563404  91.83384759
4032.00 -234.77178046  91.95884971
4034.00 -234.97797627  92.08394968
4036.00 -235.18422142  92.20914748
4038.00 -235.39051583  92.33444313
4040.00 -235.59685946  92.45983664
4042.00 -235.80325225  92.58532800
4044.00 -236.00969413  92.71091723
4046.00 -236.21618506  92.83660433
4048.00 -236.42272497  92.96238931
4050.00 -236.62931380  93.08827216
4052.00 -236.83595149  93.21425291
4054.00 -237.04263800  93.34033154
4056.00 -237.24937325  93.46650807
4058.00 -237.45615719  93.59278251
4060.00 -237.66298977  93.71915485
4062.00 -237.86987092  93.84562511
4064.00 -238.07680059  93.97219329
4066.00 -238.28377871  94.09885939
4068.00 -238.49080524  94.22562342
4070.00 -238.69788010  94.35248538
4072.00 -238.90500325  94.47944528
4074.00 -239.11217463  94.60650313
4076.00 -239.31939417  94.73365893
4078.00 -239.52666183  94.86091268
4080.00 -239.73397753  94.98826439
4082.00 -239.94134122  95.11571407
4084.00 -240.14875286  95.24326171
4086.00 -240.35621236  95.37090733
4088.00 -240.56371969  95.49865093
4090.00 -240.77127478  95.62649251
4092.00 -240.97887757  95.75443208
4094.00 -241.18652801  95.88246964
4096.00 -241.39422603  96.01060520
4098.00 -241.60197158  96.13883876
4100.00 -241.80976461  96.26717033
4102.00 -242.01760504  96.39559991
4104.00 -242.22549283  96.52412751
4106.00 -242.43342792  96.65275312
4108.00 -242.64141025  96.78147676
4110.00 -242.84943976  96.91029843
4112.00 -243.05751639  97.03921813
4114.00 -243.26564008  97.16823587
4116.00 -243.47381079  97.29735165
4118.00 -243.68202844  97.42656548
4120.00 -243.89029299  97.55587736
4122.00 -244.09860437  97.68528729
4124.00 -244.30696253  97.81479527
4126.00 -244.51536740  97.94440132
4128.00 -244.72381894  98.07410544
4130.00 -244.93231708  98.20390763
4132.00 -245.14086176  98.33380789
4134.00 -245.34945294  98.46380622
4136.00 -245.55809054  98.59390264
4138.00 -245.76677451  98.72409715
4140.00 -245.97550480  98.85438974
4142.00 -246.18428134  98.98478043
4144.00 -246.39310408  99.11526921
4146.00 -246.60197297  99.24585610
4148.00 -246.81088793  99.37654108
4150.00 -247.01984893  99.50732418
4152.00 -247.22885589  99.63820538
4154.00 -247.43790876  99.76918470
4156.00 -247.64700748  99.90026214
4158.00 -247.85615200 100.03143770
4160.00 -248.06534226 100.16271138
4162.00 -248.27457819 100.29408319
4164.00 -248.48385975 100.42555314
4166.00 -248.69318688 100.55712121
4168.00 -248.90255951 100.68878743
4170.00 -249.11197759 100.82055178
4172.00 -249.32144106 100.95241428
4174.00 -249.53094987 101.08437492
4176.00 -249.74050396 101.21643372
4178.00 -249.95010326 101.34859067
4180.00 -250.15974773 101.48084577
4182.00 -250.36943730 101.61319904
4184.00 -250.57917193 101.74565046
4186.00 -250.78895154 101.87820005
4188.00 -250.99877608 102.01084781
4190.00 -251.20864550 102.14359374
4192.00 -251.41855973 102.27643784
4194.00 -251.62851873 102.40938012
4196.00 -251.83852243 102.54242057
4198.00 -252.04857078 102.67555921
4200.00 -252.25866371 102.80879603
4202.00 -252.46880118 102.94213103
4204.00 -252.67898312 103.07556423
4206.00 -252.88920947 103.20909561
4208.00 -253.09948019 103.34272519
4210.00 -253.30979521 103.47645297
4212.00 -253.52015447 103.61027894
4214.00 -253.73055792 103.74420311
4216.00 -253.94100550 103.87822549
4218.00 -254.15149715 104.01234607
4220.00 -254.36203282 104.14656486
4222.00 -254.57261245 104.28088186
4224.00 -254.78323598 104.41529707
4226.00 -254.99390335 104.54981050
4228.00 -255.20461451 104.68442214
4230.00 -255.41536940 104.81913199
4232.00 -255.62616797 104.95394007
4234.00 -255.83701015 105.08884637
4236.00 -256.04789589 105.22385090
4238.00 -256.25882513 105.35895364
4240.00 -256.46979781 105.49415462
4242.00 -256.68081389 105.62945383
4244.00 -256.89187329 105.76485126
4246.00 -257.10297597 105.90034693
4248.00 -257.31412186 106.03594083
4250.00 -257.52531092 106.17163297
4252.00 -257.73654307 106.30742335
4254.00 -257.94781828 106.44331196
4256.00 -258.15913647 106.57929882
4258.00 -258.37049759 106.71538392
4260.00 -258.58190159 106.85156726
4262.00 -258.79334840 106.98784885
4264.00 -259.00483798 107.12422868
4266.00 -259.21637026 107.26070676
4268.00 -259.42794519 107.39728309
4270.00 -259.63956271 107.53395767
4272.00 -259.85122276 107.67073050
4274.00 -260.06292529 107.80760158
4276.00 -260.27467024 107.94457092
4278.00 -260.48645755 108.08163851
4280.00 -260.69828717 108.21880436
4282.00 -260.91015904 108.35606846
4284.00 -261.12207310 108.49343082
4286.00 -261.33402930 108.63089144
4288.00 -261.54602758 108.76845033
4290.00 -261.75806788 108.90610747
4292.00 -261.97015015 109.04386287
4294.00 -262.18227433 109.18171654
4296.00 -262.39444036 109.31966846
4298.00 -262.60664818 109.45771866
4300.00 -262.81889775 109.59586711
4302.00 -263.03118900 109.73411384
4304.00 -263.24352187 109.87245882
4306.00 -263.45589632 110.01090208
4308.00 -263.66831228 110.14944360
4310.00 -263.88076969 110.28808339
4312.00 -264.09326851 110.42682144
4314.00 -264.30580867 110.56565777
4316.00 -264.51839011 110.70459236
4318.00 -264.73101279 110.84362523
4320.00 -264.94367664 110.98275636
4322.00 -265.15638161 111.12198576
4324.00 -265.36912764 111.26131343
4326.00 -265.58191468 111.40073937
4328.00 -265.79474266 111.54026359
4330.00 -266.00761153 111.67988607
4332.00 -266.22052124 111.81960682
4334.00 -266.43347174 111.95942585
4336.00 -266.64646295 112.09934314
4338.00 -266.85949483 112.23935871
4340.00 -267.07256732 112.37947254
4342.00 -267.28568036 112.51968465
4344.00 -267.49883390 112.65999503
4346.00 -267.71202789 112.80040367
4348.00 -267.92526225 112.94091059
4350.00 -268.13853695 113.08151578
4352.00 -268.35185192 113.22221924
4354.00 -268.56520711 113.36302096
4356.00 -268.77860245 113.50392096
4358.00 -268.99203790 113.64491922
4360.00 -269.20551340 113.78601576
4362.00 -269.41902889 113.92721056
4364.00 -269.63258431 114.06850362
4366.00 -269.84617962 114.20989496
4368.00 -270.05981475 114.35138456
4370.00 -270.27348964 114.49297242
4372.00 -270.48720425 114.63465855
4374.00 -270.70095851 114.77644295
4376.00 -270.91475237 114.91832561
4378.00 -271.12858577 115.06030653
4380.00 -271.34245866 115.20238571
4382.00 -271.55637098 115.34456316
4384.00 -271.77032268 115.48683887
4386.00 -271.98431369 115.62921283
4388.00 -272.19834397 115.77168505
4390.00 -272.41241346 115.91425554
4392.00 -272.62652209 116.05692427
4394.00 -272.84066982 116.19969127
4396.00 -273.05485660 116.34255652
4398.00 -273.26908235 116.48552002
4400.00 -273.48334703 116.62858177
4402.00 -273.69765059 116.77174178
4404.00 -273.91199296 116.91500003
4406.00 -274.12637409 117.05835654
4408.00 -274.34079392 117.20181129
4410.00 -274.55525241 117.34536429
4412.00 -274.76974948 117.48901553
4414.00 -274.98428509 117.63276502
4416.00 -275.19885919 117.77661275
4418.00 -275.41347171 117.92055872
4420.00 -275.62812260 118.06460292
4422.00 -275.84281181 118.20874537
4424.00 -276.05753927 118.35298605
4426.00 -276.27230493 118.49732497
4428.00 -276.48710875 118.64176212
4430.00 -276.70195065 118.78629750
4432.00 -276.91683060 118.93093110
4434.00 -277.13174852 119.07566294
4436.00 -277.34670437 119.22049300
4438.00 -277.56169808 119.36542129
4440.00 -277.77672961 119.51044780
4442.00 -277.99179890 119.65557253
4444.00 -278.20690589 119.80079548
4446.00 -278.42205053 119.94611664
4448.00 -278.63723276 120.09153602
4450.00 -278.85245253 120.23705361
4452.00 -279.06770978 120.38266941
4454.00 -279.28300446 120.52838342
4456.00 -279.49833650 120.67419563
4458.00 -279.71370586 120.82010605
4460.00 -279.92911248 120.96611467
4462.00 -280.14455630 121.11222150
4464.00 -280.36003727 121.25842651
4466.00 -280.57555534 121.40472973
4468.00 -280.79111044 121.55113113
4470.00 -281.00670253 121.69763073
4472.00 -281.22233155 121.84422851
4474.00 -281.43799743 121.99092448
4476.00 -281.65370014 122.13771863
4478.00 -281.86943960 122.28461096
4480.00 -282.08521577 122.43160147
4482.00 -282.30102860 122.57869016
4484.00 -282.51687802 122.72587701
4486.00 -282.73276398 122.87316204
4488.00 -282.94868643 123.02054524
4490.00 -283.16464531 123.16802660
4492.00 -283.38064056 123.31560612
4494.00 -283.59667214 123.46328380
4496.00 -283.81273998 123.61105963
4498.00 -284.02884403 123.75893362
4500.00 -284.24498424 123.90690576
4502.00 -284.46116055 124.05497605
4504.00 -284.67737291 124.20314448
4506.00 -284.89362125 124.35141105
4508.00 -285.10990553 124.49977576
4510.00 -285.32622569 124.64823861
4512.00 -285.54258168 124.79679959
4514.00 -285.75897344 124.94545870
4516.00 -285.97540091 125.09421593
4518.00 -286.19186405 125.24307129
4520.00 -286.40836279 125.39202476
4522.00 -286.62489709 125.54107635
4524.00 -286.84146688 125.69022606
4526.00 -287.05807211 125.83947387
4528.00 -287.27471273 125.98881979
4530.00 -287.49138868 126.13826381
4532.00 -287.70809991 126.28780594
4534.00 -287.92484636 126.43744615
4536.00 -288.14162798 126.58718446
4538.00 -288.35844472 126.73702086
4540.00 -288.57529651 126.88695535
4542.00 -288.79218331 127.03698791
4544.00 -289.00910505 127.18711855
4546.00 -289.22606169 127.33734727
4548.00 -289.44305318 127.48767406
4550.00 -289.66007944 127.63809891
4552.00 -289.87714044 127.78862183
4554.00 -290.09423611 127.93924280
4556.00 -290.31136641 128.08996183
4558.00 -290.52853127 128.24077892
4560.00 -290.74573065 128.39169405
4562.00 -290.96296449 128.54270722
4564.00 -291.18023273 128.69381843
4566.00 -291.39753531 128.84502768
4568.00 -291.61487220 128.99633496
4570.00 -291.83224332 129.14774026
4572.00 -292.04964863 129.29924359
4574.00 -292.26708807 129.45084494
4576.00 -292.48456159 129.60254430
4578.00 -292.70206914 129.75434167
4580.00 -292.91961065 129.90623705
4582.00 -293.13718608 130.05823043
4584.00 -293.35479536 130.21032181
4586.00 -293.57243845 130.36251118
4588.00 -293.79011530 130.51479854
4590.00 -294.00782584 130.66718388
4592.00 -294.22557003 130.81966720
4594.00 -294.44334780 130.97224850
4596.00 -294.66115911 131.12492777
4598.00 -294.87900390 131.27770501
4600.00 -295.09688211 131.43058020
4602.00 -295.31479370 131.58355336
4604.00 -295.53273861 131.73662446
4606.00 -295.75071678 131.88979352
4608.00 -295.96872816 132.04306051
4610.00 -296.18677270 132.19642545
4612.00 -296.40485034 132.34988832
4614.00 -296.62296103 132.50344911
4616.00 -296.84110471 132.65710783
4618.00 -297.05928133 132.81086447
4620.00 -297.27749084 132.96471902
4622.00 -297.49573318 133.11867148
4624.00 -297.71400830 133.27272185
4626.00 -297.93231614 133.42687011
4628.00 -298.15065665 133.58111627
4630.00 -298.36902978 133.73546031
4632.00 -298.58743548 133.88990224
4634.00 -298.80587368 134.04444205
4636.00 -299.02434433 134.19907973
4638.00 -299.24284739 134.35381527
4640.00 -299.46138280 134.50864868
4642.00 -299.67995050 134.66357995
4644.00 -299.89855043 134.81860907
4646.00 -300.11718256 134.97373604
4648.00 -300.33584682 135.12896084
4650.00 -300.55454315 135.28428349
4652.00 -300.77327152 135.43970396
4654.00 -300.99203185 135.59522226
4656.00 -301.21082410 135.75083837
4658.00 -301.42964822 135.90655230
4660.00 -301.64850414 136.06236404
4662.00 -301.86739183 136.21827358
4664.00 -302.08631122 136.37428092
4666.00 -302.30526225 136.53038605
4668.00 -302.52424489 136.68658896
4670.00 -302.74325906 136.84288965
4672.00 -302.96230473 136.99928812
4674.00 -303.18138183 137.15578435
4676.00 -303.40049032 137.31237835
4678.00 -303.61963014 137.46907010
4680.00 -303.83880123 137.62585961
4682.00 -304.05800354 137.78274686
4684.00 -304.27723702 137.93973184
4686.00 -304.49650162 138.09681456
4688.00 -304.71579728 138.25399501
4690.00 -304.93512395 138.41127317
4692.00 -305.15448158 138.56864905
4694.00 -305.37387011 138.72612264
4696.00 -305.59328948 138.88369393
4698.00 -305.81273966 139.04136291
4700.00 -306.03222058 139.19912958
4702.00 -306.25173218 139.35699394
4704.00 -306.47127443 139.51495597
4706.00 -306.69084725 139.67301568
4708.00 -306.91045061 139.83117304
4710.00 -307.13008444 139.98942807
4712.00 -307.34974870 140.14778075
4714.00 -307.56944333 140.30623107
4716.00 -307.78916828 140.46477903
4718.00 -308.00892349 140.62342462
4720.00 -308.22870891 140.78216784
4722.00 -308.44852450 140.94100867
4724.00 -308.66837019 141.09994712
4726.00 -308.88824593 141.25898317
4728.00 -309.10815167 141.41811682
4730.00 -309.32808736 141.57734806
4732.00 -309.54805294 141.73667689
4734.00 -309.76804836 141.89610330
4736.00 -309.98807358 142.05562728
4738.00 -310.20812853 142.21524882
4740.00 -310.42821316 142.37496792
4742.00 -310.64832742 142.53478457
4744.00 -310.86847126 142.69469876
4746.00 -311.08864462 142.85471050
4748.00 -311.30884745 143.01481976
4750.00 -311.52907970 143.17502654
4752.00 -311.74934132 143.33533084
4754.00 -311.96963226 143.49573265
4756.00 -312.18995245 143.65623196
4758.00 -312.41030185 143.81682877
4760.00 -312.63068041 143.97752306
4762.00 -312.85108807 144.13831484
4764.00 -313.07152478 144.29920408
4766.00 -313.29199049 144.46019079
4768.00 -313.51248514 144.62127496
4770.00 -313.73300869 144.78245658
4772.00 -313.95356108 144.94373565
4774.00 -314.17414225 145.10511215
4776.00 -314.39475216 145.26658608
4778.00 -314.61539075 145.42815742
4780.00 -314.83605798 145.58982619
4782.00 -315.05675378 145.75159236
4784.00 -315.27747811 145.91345593
4786.00 -315.49823091 146.07541688
4788.00 -315.71901213 146.23747523
4790.00 -315.93982172 146.39963095
4792.00 -316.16065962 146.56188403
4794.00 -316.38152579 146.72423448
4796.00 -316.60242017 146.88668228
4798.00 -316.82334271 147.04922742
4800.00 -317.04429336 147.21186990
4802.00 -317.26527206 147.37460971
4804.00 -317.48627877 147.53744684
4806.00 -317.70731343 147.70038128
4808.00 -317.92837598 147.86341303
4810.00 -318.14946638 148.02654208
4812.00 -318.37058458 148.18976842
4814.00 -318.59173052 148.35309204
4816.00 -318.81290414 148.51651293
4818.00 -319.03410541 148.68003108
4820.00 -319.25533426 148.84364650
4822.00 -319.47659065 149.00735916
4824.00 -319.69787452 149.17116906
4826.00 -319.91918581 149.33507620
4828.00 -320.14052449 149.49908056
4830.00 -320.36189049 149.66318213
4832.00 -320.58328377 149.82738092
4834.00 -320.80470427 149.99167690
4836.00 -321.02615194 150.15607007
4838.00 -321.24762672 150.32056043
4840.00 -321.46912858 150.48514796
4842.00 -321.69065745 150.64983266
4844.00 -321.91221328 150.81461452
4846.00 -322.13379603 150.97949352
4848.00 -322.35540563 151.14446966
4850.00 -322.57704204 151.30954294
4852.00 -322.79870521 151.47471334
4854.00 -323.02039509 151.63998085
4856.00 -323.24211161 151.80534547
4858.00 -323.46385474 151.97080718
4860.00 -323.68562442 152.13636599
4862.00 -323.90742059 152.30202187
4864.00 -324.12924321 152.46777483
4866.00 -324.35109223 152.63362485
4868.00 -324.57296759 152.79957192
4870.00 -324.79486924 152.96561603
4872.00 -325.01679714 153.13175718
4874.00 -325.23875122 153.29799536
4876.00 -325.46073144 153.46433055
4878.00 -325.68273774 153.63076275
4880.00 -325.90477008 153.79729196
4882.00 -326.12682841 153.96391815
4884.00 -326.34891266 154.13064132
4886.00 -326.57102280 154.29746147
4888.00 -326.79315876 154.46437858
4890.00 -327.01532051 154.63139264
4892.00 -327.23750797 154.79850365
4894.00 -327.45972112 154.96571160
4896.00 -327.68195989 155.13301647
4898.00 -327.90422423 155.30041825
4900.00 -328.12651409 155.46791695
4902.00 -328.34882943 155.63551254
4904.00 -328.57117018 155.80320503
4906.00 -328.79353630 155.97099439
4908.00 -329.01592774 156.13888062
4910.00 -329.23834444 156.30686371
4912.00 -329.46078636 156.47494366
4914.00 -329.68325344 156.64312045
4916.00 -329.90574564 156.81139406
4918.00 -330.12826290 156.97976451
4920.00 -330.35080516 157.14823176
4922.00 -330.57337239 157.31679582
4924.00 -330.79596453 157.48545667
4926.00 -331.01858152 157.65421430
4928.00 -331.24122332 157.82306871
4930.00 -331.46388988 157.99201989
4932.00 -331.68658114 158.16106781
4934.00 -331.90929706 158.33021249
4936.00 -332.13203758 158.49945390
4938.00 -332.35480265 158.66879203
4940.00 -332.57759223 158.83822688
4942.00 -332.80040625 159.00775843
4944.00 -333.02324468 159.17738668
4946.00 -333.24610746 159.34711162
4948.00 -333.46899453 159.51693323
4950.00 -333.69190585 159.68685151
4952.00 -333.91484138 159.85686644
4954.00 -334.13780104 160.02697801
4956.00 -334.36078481 160.19718623
4958.00 -334.58379262 160.36749106
4960.00 -334.80682442 160.53789251
4962.00 -335.02988017 160.70839057
4964.00 -335.25295982 160.87898522
4966.00 -335.47606331 161.04967645
4968.00 -335.69919059 161.22046426
4970.00 -335.92234161 161.39134863
4972.00 -336.14551633 161.56232956
4974.00 -336.36871468 161.73340703
4976.00 -336.59193663 161.90458103
4978.00 -336.81518212 162.07585155
4980.00 -337.03845110 162.24721858
4982.00 -337.26174353 162.41868211
4984.00 -337.48505934 162.59024214
4986.00 -337.70839849 162.76189864
4988.00 -337.93176093 162.93365162
4990.00 -338.15514661 163.10550105
4992.00 -338.37855548 163.27744693
4994.00 -338.60198748 163.44948924
4996.00 -338.82544258 163.62162799
4998.00 -339.04892071 163.79386315
5000.00 -339.27242184 163.96619471
