wavelength(nm)         real         imag
200.00   3.67550158   0.00429057
201.00   3.67325181   0.00435524
202.00   3.67099084   0.00442055
203.00   3.66871867   0.00448651
204.00   3.66643529   0.00455312
205.00   3.66414071   0.00462039
206.00   3.66183492   0.00468832
207.00   3.65951793   0.00475691
208.00   3.65718974   0.00482617
209.00   3.65485035   0.00489609
210.00   3.65249975   0.00496669
211.00   3.65013796   0.00503796
212.00   3.64776496   0.00510991
213.00   3.64538076   0.00518254
214.00   3.64298536   0.00525586
215.00   3.64057875   0.00532986
216.00   3.63816095   0.00540456
217.00   3.63573195   0.00547995
218.00   3.63329174   0.00555603
219.00   3.63084034   0.00563282
220.00   3.62837774   0.00571031
221.00   3.62590394   0.00578851
222.00   3.62341893   0.00586742
223.00   3.62092273   0.00594705
224.00   3.61841534   0.00602739
225.00   3.61589674   0.00610845
226.00   3.61336695   0.00619023
227.00   3.61082595   0.00627274
228.00   3.60827376   0.00635598
229.00   3.60571038   0.00643995
230.00   3.60313579   0.00652466
231.00   3.60055002   0.00661010
232.00   3.59795304   0.00669629
233.00   3.59534487   0.00678323
234.00   3.59272550   0.00687091
235.00   3.59009494   0.00695935
236.00   3.58745318   0.00704854
237.00   3.58480023   0.00713849
238.00   3.58213608   0.00722920
239.00   3.57946074   0.00732067
240.00   3.57677420   0.00741292
241.00   3.57407647   0.00750593
242.00   3.57136755   0.00759972
243.00   3.56864743   0.00769429
244.00   3.56591613   0.00778964
245.00   3.56317363   0.00788577
246.00   3.56041993   0.00798269
247.00   3.55765505   0.00808040
248.00   3.55487897   0.00817890
249.00   3.55209170   0.00827820
250.00   3.54929325   0.00837830
251.00   3.54648360   0.00847921
252.00   3.54366276   0.00858092
253.00   3.54083073   0.00868344
254.00   3.53798751   0.00878677
255.00   3.53513310   0.00889092
256.00   3.53226750   0.00899589
257.00   3.52939072   0.00910168
258.00   3.52650274   0.00920829
259.00   3.52360358   0.00931574
260.00   3.52069323   0.00942401
261.00   3.51777169   0.00953313
262.00   3.51483897   0.00964308
263.00   3.51189505   0.00975387
264.00   3.50893996   0.00986550
265.00   3.50597367   0.00997799
266.00   3.50299620   0.01009133
267.00   3.50000754   0.01020552
268.00   3.49700770   0.01032056
269.00   3.49399668   0.01043647
270.00   3.49097446   0.01055325
271.00   3.48794107   0.01067089
272.00   3.48489649   0.01078940
273.00   3.48184073   0.01090878
274.00   3.47877378   0.01102904
275.00   3.47569565   0.01115019
276.00   3.47260634   0.01127221
277.00   3.46950585   0.01139512
278.00   3.46639417   0.01151892
279.00   3.46327131   0.01164362
280.00   3.46013728   0.01176920
281.00   3.45699206   0.01189569
282.00   3.45383566   0.01202308
283.00   3.45066808   0.01215138
284.00   3.44748932   0.01228059
285.00   3.44429938   0.01241070
286.00   3.44109826   0.01254174
287.00   3.43788596   0.01267369
288.00   3.43466249   0.01280656
289.00   3.43142783   0.01294036
290.00   3.42818200   0.01307508
291.00   3.42492499   0.01321074
292.00   3.42165681   0.01334733
293.00   3.41837744   0.01348486
294.00   3.41508691   0.01362333
295.00   3.41178519   0.01376274
296.00   3.40847230   0.01390310
297.00   3.40514823   0.01404441
298.00   3.40181299   0.01418667
299.00   3.39846658   0.01432989
300.00   3.39510899   0.01447408
301.00   3.39174023   0.01461922
302.00   3.38836029   0.01476533
303.00   3.38496918   0.01491241
304.00   3.38156690   0.01506046
305.00   3.37815344   0.01520949
306.00   3.37472882   0.01535949
307.00   3.37129302   0.01551048
308.00   3.36784605   0.01566246
309.00   3.36438791   0.01581542
310.00   3.36091860   0.01596938
311.00   3.35743812   0.01612433
312.00   3.35394647   0.01628028
313.00   3.35044365   0.01643722
314.00   3.34692967   0.01659518
315.00   3.34340451   0.01675414
316.00   3.33986818   0.01691411
317.00   3.33632069   0.01707510
318.00   3.33276203   0.01723711
319.00   3.32919221   0.01740013
320.00   3.32561121   0.01756418
321.00   3.32201905   0.01772926
322.00   3.31841573   0.01789536
323.00   3.31480124   0.01806250
324.00   3.31117558   0.01823068
325.00   3.30753876   0.01839989
326.00   3.30389078   0.01857015
327.00   3.30023163   0.01874145
328.00   3.29656132   0.01891381
329.00   3.29287985   0.01908721
330.00   3.28918721   0.01926167
331.00   3.28548341   0.01943719
332.00   3.28176845   0.01961377
333.00   3.27804233   0.01979142
334.00   3.27430504   0.01997014
335.00   3.27055660   0.02014992
336.00   3.26679700   0.02033079
337.00   3.26302623   0.02051273
338.00   3.25924431   0.02069575
339.00   3.25545123   0.02087985
340.00   3.25164699   0.02106504
341.00   3.24783159   0.02125133
342.00   3.24400503   0.02143871
343.00   3.24016732   0.02162718
344.00   3.23631845   0.02181675
345.00   3.23245842   0.02200743
346.00   3.22858724   0.02219922
347.00   3.22470490   0.02239211
348.00   3.22081141   0.02258612
349.00   3.21690676   0.02278124
350.00   3.21299096   0.02297748
351.00   3.20906400   0.02317485
352.00   3.20512589   0.02337334
353.00   3.20117663   0.02357296
354.00   3.19721621   0.02377371
355.00   3.19324464   0.02397560
356.00   3.18926192   0.02417862
357.00   3.18526805   0.02438279
358.00   3.18126303   0.02458810
359.00   3.17724686   0.02479456
360.00   3.17321954   0.02500217
361.00   3.16918107   0.02521093
362.00   3.16513145   0.02542086
363.00   3.16107068   0.02563194
364.00   3.15699876   0.02584419
365.00   3.15291570   0.02605760
366.00   3.14882148   0.02627218
367.00   3.14471613   0.02648794
368.00   3.14059962   0.02670488
369.00   3.13647197   0.02692299
370.00   3.13233317   0.02714229
371.00   3.12818323   0.02736277
372.00   3.12402214   0.02758444
373.00   3.11984991   0.02780731
374.00   3.11566654   0.02803137
375.00   3.11147202   0.02825663
376.00   3.10726636   0.02848309
377.00   3.10304956   0.02871075
378.00   3.09882161   0.02893963
379.00   3.09458253   0.02916972
380.00   3.09033230   0.02940102
381.00   3.08607093   0.02963354
382.00   3.08179843   0.02986728
383.00   3.07751478   0.03010224
384.00   3.07321999   0.03033843
385.00   3.06891407   0.03057585
386.00   3.06459700   0.03081451
387.00   3.06026880   0.03105440
388.00   3.05592947   0.03129554
389.00   3.05157899   0.03153791
390.00   3.04721738   0.03178154
391.00   3.04284463   0.03202641
392.00   3.03846075   0.03227253
393.00   3.03406574   0.03251992
394.00   3.02965959   0.03276856
395.00   3.02524230   0.03301846
396.00   3.02081388   0.03326963
397.00   3.01637433   0.03352206
398.00   3.01192365   0.03377577
399.00   3.00746183   0.03403076
400.00   3.00298889   0.03428702
401.00   2.99850481   0.03454456
402.00   2.99400960   0.03480339
403.00   2.98950326   0.03506351
404.00   2.98498580   0.03532492
405.00   2.98045720   0.03558762
406.00   2.97591747   0.03585162
407.00   2.97136662   0.03611691
408.00   2.96680464   0.03638352
409.00   2.96223153   0.03665143
410.00   2.95764730   0.03692064
411.00   2.95305194   0.03719118
412.00   2.94844545   0.03746302
413.00   2.94382784   0.03773619
414.00   2.93919911   0.03801068
415.00   2.93455925   0.03828650
416.00   2.92990827   0.03856364
417.00   2.92524616   0.03884212
418.00   2.92057293   0.03912193
419.00   2.91588858   0.03940309
420.00   2.91119311   0.03968558
421.00   2.90648652   0.03996942
422.00   2.90176881   0.04025460
423.00   2.89703998   0.04054114
424.00   2.89230002   0.04082903
425.00   2.88754895   0.04111828
426.00   2.88278676   0.04140888
427.00   2.87801346   0.04170086
428.00   2.87322903   0.04199420
429.00   2.86843349   0.04228891
430.00   2.86362683   0.04258499
431.00   2.85880906   0.04288245
432.00   2.85398017   0.04318129
433.00   2.84914017   0.04348151
434.00   2.84428905   0.04378312
435.00   2.83942682   0.04408612
436.00   2.83455348   0.04439050
437.00   2.82966902   0.04469629
438.00   2.82477345   0.04500347
439.00   2.81986677   0.04531206
440.00   2.81494898   0.04562205
441.00   2.81002008   0.04593345
442.00   2.80508007   0.04624625
443.00   2.80012895   0.04656048
444.00   2.79516672   0.04687612
445.00   2.79019338   0.04719318
446.00   2.78520894   0.04751167
447.00   2.78021338   0.04783158
448.00   2.77520672   0.04815292
449.00   2.77018896   0.04847570
450.00   2.76516009   0.04879991
451.00   2.76012011   0.04912557
452.00   2.75506903   0.04945266
453.00   2.75000685   0.04978120
454.00   2.74493356   0.05011119
455.00   2.73984917   0.05044264
456.00   2.73475368   0.05077554
457.00   2.72964708   0.05110989
458.00   2.72452939   0.05144571
459.00   2.71940059   0.05178300
460.00   2.71426069   0.05212175
461.00   2.70910970   0.05246197
462.00   2.70394760   0.05280367
463.00   2.69877441   0.05314685
464.00   2.69359012   0.05349150
465.00   2.68839473   0.05383764
466.00   2.68318825   0.05418527
467.00   2.67797067   0.05453439
468.00   2.67274199   0.05488500
469.00   2.66750222   0.05523711
470.00   2.66225135   0.05559071
471.00   2.65698939   0.05594582
472.00   2.65171634   0.05630244
473.00   2.64643220   0.05666057
474.00   2.64113696   0.05702020
475.00   2.63583063   0.05738136
476.00   2.63051321   0.05774403
477.00   2.62518470   0.05810822
478.00   2.61984510   0.05847394
479.00   2.61449441   0.05884119
480.00   2.60913263   0.05920996
481.00   2.60375977   0.05958028
482.00   2.59837582   0.05995213
483.00   2.59298078   0.06032552
484.00   2.58757465   0.06070045
485.00   2.58215744   0.06107693
486.00   2.57672914   0.06145496
487.00   2.57128976   0.06183455
488.00   2.56583929   0.06221569
489.00   2.56037775   0.06259839
490.00   2.55490511   0.06298265
491.00   2.54942140   0.06336848
492.00   2.54392661   0.06375588
493.00   2.53842073   0.06414485
494.00   2.53290377   0.06453539
495.00   2.52737574   0.06492752
496.00   2.52183662   0.06532122
497.00   2.51628643   0.06571651
498.00   2.51072516   0.06611339
499.00   2.50515281   0.06651186
500.00   2.49956938   0.06691193
501.00   2.49397488   0.06731359
502.00   2.48836931   0.06771685
503.00   2.48275265   0.06812171
504.00   2.47712493   0.06852819
505.00   2.47148613   0.06893627
506.00   2.46583626   0.06934596
507.00   2.46017531   0.06975728
508.00   2.45450329   0.07017021
509.00   2.44882021   0.07058476
510.00   2.44312605   0.07100094
511.00   2.43742082   0.07141875
512.00   2.43170452   0.07183819
513.00   2.42597715   0.07225926
514.00   2.42023872   0.07268197
515.00   2.41448922   0.07310633
516.00   2.40872865   0.07353233
517.00   2.40295701   0.07395997
518.00   2.39717431   0.07438927
519.00   2.39138055   0.07482022
520.00   2.38557572   0.07525283
521.00   2.37975982   0.07568710
522.00   2.37393286   0.07612303
523.00   2.36809485   0.07656063
524.00   2.36224576   0.07699990
525.00   2.35638562   0.07744084
526.00   2.35051442   0.07788346
527.00   2.34463216   0.07832775
528.00   2.33873884   0.07877373
529.00   2.33283445   0.07922139
530.00   2.32691902   0.07967075
531.00   2.32099252   0.08012179
532.00   2.31505497   0.08057453
533.00   2.30910636   0.08102896
534.00   2.30314670   0.08148510
535.00   2.29717598   0.08194294
536.00   2.29119421   0.08240249
537.00   2.28520138   0.08286375
538.00   2.27919750   0.08332672
539.00   2.27318257   0.08379141
540.00   2.26715659   0.08425782
541.00   2.26111956   0.08472595
542.00   2.25507147   0.08519581
543.00   2.24901234   0.08566740
544.00   2.24294216   0.08614072
545.00   2.23686093   0.08661578
546.00   2.23076865   0.08709257
547.00   2.22466533   0.08757111
548.00   2.21855096   0.08805139
549.00   2.21242554   0.08853342
550.00   2.20628908   0.08901720
551.00   2.20014158   0.08950273
552.00   2.19398303   0.08999002
553.00   2.18781344   0.09047907
554.00   2.18163280   0.09096989
555.00   2.17544113   0.09146247
556.00   2.16923841   0.09195683
557.00   2.16302466   0.09245295
558.00   2.15679986   0.09295085
559.00   2.15056403   0.09345054
560.00   2.14431715   0.09395200
561.00   2.13805924   0.09445525
562.00   2.13179030   0.09496029
563.00   2.12551031   0.09546712
564.00   2.11921930   0.09597574
565.00   2.11291724   0.09648617
566.00   2.10660416   0.09699839
567.00   2.10028004   0.09751242
568.00   2.09394488   0.09802825
569.00   2.08759870   0.09854590
570.00   2.08124148   0.09906536
571.00   2.07487324   0.09958664
572.00   2.06849396   0.10010974
573.00   2.06210365   0.10063466
574.00   2.05570232   0.10116140
575.00   2.04928996   0.10168998
576.00   2.04286657   0.10222039
577.00   2.03643215   0.10275263
578.00   2.02998671   0.10328672
579.00   2.02353024   0.10382264
580.00   2.01706275   0.10436041
581.00   2.01058424   0.10490003
582.00   2.00409470   0.10544150
583.00   1.99759414   0.10598482
584.00   1.99108256   0.10653000
585.00   1.98455996   0.10707704
586.00   1.97802633   0.10762595
587.00   1.97148169   0.10817672
588.00   1.96492603   0.10872936
589.00   1.95835935   0.10928387
590.00   1.95178166   0.10984027
591.00   1.94519294   0.11039854
592.00   1.93859322   0.11095869
593.00   1.93198247   0.11152073
594.00   1.92536072   0.11208465
595.00   1.91872794   0.11265047
596.00   1.91208416   0.11321818
597.00   1.90542936   0.11378780
598.00   1.89876356   0.11435931
599.00   1.89208674   0.11493273
600.00   1.88539891   0.11550805
601.00   1.87870007   0.11608528
602.00   1.87199022   0.11666443
603.00   1.86526937   0.11724550
604.00   1.85853751   0.11782848
605.00   1.85179464   0.11841339
606.00   1.84504076   0.11900022
607.00   1.83827589   0.11958898
608.00   1.83150000   0.12017968
609.00   1.82471312   0.12077231
610.00   1.81791523   0.12136688
611.00   1.81110633   0.12196339
612.00   1.80428644   0.12256184
613.00   1.79745555   0.12316224
614.00   1.79061366   0.12376460
615.00   1.78376076   0.12436891
616.00   1.77689687   0.12497517
617.00   1.77002198   0.12558339
618.00   1.76313610   0.12619358
619.00   1.75623922   0.12680574
620.00   1.74933134   0.12741986
621.00   1.74241247   0.12803596
622.00   1.73548261   0.12865403
623.00   1.72854175   0.12927408
624.00   1.72158990   0.12989612
625.00   1.71462706   0.13052013
626.00   1.70765322   0.13114614
627.00   1.70066840   0.13177414
628.00   1.69367259   0.13240413
629.00   1.68666579   0.13303612
630.00   1.67964800   0.13367011
631.00   1.67261923   0.13430611
632.00   1.66557946   0.13494411
633.00   1.65852872   0.13558412
634.00   1.65146699   0.13622614
635.00   1.64439427   0.13687018
636.00   1.63731057   0.13751624
637.00   1.63021589   0.13816432
638.00   1.62311023   0.13881443
639.00   1.61599358   0.13946657
640.00   1.60886596   0.14012073
641.00   1.60172735   0.14077694
642.00   1.59457777   0.14143518
643.00   1.58741721   0.14209546
644.00   1.58024567   0.14275778
645.00   1.57306316   0.14342215
646.00   1.56586967   0.14408858
647.00   1.55866521   0.14475705
648.00   1.55144977   0.14542759
649.00   1.54422336   0.14610018
650.00   1.53698598   0.14677483
651.00   1.52973762   0.14745155
652.00   1.52247830   0.14813034
653.00   1.51520800   0.14881120
654.00   1.50792674   0.14949414
655.00   1.50063450   0.15017915
656.00   1.49333130   0.15086625
657.00   1.48601714   0.15155542
658.00   1.47869200   0.15224669
659.00   1.47135590   0.15294005
660.00   1.46400884   0.15363550
661.00   1.45665081   0.15433305
662.00   1.44928182   0.15503269
663.00   1.44190187   0.15573444
664.00   1.43451096   0.15643830
665.00   1.42710909   0.15714427
666.00   1.41969625   0.15785234
667.00   1.41227246   0.15856254
668.00   1.40483771   0.15927485
669.00   1.39739200   0.15998928
670.00   1.38993534   0.16070584
671.00   1.38246772   0.16142452
672.00   1.37498915   0.16214533
673.00   1.36749962   0.16286828
674.00   1.35999913   0.16359337
675.00   1.35248770   0.16432059
676.00   1.34496531   0.16504996
677.00   1.33743198   0.16578148
678.00   1.32988769   0.16651514
679.00   1.32233246   0.16725096
680.00   1.31476627   0.16798893
681.00   1.30718914   0.16872906
682.00   1.29960106   0.16947135
683.00   1.29200204   0.17021581
684.00   1.28439207   0.17096243
685.00   1.27677116   0.17171122
686.00   1.26913930   0.17246219
687.00   1.26149650   0.17321534
688.00   1.25384276   0.17397066
689.00   1.24617808   0.17472817
690.00   1.23850245   0.17548787
691.00   1.23081589   0.17624975
692.00   1.22311839   0.17701383
693.00   1.21540996   0.17778010
694.00   1.20769058   0.17854857
695.00   1.19996027   0.17931924
696.00   1.19221903   0.18009212
697.00   1.18446685   0.18086720
698.00   1.17670373   0.18164450
699.00   1.16892969   0.18242401
700.00   1.16114471   0.18320573
701.00   1.15334880   0.18398968
702.00   1.14554196   0.18477585
703.00   1.13772420   0.18556424
704.00   1.12989550   0.18635487
705.00   1.12205588   0.18714773
706.00   1.11420533   0.18794282
707.00   1.10634385   0.18874015
708.00   1.09847145   0.18953972
709.00   1.09058813   0.19034154
710.00   1.08269388   0.19114561
711.00   1.07478871   0.19195192
712.00   1.06687262   0.19276049
713.00   1.05894560   0.19357132
714.00   1.05100767   0.19438441
715.00   1.04305882   0.19519976
716.00   1.03509905   0.19601737
717.00   1.02712836   0.19683726
718.00   1.01914676   0.19765942
719.00   1.01115424   0.19848385
720.00   1.00315080   0.19931056
721.00   0.99513646   0.20013956
722.00   0.98711120   0.20097084
723.00   0.97907502   0.20180440
724.00   0.97102794   0.20264026
725.00   0.96296994   0.20347841
726.00   0.95490104   0.20431886
727.00   0.94682123   0.20516160
728.00   0.93873051   0.20600665
729.00   0.93062888   0.20685401
730.00   0.92251635   0.20770367
731.00   0.91439291   0.20855565
732.00   0.90625857   0.20940995
733.00   0.89811332   0.21026656
734.00   0.88995717   0.21112549
735.00   0.88179012   0.21198675
736.00   0.87361217   0.21285033
737.00   0.86542332   0.21371625
738.00   0.85722357   0.21458450
739.00   0.84901293   0.21545508
740.00   0.84079138   0.21632801
741.00   0.83255894   0.21720327
742.00   0.82431560   0.21808089
743.00   0.81606137   0.21896085
744.00   0.80779625   0.21984317
745.00   0.79952023   0.22072784
746.00   0.79123332   0.22161487
747.00   0.78293552   0.22250426
748.00   0.77462683   0.22339601
749.00   0.76630725   0.22429013
750.00   0.75797679   0.22518662
751.00   0.74963543   0.22608549
752.00   0.74128319   0.22698673
753.00   0.73292006   0.22789035
754.00   0.72454605   0.22879635
755.00   0.71616116   0.22970474
756.00   0.70776538   0.23061552
757.00   0.69935872   0.23152869
758.00   0.69094118   0.23244426
759.00   0.68251276   0.23336222
760.00   0.67407346   0.23428258
761.00   0.66562328   0.23520535
762.00   0.65716222   0.23613052
763.00   0.64869029   0.23705811
764.00   0.64020748   0.23798811
765.00   0.63171380   0.23892052
766.00   0.62320924   0.23985535
767.00   0.61469381   0.24079261
768.00   0.60616751   0.24173229
769.00   0.59763034   0.24267440
770.00   0.58908230   0.24361894
771.00   0.58052339   0.24456591
772.00   0.57195361   0.24551533
773.00   0.56337296   0.24646718
774.00   0.55478145   0.24742147
775.00   0.54617907   0.24837822
776.00   0.53756582   0.24933741
777.00   0.52894172   0.25029906
778.00   0.52030675   0.25126316
779.00   0.51166092   0.25222972
780.00   0.50300422   0.25319874
781.00   0.49433667   0.25417023
782.00   0.48565826   0.25514418
783.00   0.47696899   0.25612061
784.00   0.46826887   0.25709951
785.00   0.45955789   0.25808089
786.00   0.45083605   0.25906475
787.00   0.44210336   0.26005109
788.00   0.43335981   0.26103991
789.00   0.42460542   0.26203123
790.00   0.41584017   0.26302504
791.00   0.40706407   0.26402134
792.00   0.39827712   0.26502015
793.00   0.38947932   0.26602145
794.00   0.38067068   0.26702526
795.00   0.37185119   0.26803157
796.00   0.36302085   0.26904040
797.00   0.35417967   0.27005174
798.00   0.34532764   0.27106560
799.00   0.33646477   0.27208197
800.00   0.32759106   0.27310087
801.00   0.31870651   0.27412230
802.00   0.30981112   0.27514625
803.00   0.30090489   0.27617274
804.00   0.29198782   0.27720176
805.00   0.28305992   0.27823331
806.00   0.27412117   0.27926741
807.00   0.26517160   0.28030406
808.00   0.25621119   0.28134325
809.00   0.24723994   0.28238499
810.00   0.23825786   0.28342928
811.00   0.22926496   0.28447613
812.00   0.22026122   0.28552553
813.00   0.21124665   0.28657750
814.00   0.20222125   0.28763204
815.00   0.19318503   0.28868914
816.00   0.18413798   0.28974882
817.00   0.17508010   0.29081107
818.00   0.16601140   0.29187589
819.00   0.15693188   0.29294330
820.00   0.14784153   0.29401329
821.00   0.13874036   0.29508586
822.00   0.12962837   0.29616103
823.00   0.12050557   0.29723879
824.00   0.11137194   0.29831914
825.00   0.10222749   0.29940209
826.00   0.09307223   0.30048764
827.00   0.08390615   0.30157580
828.00   0.07472926   0.30266657
829.00   0.06554156   0.30375994
830.00   0.05634304   0.30485593
831.00   0.04713371   0.30595454
832.00   0.03791357   0.30705576
833.00   0.02868261   0.30815961
834.00   0.01944085   0.30926608
835.00   0.01018829   0.31037518
836.00   0.00092491   0.31148692
837.00  -0.00834927   0.31260129
838.00  -0.01763425   0.31371829
839.00  -0.02693004   0.31483794
840.00  -0.03623663   0.31596023
841.00  -0.04555403   0.31708517
842.00  -0.05488222   0.31821275
843.00  -0.06422122   0.31934299
844.00  -0.07357101   0.32047589
845.00  -0.08293160   0.32161144
846.00  -0.09230299   0.32274966
847.00  -0.10168517   0.32389054
848.00  -0.11107815   0.32503409
849.00  -0.12048192   0.32618031
850.00  -0.12989649   0.32732920
851.00  -0.13932184   0.32848077
852.00  -0.14875799   0.32963502
853.00  -0.15820493   0.33079195
854.00  -0.16766265   0.33195157
855.00  -0.17713117   0.33311388
856.00  -0.18661047   0.33427888
857.00  -0.19610055   0.33544658
858.00  -0.20560142   0.33661697
859.00  -0.21511308   0.33779006
860.00  -0.22463551   0.33896586
861.00  -0.23416873   0.34014437
862.00  -0.24371273   0.34132558
863.00  -0.25326751   0.34250951
864.00  -0.26283307   0.34369615
865.00  -0.27240940   0.34488552
866.00  -0.28199651   0.34607760
867.00  -0.29159440   0.34727241
868.00  -0.30120306   0.34846995
869.00  -0.31082249   0.34967022
870.00  -0.32045270   0.35087322
871.00  -0.33009368   0.35207896
872.00  -0.33974542   0.35328744
873.00  -0.34940794   0.35449866
874.00  -0.35908123   0.35571263
875.00  -0.36876528   0.35692935
876.00  -0.37846010   0.35814882
877.00  -0.38816568   0.35937105
878.00  -0.39788203   0.36059603
879.00  -0.40760914   0.36182377
880.00  -0.41734701   0.36305428
881.00  -0.42709565   0.36428756
882.00  -0.43685504   0.36552360
883.00  -0.44662519   0.36676242
884.00  -0.45640610   0.36800401
885.00  -0.46619777   0.36924839
886.00  -0.47600019   0.37049554
887.00  -0.48581337   0.37174548
888.00  -0.49563730   0.37299821
889.00  -0.50547198   0.37425373
890.00  -0.51531742   0.37551204
891.00  -0.52517360   0.37677315
892.00  -0.53504053   0.37803706
893.00  -0.54491822   0.37930378
894.00  -0.55480665   0.38057330
895.00  -0.56470582   0.38184562
896.00  -0.57461574   0.38312076
897.00  -0.58453641   0.38439872
898.00  -0.59446782   0.38567949
899.00  -0.60440997   0.38696308
900.00  -0.61436286   0.38824950
901.00  -0.62432649   0.38953875
902.00  -0.63430086   0.39083082
903.00  -0.64428596   0.39212573
904.00  -0.65428181   0.39342347
905.00  -0.66428838   0.39472405
906.00  -0.67430570   0.39602747
907.00  -0.68433374   0.39733374
908.00  -0.69437252   0.39864286
909.00  -0.70442203   0.39995483
910.00  -0.71448227   0.40126965
911.00  -0.72455324   0.40258732
912.00  -0.73463494   0.40390786
913.00  -0.74472736   0.40523126
914.00  -0.75483051   0.40655752
915.00  -0.76494439   0.40788666
916.00  -0.77506899   0.40921866
917.00  -0.78520431   0.41055354
918.00  -0.79535035   0.41189130
919.00  -0.80550711   0.41323194
920.00  -0.81567460   0.41457546
921.00  -0.82585280   0.41592187
922.00  -0.83604171   0.41727116
923.00  -0.84624135   0.41862335
924.00  -0.85645169   0.41997844
925.00  -0.86667276   0.42133642
926.00  -0.87690453   0.42269731
927.00  -0.88714702   0.42406110
928.00  -0.89740022   0.42542779
929.00  -0.90766412   0.42679740
930.00  -0.91793874   0.42816992
931.00  -0.92822406   0.42954536
932.00  -0.93852009   0.43092371
933.00  -0.94882682   0.43230499
934.00  -0.95914426   0.43368920
935.00  -0.96947240   0.43507633
936.00  -0.97981124   0.43646639
937.00  -0.99016078   0.43785939
938.00  -1.00052103   0.43925532
939.00  -1.01089197   0.44065419
940.00  -1.02127360   0.44205601
941.00  -1.03166594   0.44346077
942.00  -1.04206897   0.44486848
943.00  -1.05248269   0.44627915
944.00  -1.06290711   0.44769276
945.00  -1.07334221   0.44910934
946.00  -1.08378801   0.45052888
947.00  -1.09424450   0.45195138
948.00  -1.10471168   0.45337684
949.00  -1.11518954   0.45480528
950.00  -1.12567809   0.45623669
951.00  -1.13617733   0.45767107
952.00  -1.14668724   0.45910844
953.00  -1.15720785   0.46054878
954.00  -1.16773913   0.46199211
955.00  -1.17828109   0.46343843
956.00  -1.18883374   0.46488773
957.00  -1.19939706   0.46634003
958.00  -1.20997106   0.46779533
959.00  -1.22055573   0.46925363
960.00  -1.23115108   0.47071493
961.00  -1.24175710   0.47217923
962.00  -1.25237380   0.47364654
963.00  -1.26300117   0.47511686
964.00  -1.27363921   0.47659020
965.00  -1.28428791   0.47806655
966.00  -1.29494729   0.47954593
967.00  -1.30561733   0.48102832
968.00  -1.31629804   0.48251374
969.00  -1.32698941   0.48400219
970.00  -1.33769145   0.48549368
971.00  -1.34840415   0.48698819
972.00  -1.35912751   0.48848575
973.00  -1.36986153   0.48998635
974.00  -1.38060620   0.49148998
975.00  -1.39136154   0.49299667
976.00  -1.40212753   0.49450641
977.00  -1.41290418   0.49601919
978.00  -1.42369149   0.49753504
979.00  -1.43448944   0.49905394
980.00  -1.44529805   0.50057590
981.00  -1.45611731   0.50210093
982.00  -1.46694722   0.50362902
983.00  -1.47778778   0.50516018
984.00  -1.48863898   0.50669442
985.00  -1.49950083   0.50823173
986.00  -1.51037333   0.50977212
987.00  -1.52125647   0.51131560
988.00  -1.53215025   0.51286215
989.00  -1.54305468   0.51441180
990.00  -1.55396974   0.51596454
991.00  -1.56489545   0.51752037
992.00  -1.57583179   0.51907929
993.00  -1.58677877   0.52064132
994.00  -1.59773639   0.52220645
995.00  -1.60870464   0.52377468
996.00  -1.61968352   0.52534602
997.00  -1.63067304   0.52692048
998.00  -1.64167318   0.52849805
999.00  -1.65268396   0.53007873
1000.00  -1.66370537   0.53166253
1001.00  -1.67473740   0.53324946
1002.00  -1.68578006   0.53483952
1003.00  -1.69683335   0.53643270
1004.00  -1.70789725   0.53802901
1005.00  -1.71897179   0.53962846
1006.00  -1.73005694   0.54123105
1007.00  -1.74115271   0.54283677
1008.00  -1.75225911   0.54444565
1009.00  -1.76337612   0.54605766
1010.00  -1.77450375   0.54767283
1011.00  -1.78564199   0.54929115
1012.00  -1.79679085   0.55091262
1013.00  -1.80795033   0.55253725
1014.00  -1.81912041   0.55416505
1015.00  -1.83030111   0.55579600
1016.00  -1.84149241   0.55743013
1017.00  -1.85269433   0.55906742
1018.00  -1.86390685   0.56070789
1019.00  -1.87512998   0.56235153
1020.00  -1.88636371   0.56399835
1021.00  -1.89760805   0.56564835
1022.00  -1.90886299   0.56730154
1023.00  -1.92012853   0.56895791
1024.00  -1.93140467   0.57061748
1025.00  -1.94269141   0.57228024
1026.00  -1.95398875   0.57394619
1027.00  -1.96529668   0.57561534
1028.00  -1.97661521   0.57728770
1029.00  -1.98794434   0.57896326
1030.00  -1.99928406   0.58064203
1031.00  -2.01063437   0.58232401
1032.00  -2.02199527   0.58400920
1033.00  -2.03336676   0.58569761
1034.00  -2.04474883   0.58738923
1035.00  -2.05614150   0.58908409
1036.00  -2.06754475   0.59078216
1037.00  -2.07895859   0.59248347
1038.00  -2.09038300   0.59418800
1039.00  -2.10181801   0.59589577
1040.00  -2.11326359   0.59760678
1041.00  -2.12471975   0.59932102
1042.00  -2.13618649   0.60103851
1043.00  -2.14766381   0.60275925
1044.00  -2.15915170   0.60448323
1045.00  -2.17065017   0.60621047
1046.00  -2.18215921   0.60794096
1047.00  -2.19367882   0.60967470
1048.00  -2.20520901   0.61141171
1049.00  -2.21674976   0.61315198
1050.00  -2.22830109   0.61489552
1051.00  -2.23986298   0.61664232
1052.00  -2.25143544   0.61839240
1053.00  -2.26301846   0.62014575
1054.00  -2.27461205   0.62190238
1055.00  -2.28621620   0.62366229
1056.00  -2.29783091   0.62542549
1057.00  -2.30945618   0.62719197
1058.00  -2.32109201   0.62896174
1059.00  -2.33273840   0.63073480
1060.00  -2.34439534   0.63251116
1061.00  -2.35606284   0.63429081
1062.00  -2.36774089   0.63607377
1063.00  -2.37942950   0.63786003
1064.00  -2.39112865   0.63964959
1065.00  -2.40283836   0.64144247
1066.00  -2.41455862   0.64323866
1067.00  -2.42628942   0.64503816
1068.00  -2.43803077   0.64684098
1069.00  -2.44978266   0.64864713
1070.00  -2.46154510   0.65045660
1071.00  -2.47331808   0.65226939
1072.00  -2.48510161   0.65408552
1073.00  -2.49689567   0.65590497
1074.00  -2.50870027   0.65772777
1075.00  -2.52051541   0.65955390
1076.00  -2.53234109   0.66138337
1077.00  -2.54417730   0.66321619
1078.00  -2.55602405   0.66505235
1079.00  -2.56788133   0.66689187
1080.00  -2.57974914   0.66873474
1081.00  -2.59162748   0.67058096
1082.00  -2.60351634   0.67243054
1083.00  -2.61541574   0.67428349
1084.00  -2.62732566   0.67613979
1085.00  -2.63924611   0.67799947
1086.00  -2.65117708   0.67986252
1087.00  -2.66311858   0.68172894
1088.00  -2.67507059   0.68359873
1089.00  -2.68703313   0.68547191
1090.00  -2.69900618   0.68734846
1091.00  -2.71098976   0.68922841
1092.00  -2.72298384   0.69111174
1093.00  -2.73498845   0.69299846
1094.00  -2.74700356   0.69488857
1095.00  -2.75902919   0.69678208
1096.00  -2.77106533   0.69867899
1097.00  -2.78311198   0.70057930
1098.00  -2.79516914   0.70248301
1099.00  -2.80723681   0.70439014
1100.00  -2.81931498   0.70630067
1101.00  -2.83140366   0.70821462
1102.00  -2.84350284   0.71013198
1103.00  -2.85561252   0.71205277
1104.00  -2.86773270   0.71397697
1105.00  -2.87986339   0.71590460
1106.00  -2.89200457   0.71783566
1107.00  -2.90415624   0.71977015
1108.00  -2.91631842   0.72170807
1109.00  -2.92849109   0.72364943
1110.00  -2.94067425   0.72559423
1111.00  -2.95286790   0.72754247
1112.00  -2.96507205   0.72949416
1113.00  -2.97728668   0.73144930
1114.00  -2.98951180   0.73340788
1115.00  -3.00174741   0.73536992
1116.00  -3.01399350   0.73733542
1117.00  -3.02625008   0.73930437
1118.00  -3.03851714   0.74127679
1119.00  -3.05079468   0.74325267
1120.00  -3.06308271   0.74523203
1121.00  -3.07538121   0.74721485
1122.00  -3.08769019   0.74920114
1123.00  -3.10000964   0.75119092
1124.00  -3.11233957   0.75318417
1125.00  -3.12467997   0.75518090
1126.00  -3.13703085   0.75718112
1127.00  -3.14939220   0.75918483
1128.00  -3.16176401   0.76119203
1129.00  -3.17414630   0.76320273
1130.00  -3.18653905   0.76521692
1131.00  -3.19894227   0.76723461
1132.00  -3.21135595   0.76925580
1133.00  -3.22378010   0.77128050
1134.00  -3.23621471   0.77330870
1135.00  -3.24865978   0.77534042
1136.00  -3.26111530   0.77737565
1137.00  -3.27358129   0.77941440
1138.00  -3.28605773   0.78145666
1139.00  -3.29854463   0.78350245
1140.00  -3.31104198   0.78555177
1141.00  -3.32354979   0.78760461
1142.00  -3.33606804   0.78966098
1143.00  -3.34859675   0.79172089
1144.00  -3.36113590   0.79378433
1145.00  -3.37368551   0.79585132
1146.00  -3.38624555   0.79792184
1147.00  -3.39881605   0.79999592
1148.00  -3.41139698   0.80207354
1149.00  -3.42398836   0.80415471
1150.00  -3.43659018   0.80623943
1151.00  -3.44920244   0.80832771
1152.00  -3.46182514   0.81041955
1153.00  -3.47445827   0.81251496
1154.00  -3.48710184   0.81461392
1155.00  -3.49975584   0.81671646
1156.00  -3.51242028   0.81882257
1157.00  -3.52509514   0.82093225
1158.00  -3.53778044   0.82304550
1159.00  -3.55047616   0.82516234
1160.00  -3.56318232   0.82728276
1161.00  -3.57589890   0.82940676
1162.00  -3.58862590   0.83153436
1163.00  -3.60136333   0.83366554
1164.00  -3.61411118   0.83580032
1165.00  -3.62686945   0.83793869
1166.00  -3.63963813   0.84008066
1167.00  -3.65241724   0.84222623
1168.00  -3.66520676   0.84437541
1169.00  -3.67800670   0.84652820
1170.00  -3.69081706   0.84868460
1171.00  -3.70363782   0.85084461
1172.00  -3.71646900   0.85300824
1173.00  -3.72931058   0.85517548
1174.00  -3.74216258   0.85734635
1175.00  -3.75502498   0.85952084
1176.00  -3.76789779   0.86169896
1177.00  -3.78078100   0.86388071
1178.00  -3.79367461   0.86606610
1179.00  -3.80657863   0.86825512
1180.00  -3.81949305   0.87044778
1181.00  -3.83241786   0.87264408
1182.00  -3.84535308   0.87484403
1183.00  -3.85829869   0.87704762
1184.00  -3.87125469   0.87925486
1185.00  -3.88422109   0.88146576
1186.00  -3.89719788   0.88368031
1187.00  -3.91018506   0.88589852
1188.00  -3.92318263   0.88812040
1189.00  -3.93619059   0.89034593
1190.00  -3.94920894   0.89257514
1191.00  -3.96223767   0.89480801
1192.00  -3.97527678   0.89704456
1193.00  -3.98832628   0.89928478
1194.00  -4.00138616   0.90152868
1195.00  -4.01445642   0.90377626
1196.00  -4.02753705   0.90602753
1197.00  -4.04062807   0.90828248
1198.00  -4.05372946   0.91054113
1199.00  -4.06684122   0.91280346
1200.00  -4.07996336   0.91506949
1201.00  -4.09309586   0.91733922
1202.00  -4.10623874   0.91961265
1203.00  -4.11939199   0.92188979
1204.00  -4.13255560   0.92417063
1205.00  -4.14572958   0.92645518
1206.00  -4.15891393   0.92874344
1207.00  -4.17210863   0.93103542
1208.00  -4.18531370   0.93333111
1209.00  -4.19852913   0.93563053
1210.00  -4.21175492   0.93793367
1211.00  -4.22499107   0.94024053
1212.00  -4.23823757   0.94255113
1213.00  -4.25149443   0.94486545
1214.00  -4.26476164   0.94718352
1215.00  -4.27803921   0.94950531
1216.00  -4.29132712   0.95183085
1217.00  -4.30462538   0.95416014
1218.00  -4.31793399   0.95649316
1219.00  -4.33125295   0.95882994
1220.00  -4.34458225   0.96117047
1221.00  -4.35792190   0.96351475
1222.00  -4.37127189   0.96586279
1223.00  -4.38463222   0.96821459
1224.00  -4.39800289   0.97057016
1225.00  -4.41138389   0.97292948
1226.00  -4.42477524   0.97529258
1227.00  -4.43817692   0.97765945
1228.00  -4.45158893   0.98003009
1229.00  -4.46501127   0.98240451
1230.00  -4.47844395   0.98478271
1231.00  -4.49188696   0.98716469
1232.00  -4.50534029   0.98955045
1233.00  -4.51880395   0.99194001
1234.00  -4.53227794   0.99433335
1235.00  -4.54576224   0.99673049
1236.00  -4.55925688   0.99913142
1237.00  -4.57276183   1.00153616
1238.00  -4.58627710   1.00394469
1239.00  -4.59980269   1.00635703
1240.00  -4.61333860   1.00877318
1241.00  -4.62688483   1.01119313
1242.00  -4.64044136   1.01361690
1243.00  -4.65400821   1.01604449
1244.00  -4.66758537   1.01847590
1245.00  -4.68117284   1.02091112
1246.00  -4.69477062   1.02335017
1247.00  -4.70837871   1.02579305
1248.00  -4.72199710   1.02823976
1249.00  -4.73562580   1.03069030
1250.00  -4.74926479   1.03314467
1251.00  -4.76291409   1.03560288
1252.00  -4.77657369   1.03806494
1253.00  -4.79024359   1.04053084
1254.00  -4.80392378   1.04300058
1255.00  -4.81761427   1.04547417
1256.00  -4.83131505   1.04795162
1257.00  -4.84502613   1.05043292
1258.00  -4.85874750   1.05291808
1259.00  -4.87247915   1.05540709
1260.00  -4.88622110   1.05789997
1261.00  -4.89997333   1.06039672
1262.00  -4.91373584   1.06289734
1263.00  -4.92750864   1.06540182
1264.00  -4.94129173   1.06791019
1265.00  -4.95508509   1.07042242
1266.00  -4.96888873   1.07293854
1267.00  -4.98270266   1.07545854
1268.00  -4.99652685   1.07798243
1269.00  -5.01036133   1.08051020
1270.00  -5.02420607   1.08304187
1271.00  -5.03806109   1.08557742
1272.00  -5.05192638   1.08811688
1273.00  -5.06580194   1.09066023
1274.00  -5.07968777   1.09320749
1275.00  -5.09358386   1.09575865
1276.00  -5.10749022   1.09831372
1277.00  -5.12140684   1.10087269
1278.00  -5.13533373   1.10343559
1279.00  -5.14927087   1.10600239
1280.00  -5.16321828   1.10857312
1281.00  -5.17717594   1.11114776
1282.00  -5.19114386   1.11372633
1283.00  -5.20512203   1.11630883
1284.00  -5.21911046   1.11889526
1285.00  -5.23310913   1.12148562
1286.00  -5.24711806   1.12407991
1287.00  -5.26113724   1.12667814
1288.00  -5.27516666   1.12928032
1289.00  -5.28920633   1.13188643
1290.00  -5.30325625   1.13449650
1291.00  -5.31731641   1.13711051
1292.00  -5.33138681   1.13972847
1293.00  -5.34546745   1.14235039
1294.00  -5.35955833   1.14497626
1295.00  -5.37365944   1.14760609
1296.00  -5.38777079   1.15023989
1297.00  -5.40189238   1.15287765
1298.00  -5.41602420   1.15551938
1299.00  -5.43016625   1.15816508
1300.00  -5.44431853   1.16081476
1301.00  -5.45848103   1.16346841
1302.00  -5.47265377   1.16612604
1303.00  -5.48683673   1.16878765
1304.00  -5.50102991   1.17145324
1305.00  -5.51523332   1.17412283
1306.00  -5.52944694   1.17679640
1307.00  -5.54367079   1.17947397
1308.00  -5.55790485   1.18215553
1309.00  -5.57214913   1.18484109
1310.00  -5.58640363   1.18753065
1311.00  -5.60066834   1.19022422
1312.00  -5.61494326   1.19292179
1313.00  -5.62922839   1.19562337
1314.00  -5.64352373   1.19832896
1315.00  -5.65782927   1.20103857
1316.00  -5.67214503   1.20375220
1317.00  -5.68647098   1.20646984
1318.00  -5.70080715   1.20919151
1319.00  -5.71515351   1.21191721
1320.00  -5.72951007   1.21464693
1321.00  -5.74387683   1.21738068
1322.00  -5.75825379   1.22011847
1323.00  -5.77264094   1.22286030
1324.00  -5.78703829   1.22560616
1325.00  -5.80144583   1.22835607
1326.00  -5.81586356   1.23111002
1327.00  -5.83029148   1.23386802
1328.00  -5.84472958   1.23663006
1329.00  -5.85917788   1.23939617
1330.00  -5.87363636   1.24216632
1331.00  -5.88810502   1.24494054
1332.00  -5.90258386   1.24771882
1333.00  -5.91707289   1.25050116
1334.00  -5.93157209   1.25328757
1335.00  -5.94608147   1.25607804
1336.00  -5.96060103   1.25887259
1337.00  -5.97513076   1.26167122
1338.00  -5.98967066   1.26447392
1339.00  -6.00422074   1.26728070
1340.00  -6.01878098   1.27009157
1341.00  -6.03335139   1.27290652
1342.00  -6.04793197   1.27572556
1343.00  -6.06252272   1.27854869
1344.00  -6.07712363   1.28137591
1345.00  -6.09173470   1.28420723
1346.00  -6.10635593   1.28704265
1347.00  -6.12098732   1.28988218
1348.00  -6.13562887   1.29272580
1349.00  -6.15028057   1.29557354
1350.00  -6.16494243   1.29842538
1351.00  -6.17961444   1.30128134
1352.00  -6.19429660   1.30414142
1353.00  -6.20898892   1.30700561
1354.00  -6.22369138   1.30987392
1355.00  -6.23840399   1.31274636
1356.00  -6.25312674   1.31562292
1357.00  -6.26785964   1.31850361
1358.00  -6.28260268   1.32138844
1359.00  -6.29735586   1.32427739
1360.00  -6.31211918   1.32717049
1361.00  -6.32689264   1.33006773
1362.00  -6.34167623   1.33296911
1363.00  -6.35646996   1.33587463
1364.00  -6.37127382   1.33878430
1365.00  -6.38608781   1.34169812
1366.00  -6.40091193   1.34461610
1367.00  -6.41574618   1.34753823
1368.00  -6.43059056   1.35046453
1369.00  -6.44544507   1.35339498
1370.00  -6.46030969   1.35632960
1371.00  -6.47518444   1.35926838
1372.00  -6.49006931   1.36221134
1373.00  -6.50496430   1.36515846
1374.00  -6.51986941   1.36810976
1375.00  -6.53478463   1.37106524
1376.00  -6.54970997   1.37402490
1377.00  -6.56464542   1.37698875
1378.00  -6.57959098   1.37995678
1379.00  -6.59454665   1.38292900
1380.00  -6.60951243   1.38590540
1381.00  -6.62448832   1.38888601
1382.00  -6.63947431   1.39187081
1383.00  -6.65447040   1.39485981
1384.00  -6.66947660   1.39785301
1385.00  -6.68449290   1.40085041
1386.00  -6.69951929   1.40385203
1387.00  -6.71455579   1.40685785
1388.00  -6.72960238   1.40986789
1389.00  -6.74465906   1.41288214
1390.00  -6.75972584   1.41590061
1391.00  -6.77480270   1.41892330
1392.00  -6.78988966   1.42195022
1393.00  -6.80498671   1.42498136
1394.00  -6.82009384   1.42801673
1395.00  -6.83521105   1.43105633
1396.00  -6.85033835   1.43410016
1397.00  -6.86547573   1.43714824
1398.00  -6.88062320   1.44020055
1399.00  -6.89578074   1.44325710
1400.00  -6.91094835   1.44631790
1401.00  -6.92612604   1.44938295
1402.00  -6.94131381   1.45245225
1403.00  -6.95651165   1.45552580
1404.00  -6.97171956   1.45860360
1405.00  -6.98693753   1.46168567
1406.00  -7.00216558   1.46477200
1407.00  -7.01740369   1.46786258
1408.00  -7.03265187   1.47095744
1409.00  -7.04791010   1.47405657
1410.00  -7.06317840   1.47715996
1411.00  -7.07845676   1.48026763
1412.00  -7.09374518   1.48337958
1413.00  -7.10904365   1.48649581
1414.00  -7.12435218   1.48961632
1415.00  -7.13967076   1.49274112
1416.00  -7.15499940   1.49587020
1417.00  -7.17033808   1.49900357
1418.00  -7.18568681   1.50214124
1419.00  -7.20104559   1.50528320
1420.00  -7.21641441   1.50842946
1421.00  -7.23179328   1.51158003
1422.00  -7.24718219   1.51473489
1423.00  -7.26258114   1.51789406
1424.00  -7.27799013   1.52105755
1425.00  -7.29340915   1.52422534
1426.00  -7.30883821   1.52739745
1427.00  -7.32427731   1.53057387
1428.00  -7.33972644   1.53375461
1429.00  -7.35518560   1.53693968
1430.00  -7.37065479   1.54012907
1431.00  -7.38613400   1.54332279
1432.00  -7.40162324   1.54652084
1433.00  -7.41712251   1.54972322
1434.00  -7.43263180   1.55292994
1435.00  -7.44815111   1.55614100
1436.00  -7.46368044   1.55935640
1437.00  -7.47921979   1.56257614
1438.00  -7.49476916   1.56580023
1439.00  -7.51032853   1.56902866
1440.00  -7.52589793   1.57226145
1441.00  -7.54147733   1.57549859
1442.00  -7.55706675   1.57874009
1443.00  -7.57266617   1.58198595
1444.00  -7.58827560   1.58523617
1445.00  -7.60389503   1.58849075
1446.00  -7.61952447   1.59174971
1447.00  -7.63516391   1.59501303
1448.00  -7.65081335   1.59828072
1449.00  -7.66647279   1.60155280
1450.00  -7.68214223   1.60482924
1451.00  -7.69782166   1.60811007
1452.00  -7.71351109   1.61139529
1453.00  -7.72921050   1.61468489
1454.00  -7.74491991   1.61797887
1455.00  -7.76063931   1.62127725
1456.00  -7.77636869   1.62458002
1457.00  -7.79210806   1.62788719
1458.00  -7.80785742   1.63119876
1459.00  -7.82361675   1.63451473
1460.00  -7.83938607   1.63783510
1461.00  -7.85516537   1.64115988
1462.00  -7.87095464   1.64448908
1463.00  -7.88675389   1.64782268
1464.00  -7.90256312   1.65116070
1465.00  -7.91838231   1.65450313
1466.00  -7.93421148   1.65784999
1467.00  -7.95005062   1.66120127
1468.00  -7.96589972   1.66455697
1469.00  -7.98175880   1.66791710
1470.00  -7.99762783   1.67128166
1471.00  -8.01350683   1.67465066
1472.00  -8.02939579   1.67802409
1473.00  -8.04529471   1.68140196
1474.00  -8.06120359   1.68478427
1475.00  -8.07712242   1.68817103
1476.00  -8.09305121   1.69156223
1477.00  -8.10898995   1.69495788
1478.00  -8.12493864   1.69835798
1479.00  -8.14089728   1.70176254
1480.00  -8.15686587   1.70517155
1481.00  -8.17284441   1.70858503
1482.00  -8.18883289   1.71200296
1483.00  -8.20483131   1.71542536
1484.00  -8.22083968   1.71885223
1485.00  -8.23685798   1.72228357
1486.00  -8.25288623   1.72571938
1487.00  -8.26892441   1.72915966
1488.00  -8.28497252   1.73260442
1489.00  -8.30103057   1.73605367
1490.00  -8.31709855   1.73950739
1491.00  -8.33317646   1.74296561
1492.00  -8.34926429   1.74642831
1493.00  -8.36536206   1.74989550
1494.00  -8.38146975   1.75336718
1495.00  -8.39758736   1.75684337
1496.00  -8.41371489   1.76032404
1497.00  -8.42985234   1.76380923
1498.00  -8.44599972   1.76729891
1499.00  -8.46215700   1.77079310
1500.00  -8.47832421   1.77429180
1501.00  -8.49450132   1.77779502
1502.00  -8.51068835   1.78130274
1503.00  -8.52688529   1.78481499
1504.00  -8.54309213   1.78833175
1505.00  -8.55930889   1.79185303
1506.00  -8.57553554   1.79537884
1507.00  -8.59177210   1.79890918
1508.00  -8.60801857   1.80244405
1509.00  -8.62427493   1.80598345
1510.00  -8.64054119   1.80952738
1511.00  -8.65681734   1.81307586
1512.00  -8.67310340   1.81662887
1513.00  -8.68939934   1.82018643
1514.00  -8.70570518   1.82374853
1515.00  -8.72202090   1.82731518
1516.00  -8.73834652   1.83088638
1517.00  -8.75468202   1.83446213
1518.00  -8.77102740   1.83804244
1519.00  -8.78738267   1.84162731
1520.00  -8.80374782   1.84521674
1521.00  -8.82012285   1.84881073
1522.00  -8.83650775   1.85240929
1523.00  -8.85290254   1.85601242
1524.00  -8.86930720   1.85962012
1525.00  -8.88572173   1.86323239
1526.00  -8.90214613   1.86684924
1527.00  -8.91858040   1.87047067
1528.00  -8.93502454   1.87409668
1529.00  -8.95147855   1.87772728
1530.00  -8.96794242   1.88136246
1531.00  -8.98441615   1.88500223
1532.00  -9.00089975   1.88864659
1533.00  -9.01739320   1.89229555
1534.00  -9.03389651   1.89594911
1535.00  -9.05040968   1.89960726
1536.00  -9.06693270   1.90327002
1537.00  -9.08346558   1.90693738
1538.00  -9.10000830   1.91060935
1539.00  -9.11656088   1.91428593
1540.00  -9.13312330   1.91796712
1541.00  -9.14969557   1.92165293
1542.00  -9.16627768   1.92534336
1543.00  -9.18286964   1.92903840
1544.00  -9.19947143   1.93273807
1545.00  -9.21608307   1.93644237
1546.00  -9.23270454   1.94015129
1547.00  -9.24933585   1.94386484
1548.00  -9.26597699   1.94758303
1549.00  -9.28262797   1.95130585
1550.00  -9.29928877   1.95503331
1551.00  -9.31595940   1.95876542
1552.00  -9.33263986   1.96250216
1553.00  -9.34933015   1.96624355
1554.00  -9.36603026   1.96998959
1555.00  -9.38274019   1.97374028
1556.00  -9.39945994   1.97749563
1557.00  -9.41618951   1.98125563
1558.00  -9.43292890   1.98502029
1559.00  -9.44967810   1.98878961
1560.00  -9.46643712   1.99256360
1561.00  -9.48320594   1.99634225
1562.00  -9.49998458   2.00012557
1563.00  -9.51677302   2.00391356
1564.00  -9.53357128   2.00770623
1565.00  -9.55037933   2.01150357
1566.00  -9.56719719   2.01530560
1567.00  -9.58402485   2.01911230
1568.00  -9.60086231   2.02292369
1569.00  -9.61770957   2.02673977
1570.00  -9.63456663   2.03056053
1571.00  -9.65143347   2.03438599
1572.00  -9.66831012   2.03821614
1573.00  -9.68519655   2.04205099
1574.00  -9.70209277   2.04589054
1575.00  -9.71899878   2.04973479
1576.00  -9.73591457   2.05358375
1577.00  -9.75284015   2.05743741
1578.00  -9.76977551   2.06129579
1579.00  -9.78672066   2.06515887
1580.00  -9.80367558   2.06902667
1581.00  -9.82064027   2.07289919
1582.00  -9.83761475   2.07677643
1583.00  -9.85459899   2.08065839
1584.00  -9.87159301   2.08454508
1585.00  -9.88859680   2.08843649
1586.00  -9.90561036   2.09233263
1587.00  -9.92263368   2.09623351
1588.00  -9.93966677   2.10013912
1589.00  -9.95670962   2.10404947
1590.00  -9.97376224   2.10796456
1591.00  -9.99082461   2.11188440
1592.00 -10.00789674   2.11580897
1593.00 -10.02497863   2.11973830
1594.00 -10.04207027   2.12367238
1595.00 -10.05917166   2.12761121
1596.00 -10.07628281   2.13155479
1597.00 -10.09340370   2.13550314
1598.00 -10.11053435   2.13945624
1599.00 -10.12767473   2.14341411
1600.00 -10.14482487   2.14737674
1601.00 -10.16198474   2.15134414
1602.00 -10.17915435   2.15531631
1603.00 -10.19633371   2.15929326
1604.00 -10.21352280   2.16327498
1605.00 -10.23072162   2.16726148
1606.00 -10.24793018   2.17125276
1607.00 -10.26514847   2.17524882
1608.00 -10.28237649   2.17924967
1609.00 -10.29961424   2.18325530
1610.00 -10.31686172   2.18726573
1611.00 -10.33411892   2.19128095
1612.00 -10.35138584   2.19530097
1613.00 -10.36866248   2.19932579
1614.00 -10.38594884   2.20335540
1615.00 -10.40324492   2.20738982
1616.00 -10.42055072   2.21142905
1617.00 -10.43786623   2.21547308
1618.00 -10.45519145   2.21952193
1619.00 -10.47252639   2.22357559
1620.00 -10.48987103   2.22763406
1621.00 -10.50722538   2.23169735
1622.00 -10.52458943   2.23576547
1623.00 -10.54196319   2.23983841
1624.00 -10.55934665   2.24391617
1625.00 -10.57673981   2.24799876
1626.00 -10.59414266   2.25208619
1627.00 -10.61155522   2.25617844
1628.00 -10.62897747   2.26027554
1629.00 -10.64640941   2.26437747
1630.00 -10.66385104   2.26848424
1631.00 -10.68130236   2.27259586
1632.00 -10.69876337   2.27671232
1633.00 -10.71623406   2.28083363
1634.00 -10.73371444   2.28495979
1635.00 -10.75120450   2.28909081
1636.00 -10.76870424   2.29322668
1637.00 -10.78621366   2.29736741
1638.00 -10.80373276   2.30151300
1639.00 -10.82126153   2.30566345
1640.00 -10.83879997   2.30981877
1641.00 -10.85634809   2.31397896
1642.00 -10.87390587   2.31814402
1643.00 -10.89147333   2.32231396
1644.00 -10.90905044   2.32648876
1645.00 -10.92663723   2.33066845
1646.00 -10.94423367   2.33485302
1647.00 -10.96183978   2.33904247
1648.00 -10.97945555   2.34323681
1649.00 -10.99708097   2.34743604
1650.00 -11.01471605   2.35164016
1651.00 -11.03236078   2.35584917
1652.00 -11.05001516   2.36006307
1653.00 -11.06767919   2.36428188
1654.00 -11.08535287   2.36850559
1655.00 -11.10303620   2.37273419
1656.00 -11.12072917   2.37696771
1657.00 -11.13843179   2.38120613
1658.00 -11.15614404   2.38544947
1659.00 -11.17386594   2.38969772
1660.00 -11.19159747   2.39395088
1661.00 -11.20933864   2.39820896
1662.00 -11.22708944   2.40247196
1663.00 -11.24484987   2.40673989
1664.00 -11.26261994   2.41101274
1665.00 -11.28039963   2.41529052
1666.00 -11.29818895   2.41957323
1667.00 -11.31598789   2.42386087
1668.00 -11.33379646   2.42815345
1669.00 -11.35161464   2.43245096
1670.00 -11.36944245   2.43675342
1671.00 -11.38727987   2.44106082
1672.00 -11.40512691   2.44537317
1673.00 -11.42298357   2.44969046
1674.00 -11.44084983   2.45401270
1675.00 -11.45872571   2.45833990
1676.00 -11.47661119   2.46267205
1677.00 -11.49450628   2.46700916
1678.00 -11.51241098   2.47135123
1679.00 -11.53032527   2.47569826
1680.00 -11.54824917   2.48005025
1681.00 -11.56618267   2.48440722
1682.00 -11.58412577   2.48876915
1683.00 -11.60207846   2.49313606
1684.00 -11.62004074   2.49750794
1685.00 -11.63801262   2.50188480
1686.00 -11.65599409   2.50626664
1687.00 -11.67398515   2.51065346
1688.00 -11.69198579   2.51504527
1689.00 -11.70999602   2.51944206
1690.00 -11.72801583   2.52384385
1691.00 -11.74604522   2.52825062
1692.00 -11.76408419   2.53266239
1693.00 -11.78213274   2.53707916
1694.00 -11.80019086   2.54150092
1695.00 -11.81825856   2.54592769
1696.00 -11.83633583   2.55035946
1697.00 -11.85442267   2.55479624
1698.00 -11.87251907   2.55923803
1699.00 -11.89062505   2.56368483
1700.00 -11.90874059   2.56813665
1701.00 -11.92686569   2.57259348
1702.00 -11.94500035   2.57705533
1703.00 -11.96314457   2.58152220
1704.00 -11.98129835   2.58599410
1705.00 -11.99946169   2.59047102
1706.00 -12.01763457   2.59495297
1707.00 -12.03581701   2.59943995
1708.00 -12.05400900   2.60393197
1709.00 -12.07221054   2.60842902
1710.00 -12.09042162   2.61293111
1711.00 -12.10864225   2.61743824
1712.00 -12.12687242   2.62195041
1713.00 -12.14511214   2.62646763
1714.00 -12.16336139   2.63098990
1715.00 -12.18162017   2.63551722
1716.00 -12.19988850   2.64004960
1717.00 -12.21816635   2.64458702
1718.00 -12.23645374   2.64912951
1719.00 -12.25475066   2.65367706
1720.00 -12.27305710   2.65822967
1721.00 -12.29137307   2.66278734
1722.00 -12.30969857   2.66735008
1723.00 -12.32803358   2.67191790
1724.00 -12.34637812   2.67649078
1725.00 -12.36473217   2.68106874
1726.00 -12.38309575   2.68565178
1727.00 -12.40146883   2.69023990
1728.00 -12.41985143   2.69483310
1729.00 -12.43824354   2.69943138
1730.00 -12.45664517   2.70403476
1731.00 -12.47505629   2.70864322
1732.00 -12.49347693   2.71325677
1733.00 -12.51190706   2.71787542
1734.00 -12.53034670   2.72249916
1735.00 -12.54879584   2.72712800
1736.00 -12.56725448   2.73176195
1737.00 -12.58572261   2.73640100
1738.00 -12.60420024   2.74104515
1739.00 -12.62268736   2.74569442
1740.00 -12.64118397   2.75034879
1741.00 -12.65969006   2.75500828
1742.00 -12.67820565   2.75967289
1743.00 -12.69673072   2.76434261
1744.00 -12.71526528   2.76901746
1745.00 -12.73380931   2.77369743
1746.00 -12.75236283   2.77838252
1747.00 -12.77092582   2.78307274
1748.00 -12.78949828   2.78776809
1749.00 -12.80808023   2.79246858
1750.00 -12.82667164   2.79717420
1751.00 -12.84527252   2.80188496
1752.00 -12.86388287   2.80660086
1753.00 -12.88250269   2.81132190
1754.00 -12.90113197   2.81604808
1755.00 -12.91977072   2.82077942
1756.00 -12.93841892   2.82551590
1757.00 -12.95707659   2.83025754
1758.00 -12.97574371   2.83500432
1759.00 -12.99442029   2.83975627
1760.00 -13.01310632   2.84451338
1761.00 -13.03180180   2.84927564
1762.00 -13.05050673   2.85404308
1763.00 -13.06922110   2.85881567
1764.00 -13.08794493   2.86359344
1765.00 -13.10667819   2.86837638
1766.00 -13.12542090   2.87316449
1767.00 -13.14417305   2.87795778
1768.00 -13.16293464   2.88275624
1769.00 -13.18170566   2.88755989
1770.00 -13.20048611   2.89236872
1771.00 -13.21927600   2.89718274
1772.00 -13.23807532   2.90200194
1773.00 -13.25688407   2.90682634
1774.00 -13.27570225   2.91165592
1775.00 -13.29452985   2.91649070
1776.00 -13.31336687   2.92133068
1777.00 -13.33221331   2.92617586
1778.00 -13.35106918   2.93102624
1779.00 -13.36993446   2.93588183
1780.00 -13.38880915   2.94074262
1781.00 -13.40769326   2.94560863
1782.00 -13.42658678   2.95047984
1783.00 -13.44548971   2.95535627
1784.00 -13.46440205   2.96023791
1785.00 -13.48332379   2.96512478
1786.00 -13.50225494   2.97001686
1787.00 -13.52119549   2.97491417
1788.00 -13.54014544   2.97981671
1789.00 -13.55910479   2.98472447
1790.00 -13.57807353   2.98963746
1791.00 -13.59705167   2.99455569
1792.00 -13.61603920   2.99947915
1793.00 -13.63503613   3.00440785
1794.00 -13.65404244   3.00934179
1795.00 -13.67305813   3.01428098
1796.00 -13.69208322   3.01922540
1797.00 -13.71111768   3.02417508
1798.00 -13.73016153   3.02913000
1799.00 -13.74921476   3.03409018
1800.00 -13.76827736   3.03905561
1801.00 -13.78734934   3.04402630
1802.00 -13.80643069   3.04900225
1803.00 -13.82552141   3.05398345
1804.00 -13.84462150   3.05896993
1805.00 -13.86373097   3.06396166
1806.00 -13.88284979   3.06895867
1807.00 -13.90197798   3.07396095
1808.00 -13.92111553   3.07896850
1809.00 -13.94026245   3.08398133
1810.00 -13.95941872   3.08899943
1811.00 -13.97858434   3.09402281
1812.00 -13.99775932   3.09905148
1813.00 -14.01694366   3.10408543
1814.00 -14.03613734   3.10912467
1815.00 -14.05534037   3.11416920
1816.00 -14.07455275   3.11921902
1817.00 -14.09377447   3.12427414
1818.00 -14.11300554   3.12933455
1819.00 -14.13224595   3.13440026
1820.00 -14.15149569   3.13947128
1821.00 -14.17075477   3.14454759
1822.00 -14.19002319   3.14962921
1823.00 -14.20930094   3.15471615
1824.00 -14.22858802   3.15980839
1825.00 -14.24788444   3.16490594
1826.00 -14.26719017   3.17000881
1827.00 -14.28650524   3.17511700
1828.00 -14.30582962   3.18023051
1829.00 -14.32516333   3.18534934
1830.00 -14.34450636   3.19047349
1831.00 -14.36385871   3.19560298
1832.00 -14.38322037   3.20073779
1833.00 -14.40259134   3.20587793
1834.00 -14.42197163   3.21102341
1835.00 -14.44136123   3.21617422
1836.00 -14.46076013   3.22133037
1837.00 -14.48016834   3.22649187
1838.00 -14.49958586   3.23165871
1839.00 -14.51901268   3.23683089
1840.00 -14.53844879   3.24200842
1841.00 -14.55789421   3.24719130
1842.00 -14.57734892   3.25237953
1843.00 -14.59681293   3.25757312
1844.00 -14.61628622   3.26277207
1845.00 -14.63576881   3.26797638
1846.00 -14.65526069   3.27318604
1847.00 -14.67476185   3.27840108
1848.00 -14.69427230   3.28362148
1849.00 -14.71379203   3.28884724
1850.00 -14.73332105   3.29407838
1851.00 -14.75285934   3.29931490
1852.00 -14.77240691   3.30455678
1853.00 -14.79196375   3.30980405
1854.00 -14.81152986   3.31505670
1855.00 -14.83110525   3.32031473
1856.00 -14.85068991   3.32557814
1857.00 -14.87028383   3.33084695
1858.00 -14.88988702   3.33612114
1859.00 -14.90949947   3.34140072
1860.00 -14.92912118   3.34668570
1861.00 -14.94875215   3.35197608
1862.00 -14.96839238   3.35727185
1863.00 -14.98804186   3.36257303
1864.00 -15.00770060   3.36787961
1865.00 -15.02736859   3.37319160
1866.00 -15.04704583   3.37850899
1867.00 -15.06673231   3.38383179
1868.00 -15.08642804   3.38916001
1869.00 -15.10613302   3.39449364
1870.00 -15.12584723   3.39983269
1871.00 -15.14557069   3.40517716
1872.00 -15.16530338   3.41052705
1873.00 -15.18504531   3.41588237
1874.00 -15.20479648   3.42124311
1875.00 -15.22455687   3.42660928
1876.00 -15.24432650   3.43198088
1877.00 -15.26410535   3.43735792
1878.00 -15.28389343   3.44274039
1879.00 -15.30369073   3.44812830
1880.00 -15.32349725   3.45352165
1881.00 -15.34331300   3.45892044
1882.00 -15.36313796   3.46432468
1883.00 -15.38297214   3.46973437
1884.00 -15.40281553   3.47514950
1885.00 -15.42266813   3.48057009
1886.00 -15.44252995   3.48599613
1887.00 -15.46240097   3.49142762
1888.00 -15.48228120   3.49686458
1889.00 -15.50217063   3.50230699
1890.00 -15.52206927   3.50775487
1891.00 -15.54197710   3.51320822
1892.00 -15.56189413   3.51866703
1893.00 -15.58182036   3.52413131
1894.00 -15.60175579   3.52960107
1895.00 -15.62170040   3.53507630
1896.00 -15.64165421   3.54055700
1897.00 -15.66161721   3.54604319
1898.00 -15.68158939   3.55153486
1899.00 -15.70157075   3.55703201
1900.00 -15.72156130   3.56253464
1901.00 -15.74156103   3.56804277
1902.00 -15.76156994   3.57355638
1903.00 -15.78158802   3.57907549
1904.00 -15.80161528   3.58460010
1905.00 -15.82165171   3.59013020
1906.00 -15.84169731   3.59566580
1907.00 -15.86175207   3.60120690
1908.00 -15.88181601   3.60675350
1909.00 -15.90188911   3.61230562
1910.00 -15.92197137   3.61786324
1911.00 -15.94206279   3.62342637
1912.00 -15.96216338   3.62899501
1913.00 -15.98227311   3.63456918
1914.00 -16.00239201   3.64014885
1915.00 -16.02252005   3.64573405
1916.00 -16.04265725   3.65132477
1917.00 -16.06280359   3.65692102
1918.00 -16.08295908   3.66252279
1919.00 -16.10312371   3.66813009
1920.00 -16.12329749   3.67374292
1921.00 -16.14348041   3.67936129
1922.00 -16.16367247   3.68498519
1923.00 -16.18387366   3.69061463
1924.00 -16.20408399   3.69624961
1925.00 -16.22430345   3.70189013
1926.00 -16.24453204   3.70753620
1927.00 -16.26476976   3.71318781
1928.00 -16.28501660   3.71884497
1929.00 -16.30527257   3.72450769
1930.00 -16.32553766   3.73017596
1931.00 -16.34581188   3.73584978
1932.00 -16.36609521   3.74152916
1933.00 -16.38638766   3.74721410
1934.00 -16.40668922   3.75290461
1935.00 -16.42699990   3.75860068
1936.00 -16.44731968   3.76430232
1937.00 -16.46764857   3.77000953
1938.00 -16.48798657   3.77572230
1939.00 -16.50833368   3.78144066
1940.00 -16.52868989   3.78716459
1941.00 -16.54905519   3.79289409
1942.00 -16.56942960   3.79862918
1943.00 -16.58981310   3.80436985
1944.00 -16.61020570   3.81011611
1945.00 -16.63060739   3.81586795
1946.00 -16.65101817   3.82162538
1947.00 -16.67143803   3.82738841
1948.00 -16.69186699   3.83315703
1949.00 -16.71230503   3.83893124
1950.00 -16.73275215   3.84471105
1951.00 -16.75320835   3.85049647
1952.00 -16.77367363   3.85628749
1953.00 -16.79414798   3.86208411
1954.00 -16.81463141   3.86788634
1955.00 -16.83512391   3.87369418
1956.00 -16.85562548   3.87950763
1957.00 -16.87613612   3.88532669
1958.00 -16.89665583   3.89115137
1959.00 -16.91718460   3.89698167
1960.00 -16.93772243   3.90281759
1961.00 -16.95826932   3.90865913
1962.00 -16.97882527   3.91450630
1963.00 -16.99939028   3.92035910
1964.00 -17.01996434   3.92621752
1965.00 -17.04054745   3.93208158
1966.00 -17.06113961   3.93795127
1967.00 -17.08174082   3.94382660
1968.00 -17.10235107   3.94970756
1969.00 -17.12297037   3.95559417
1970.00 -17.14359871   3.96148642
1971.00 -17.16423609   3.96738431
1972.00 -17.18488251   3.97328785
1973.00 -17.20553796   3.97919705
1974.00 -17.22620245   3.98511189
1975.00 -17.24687597   3.99103238
1976.00 -17.26755851   3.99695854
1977.00 -17.28825009   4.00289035
1978.00 -17.30895069   4.00882782
1979.00 -17.32966031   4.01477095
1980.00 -17.35037896   4.02071975
1981.00 -17.37110662   4.02667422
1982.00 -17.39184330   4.03263435
1983.00 -17.41258900   4.03860016
1984.00 -17.43334371   4.04457164
1985.00 -17.45410743   4.05054879
1986.00 -17.47488016   4.05653163
1987.00 -17.49566190   4.06252014
1988.00 -17.51645264   4.06851434
1989.00 -17.53725239   4.07451422
1990.00 -17.55806114   4.08051979
1991.00 -17.57887888   4.08653105
1992.00 -17.59970562   4.09254800
1993.00 -17.62054136   4.09857064
1994.00 -17.64138609   4.10459898
1995.00 -17.66223981   4.11063301
1996.00 -17.68310252   4.11667275
1997.00 -17.70397421   4.12271819
1998.00 -17.72485489   4.12876933
1999.00 -17.74574456   4.13482618
2000.00 -17.76664320   4.14088873
