Polysilicon 10% doped Sopra_Database
190.746433 -6.21998031471 4.45185846497
192.225087 -6.34773418281 4.60786868707
193.726846 -6.47374225317 4.77026995355
195.252254 -6.597433104 4.9381458694
196.801875 -6.71132313828 5.10614200105
198.37629 -6.80417468827 5.2662513269
199.976099 -6.88572252942 5.4238715385
201.601921 -6.95647566644 5.57853057877
203.254396 -7.03393237687 5.74091651565
204.934184 -7.15499267317 5.9379022211
206.641969 -7.26412290283 6.1236085331
208.378456 -7.28317408802 6.22519278937
210.144375 -7.31211933157 6.34085144797
211.940481 -7.41356707207 6.53507986534
213.767554 -7.55691578419 6.78408300214
215.626402 -7.69511666986 7.01397809769
217.517862 -7.83740281645 7.21848657046
219.442799 -8.02496984348 7.54683717021
221.402109 -8.22704210181 7.8396645009
223.396723 -8.41493724212 8.21251080088
225.427602 -8.57403453148 8.64146489427
227.495745 -8.6706916314 9.13427095872
229.602188 -8.63487971472 9.62086635215
231.748002 -8.46641349421 10.041783041
233.934304 -8.27909013433 10.2792472125
236.16225 -8.19964101184 10.3537806623
238.433041 -8.26945858991 10.4039064413
240.747925 -8.47326809686 10.466757671
243.108199 -8.77766251144 10.5763394498
245.51521 -9.1613684544 10.7658350198
247.970363 -9.62298228552 11.0265245458
250.475114 -10.1405743911 11.3797018601
253.030982 -10.728758446 11.8029457721
255.639549 -11.3728766904 12.3393609554
258.302461 -12.1000946893 12.9780081028
261.021434 -12.9379271983 13.7570534873
263.798258 -13.9104313778 14.7638335398
266.634798 -15.042060359 16.0988870984
269.533003 -16.2371797258 17.9594555171
272.494904 -17.2541091687 20.4527814727
275.522625 -17.7827974066 23.5631410234
278.618385 -17.4723463774 28.4938729841
281.784503 -16.8264303865 30.9692120078
285.023405 -15.1881818873 35.3601945345
288.337631 -11.2104098325 40.3490890804
291.729838 -4.40942625084 42.7633045706
295.202813 1.60732730938 41.6075868363
298.759473 5.39827450541 39.3301139522
302.402881 7.79222597991 37.1386995104
306.13625 9.34504106056 35.298505876
309.962953 10.4558487708 33.8322768681
313.886535 11.3792100366 32.732888949
317.910721 12.1630951441 31.8973615181
322.039432 12.9290817713 31.2863589889
326.276793 13.7375963916 30.8377399433
330.62715 14.5719453666 30.513482572
335.095085 15.4375106466 30.3108990712
339.685428 16.3296889538 30.2667681286
344.403281 17.3112723663 30.4593172632
349.254032 18.4937092308 31.0720412933
354.243375 20.3915103597 32.3936520335
359.377337 24.35019633 34.3448671911
364.662298 31.7854683644 33.7526350196
370.105019 38.2459814509 27.1240923815
375.712671 37.8787757359 19.7345619272
381.492866 36.6549934616 12.8335878332
387.453692 34.362176913 9.95517160508
393.60375 31.1775507804 7.56277423199
399.952198 29.4015904204 6.1469803957
406.508791 27.6281172938 5.41609986547
413.283938 26.1978961309 4.63570519102
420.28875 25.0107310575 4.08084316243
427.535108 24.002374973 3.66846160956
435.035724 23.0902033829 3.30261031464
442.804219 22.2804439715 2.98370547173
450.855205 21.5553080059 2.68111623562
459.204375 20.9033710171 2.40010837849
467.868609 20.3121223394 2.13208330749
476.866082 19.7730290501 1.89348557976
486.216397 19.2739132409 1.69770941382
495.940725 18.8117207055 1.53214095935
506.061964 18.3800895968 1.3947428953
516.604922 17.977132894 1.27099426368
527.596516 17.6007048586 1.14375248145
539.066006 17.247048801 1.02159543485
551.04525 16.9154805946 0.908190119706
563.569006 16.5947092832 0.802372601225
576.675262 16.2836368656 0.711759849671
590.405625 16.0029309476 0.63930574385
604.805762 15.7474788588 0.575264799984
619.925906 15.5045191725 0.511815725814
635.821443 15.2722406135 0.449247456118
652.553586 15.0479405479 0.389914263205
670.190169 14.8340058268 0.336723137382
688.806563 14.6341520803 0.291703669872
708.48675 14.4492978663 0.253116131577
729.324596 14.2745941903 0.217471319702
751.425341 14.1085836385 0.183638391686
774.907383 13.9498759379 0.15103886801
799.904395 13.7877418267 0.119964409564
826.567875 13.6200043347 0.0940471968652
855.070216 13.4484253625 0.0756919434269
885.608438 13.2866388214 0.054975474379
918.40875 13.1531439257 0.0318770547575
953.732164 13.0337097896 0.0198274440738
991.88145 12.9157660644 0.0178010461633
1033.20984 12.8066964383 0.013575675695
1078.13201 12.7027993351 0.0109197079008
1127.13801 12.6032207639 0.0131813512209
1180.81125 12.5075585286 0.0106122351097
1239.85181 12.4107598957 0.00739694377488
1305.10717 12.3164990032 0.0
1377.61313 12.2333806406 0.0
1458.64919 12.1600895854 0.0
1549.81477 12.0879365864 0.0
1653.13575 12.0209002917 0.0
1771.21688 11.9615601884 0.00690686138667
1907.46433 11.912838444 0.0
2066.41969 11.8775961613 0.00681647977248
2254.27602 11.8739373562 0.0
2479.70363 11.8781623538 0.0
